epoch,batch,train_batch_loss
0,0,0.6763604879379272
0,1,0.6392124891281128
0,2,0.7967237234115601
0,3,0.7119321823120117
0,4,0.709476113319397
0,5,0.6765915155410767
0,6,0.7409630417823792
0,7,0.6759210824966431
0,8,0.648950457572937
0,9,0.7297253012657166
0,10,0.7269241213798523
0,11,0.7230507135391235
0,12,0.6984745264053345
0,13,0.6966367363929749
0,14,0.6800022721290588
0,15,0.7098113894462585
0,16,0.6834263205528259
0,17,0.7159427404403687
0,18,0.6845923662185669
0,19,0.7026768326759338
1,0,0.7064515352249146
1,1,0.7053164839744568
1,2,0.6851589679718018
1,3,0.6907663941383362
1,4,0.6953769326210022
1,5,0.6944052577018738
1,6,0.6886814832687378
1,7,0.6954692602157593
1,8,0.6886957883834839
1,9,0.7027387022972107
1,10,0.6972642540931702
1,11,0.7020503282546997
1,12,0.6830697059631348
1,13,0.6991395950317383
1,14,0.6868294477462769
1,15,0.6902701258659363
1,16,0.6941038370132446
1,17,0.6914523839950562
1,18,0.6902140378952026
1,19,0.6910322308540344
2,0,0.6910558342933655
2,1,0.6898611783981323
2,2,0.695325493812561
2,3,0.6908196210861206
2,4,0.6920245289802551
2,5,0.6909388303756714
2,6,0.6935318112373352
2,7,0.6918832659721375
2,8,0.6987115740776062
2,9,0.697640061378479
2,10,0.6902978420257568
2,11,0.6889966130256653
2,12,0.6917353868484497
2,13,0.6887502074241638
2,14,0.6912695169448853
2,15,0.6896636486053467
2,16,0.6889188289642334
2,17,0.6898903250694275
2,18,0.6915425062179565
2,19,0.6870280504226685
3,0,0.6869159936904907
3,1,0.6881164908409119
3,2,0.6863875389099121
3,3,0.6870255470275879
3,4,0.6897743940353394
3,5,0.6860269904136658
3,6,0.6894188523292542
3,7,0.6874205470085144
3,8,0.6822925209999084
3,9,0.6864917874336243
3,10,0.6812924146652222
3,11,0.6921083927154541
3,12,0.7043309211730957
3,13,0.690878689289093
3,14,0.6853359937667847
3,15,0.694738507270813
3,16,0.6856126189231873
3,17,0.682826578617096
3,18,0.6906890869140625
3,19,0.6946419477462769
4,0,0.6958194971084595
4,1,0.6870013475418091
4,2,0.6834187507629395
4,3,0.6895065307617188
4,4,0.6827645301818848
4,5,0.6892878413200378
4,6,0.685466468334198
4,7,0.6802581548690796
4,8,0.6877726912498474
4,9,0.6839812994003296
4,10,0.6828075647354126
4,11,0.6814534664154053
4,12,0.6864808797836304
4,13,0.6956331729888916
4,14,0.6783133745193481
4,15,0.6846746206283569
4,16,0.6852067112922668
4,17,0.6834278702735901
4,18,0.6847670674324036
4,19,0.6870386600494385
5,0,0.6862877011299133
5,1,0.6885461807250977
5,2,0.6843360066413879
5,3,0.6835644841194153
5,4,0.6845778226852417
5,5,0.6747015714645386
5,6,0.6852047443389893
5,7,0.6798923015594482
5,8,0.6750665903091431
5,9,0.6806097030639648
5,10,0.6779018044471741
5,11,0.673319935798645
5,12,0.6806862354278564
5,13,0.6816468238830566
5,14,0.6779205203056335
5,15,0.683649480342865
5,16,0.6836217045783997
5,17,0.6828786134719849
5,18,0.6664261221885681
5,19,0.6836051940917969
6,0,0.6782168745994568
6,1,0.6760209798812866
6,2,0.6827293634414673
6,3,0.6939129829406738
6,4,0.667549192905426
6,5,0.6699381470680237
6,6,0.66819828748703
6,7,0.6716445684432983
6,8,0.677383303642273
6,9,0.6986315846443176
6,10,0.6907367706298828
6,11,0.6846423745155334
6,12,0.6783378720283508
6,13,0.6682544946670532
6,14,0.6800921559333801
6,15,0.6992006301879883
6,16,0.6757499575614929
6,17,0.6664364337921143
6,18,0.6659602522850037
6,19,0.6779267191886902
7,0,0.6624898314476013
7,1,0.6868016719818115
7,2,0.6987302899360657
7,3,0.658193826675415
7,4,0.6657479405403137
7,5,0.6636613607406616
7,6,0.6501210331916809
7,7,0.6959866285324097
7,8,0.67057865858078
7,9,0.6642321348190308
7,10,0.6082252860069275
7,11,0.6354626417160034
7,12,0.7178223729133606
7,13,0.6995081305503845
7,14,0.6970171332359314
7,15,0.6555659174919128
7,16,0.699907124042511
7,17,0.6906140446662903
7,18,0.7076386213302612
7,19,0.6756643056869507
8,0,0.665136456489563
8,1,0.6646355390548706
8,2,0.6741510629653931
8,3,0.6426201462745667
8,4,0.6657778024673462
8,5,0.6680011749267578
8,6,0.6488714814186096
8,7,0.6857579350471497
8,8,0.667210578918457
8,9,0.6206656694412231
8,10,0.7698370218276978
8,11,0.6368571519851685
8,12,0.6685023307800293
8,13,0.6515285968780518
8,14,0.7079172730445862
8,15,0.6811540722846985
8,16,0.6900882720947266
8,17,0.6461122035980225
8,18,0.638193666934967
8,19,0.6526640057563782
9,0,0.6480511426925659
9,1,0.6681608557701111
9,2,0.6631389260292053
9,3,0.6577096581459045
9,4,0.7054281830787659
9,5,0.6723210215568542
9,6,0.6731587648391724
9,7,0.6668332815170288
9,8,0.6037307381629944
9,9,0.6920322775840759
9,10,0.6592623591423035
9,11,0.6595892906188965
9,12,0.644233763217926
9,13,0.6454266309738159
9,14,0.6578744053840637
9,15,0.6344575881958008
9,16,0.6654480695724487
9,17,0.6591376066207886
9,18,0.6633238196372986
9,19,0.6363186836242676
10,0,0.6767107844352722
10,1,0.6520177125930786
10,2,0.6542726755142212
10,3,0.6331546902656555
10,4,0.6394985914230347
10,5,0.6469990015029907
10,6,0.6302788853645325
10,7,0.6438860893249512
10,8,0.6067904233932495
10,9,0.6816467046737671
10,10,0.6151214241981506
10,11,0.6252189874649048
10,12,0.6649688482284546
10,13,0.6275893449783325
10,14,0.650779664516449
10,15,0.6745253801345825
10,16,0.637037992477417
10,17,0.657503604888916
10,18,0.6776717901229858
10,19,0.6649103164672852
11,0,0.6207937002182007
11,1,0.6266971826553345
11,2,0.6196154356002808
11,3,0.6347224116325378
11,4,0.6175166368484497
11,5,0.653130292892456
11,6,0.6683041453361511
11,7,0.6387694478034973
11,8,0.6417903304100037
11,9,0.6724538207054138
11,10,0.6158590316772461
11,11,0.6140482425689697
11,12,0.6279960870742798
11,13,0.6419782638549805
11,14,0.6278984546661377
11,15,0.6414490342140198
11,16,0.5927695035934448
11,17,0.6346235275268555
11,18,0.7398270964622498
11,19,0.6302351951599121
12,0,0.615617036819458
12,1,0.6020883321762085
12,2,0.6324505805969238
12,3,0.6105580925941467
12,4,0.627451479434967
12,5,0.6386523842811584
12,6,0.6434322595596313
12,7,0.64554363489151
12,8,0.6107867956161499
12,9,0.6358746290206909
12,10,0.6227754950523376
12,11,0.6811338067054749
12,12,0.5581907033920288
12,13,0.6391968131065369
12,14,0.6686635613441467
12,15,0.598655104637146
12,16,0.587410032749176
12,17,0.6356183886528015
12,18,0.5835825800895691
12,19,0.6180883646011353
13,0,0.5856620073318481
13,1,0.6117674112319946
13,2,0.6177862882614136
13,3,0.5851151347160339
13,4,0.6138487458229065
13,5,0.5682394504547119
13,6,0.5618389844894409
13,7,0.6127997040748596
13,8,0.5978788137435913
13,9,0.5949827432632446
13,10,0.6688510179519653
13,11,0.6417060494422913
13,12,0.6273581981658936
13,13,0.638313889503479
13,14,0.7019882798194885
13,15,0.6272867918014526
13,16,0.6042536497116089
13,17,0.6895116567611694
13,18,0.5884774923324585
13,19,0.5852143168449402
14,0,0.600892186164856
14,1,0.5955177545547485
14,2,0.6344107389450073
14,3,0.5832442045211792
14,4,0.6676045656204224
14,5,0.5518108606338501
14,6,0.574754536151886
14,7,0.6124027967453003
14,8,0.5993890166282654
14,9,0.5811728239059448
14,10,0.6381722688674927
14,11,0.621796727180481
14,12,0.5617765188217163
14,13,0.5473969578742981
14,14,0.6131507158279419
14,15,0.6361578106880188
14,16,0.5959709882736206
14,17,0.5984660387039185
14,18,0.5639556646347046
14,19,0.5551849603652954
15,0,0.5846553444862366
15,1,0.5381695032119751
15,2,0.5624512434005737
15,3,0.615820050239563
15,4,0.5878740549087524
15,5,0.5390477180480957
15,6,0.5155652165412903
15,7,0.5174744725227356
15,8,0.5724319815635681
15,9,0.7027069330215454
15,10,0.5830339193344116
15,11,0.6223243474960327
15,12,0.5580219030380249
15,13,0.5370890498161316
15,14,0.6399720907211304
15,15,0.5856732130050659
15,16,0.5929754972457886
15,17,0.6258574724197388
15,18,0.5653053522109985
15,19,0.5686853528022766
16,0,0.5105568170547485
16,1,0.5930148363113403
16,2,0.5848670601844788
16,3,0.5929893255233765
16,4,0.5508788228034973
16,5,0.5719955563545227
16,6,0.6189147233963013
16,7,0.6382459402084351
16,8,0.5844763517379761
16,9,0.6201928853988647
16,10,0.523788571357727
16,11,0.5915636420249939
16,12,0.5426834225654602
16,13,0.5297300815582275
16,14,0.47031158208847046
16,15,0.5808233618736267
16,16,0.5919595956802368
16,17,0.5152394771575928
16,18,0.5505878329277039
16,19,0.49744266271591187
17,0,0.610433042049408
17,1,0.6941930651664734
17,2,0.6314879059791565
17,3,0.5617173910140991
17,4,0.4998869001865387
17,5,0.6604778170585632
17,6,0.5036680102348328
17,7,0.5317131876945496
17,8,0.4616941511631012
17,9,0.5823192596435547
17,10,0.6197351813316345
17,11,0.5907478332519531
17,12,0.5977500677108765
17,13,0.5100632905960083
17,14,0.5613824129104614
17,15,0.48359209299087524
17,16,0.5056256651878357
17,17,0.5025075078010559
17,18,0.4946576952934265
17,19,0.5575998425483704
18,0,0.47281327843666077
18,1,0.6256077289581299
18,2,0.5672009587287903
18,3,0.7262111902236938
18,4,0.5660456418991089
18,5,0.6273139119148254
18,6,0.5345653295516968
18,7,0.5110285878181458
18,8,0.49115824699401855
18,9,0.4618147015571594
18,10,0.4987643361091614
18,11,0.48285049200057983
18,12,0.5473905801773071
18,13,0.5284799933433533
18,14,0.544343113899231
18,15,0.6113797426223755
18,16,0.5577698945999146
18,17,0.4828658103942871
18,18,0.5211173295974731
18,19,0.545076847076416
19,0,0.5380018353462219
19,1,0.5367478132247925
19,2,0.5088092684745789
19,3,0.5490775108337402
19,4,0.5462571978569031
19,5,0.4898173213005066
19,6,0.4908534586429596
19,7,0.4933627247810364
19,8,0.4685402810573578
19,9,0.5142141580581665
19,10,0.5432583093643188
19,11,0.4294835925102234
19,12,0.3954385817050934
19,13,0.4018145501613617
19,14,0.6050995588302612
19,15,0.5030005574226379
19,16,0.5899282693862915
19,17,0.4526151120662689
19,18,0.6045392155647278
19,19,0.530758798122406