epoch,batch,train_batch_loss
0,0,0.6942817568778992
0,1,0.6872820258140564
0,2,0.6823445558547974
0,3,0.6926261782646179
0,4,0.6922617554664612
0,5,0.7126487493515015
0,6,0.6382299661636353
0,7,0.6949326992034912
0,8,0.7849825620651245
0,9,0.7328125238418579
0,10,0.6930241584777832
0,11,0.7125993967056274
0,12,0.6898206472396851
0,13,0.685029149055481
0,14,0.6855143308639526
0,15,0.6841170787811279
0,16,0.687745213508606
0,17,0.6852481961250305
0,18,0.6853474974632263
0,19,0.6949899196624756
1,0,0.6715872883796692
1,1,0.6906723976135254
1,2,0.6928067207336426
1,3,0.6706839203834534
1,4,0.7180228233337402
1,5,0.6675938367843628
1,6,0.6794660687446594
1,7,0.6818956732749939
1,8,0.673406720161438
1,9,0.667687714099884
1,10,0.6747714281082153
1,11,0.6596773862838745
1,12,0.682056725025177
1,13,0.6920757293701172
1,14,0.6719340085983276
1,15,0.6980260014533997
1,16,0.6982528567314148
1,17,0.6924570798873901
1,18,0.6866605281829834
1,19,0.6804048418998718
2,0,0.6835411787033081
2,1,0.6721964478492737
2,2,0.6713966131210327
2,3,0.6719273328781128
2,4,0.6880251169204712
2,5,0.674333393573761
2,6,0.674826443195343
2,7,0.6706222891807556
2,8,0.6550239324569702
2,9,0.6793574690818787
2,10,0.6654712557792664
2,11,0.6634840965270996
2,12,0.6552698612213135
2,13,0.652580738067627
2,14,0.6508439779281616
2,15,0.6748682260513306
2,16,0.6535767912864685
2,17,0.6335238814353943
2,18,0.6561350226402283
2,19,0.6811599135398865
3,0,0.6680155992507935
3,1,0.6345230340957642
3,2,0.6739813089370728
3,3,0.627126157283783
3,4,0.6572691202163696
3,5,0.6193851232528687
3,6,0.679326057434082
3,7,0.6385738849639893
3,8,0.6558977365493774
3,9,0.6810689568519592
3,10,0.599067211151123
3,11,0.6308011412620544
3,12,0.6070728898048401
3,13,0.6477318406105042
3,14,0.6128034591674805
3,15,0.6968811750411987
3,16,0.6449392437934875
3,17,0.5763945579528809
3,18,0.6051285862922668
3,19,0.6126033067703247
4,0,0.6397538781166077
4,1,0.5888347625732422
4,2,0.6107374429702759
4,3,0.6554621458053589
4,4,0.5776323080062866
4,5,0.5848296284675598
4,6,0.6362481117248535
4,7,0.6222347021102905
4,8,0.5854131579399109
4,9,0.5570586919784546
4,10,0.6978883743286133
4,11,0.6067845225334167
4,12,0.5991765260696411
4,13,0.6520962715148926
4,14,0.6003568768501282
4,15,0.5730129480361938
4,16,0.6237980723381042
4,17,0.5090056657791138
4,18,0.5540280938148499
4,19,0.47327718138694763
5,0,0.6012588739395142
5,1,0.771486759185791
5,2,0.5489931106567383
5,3,0.5376906394958496
5,4,0.5196532607078552
5,5,0.626712441444397
5,6,0.6747637391090393
5,7,0.5495313405990601
5,8,0.5430842041969299
5,9,0.542049765586853
5,10,0.5685855746269226
5,11,0.511949896812439
5,12,0.6261182427406311
5,13,0.5490783452987671
5,14,0.5748618245124817
5,15,0.5811773538589478
5,16,0.5337531566619873
5,17,0.5304620862007141
5,18,0.5382545590400696
5,19,0.5555059909820557
6,0,0.5533913373947144
6,1,0.5387643575668335
6,2,0.5042679309844971
6,3,0.5335017442703247
6,4,0.4214414656162262
6,5,0.4313454031944275
6,6,0.5202738642692566
6,7,0.5078252553939819
6,8,0.4157417416572571
6,9,0.6295357346534729
6,10,0.6516949534416199
6,11,0.49346715211868286
6,12,0.6403235793113708
6,13,0.4983758330345154
6,14,0.5613524913787842
6,15,0.5437822341918945
6,16,0.4533795416355133
6,17,0.4977989196777344
6,18,0.47439536452293396
6,19,0.5473309755325317
7,0,0.5251199007034302
7,1,0.4288009703159332
7,2,0.5726834535598755
7,3,0.46440190076828003
7,4,0.4956986904144287
7,5,0.3838006854057312
7,6,0.6149924397468567
7,7,0.5176646113395691
7,8,0.4578075408935547
7,9,0.6213023662567139
7,10,0.3858278691768646
7,11,0.47005993127822876
7,12,0.47256898880004883
7,13,0.5825693607330322
7,14,0.6573151350021362
7,15,0.4288375973701477
7,16,0.6156164407730103
7,17,0.32810086011886597
7,18,0.3155421316623688
7,19,0.5294227600097656
8,0,0.4031338095664978
8,1,0.3801518380641937
8,2,0.538115382194519
8,3,0.4728415608406067
8,4,0.4230705797672272
8,5,0.2840409278869629
8,6,0.46144968271255493
8,7,0.5810673236846924
8,8,0.5690100193023682
8,9,0.6648293733596802
8,10,0.7510133981704712
8,11,0.5096752643585205
8,12,0.2855154871940613
8,13,0.34649014472961426
8,14,0.6589951515197754
8,15,0.5513458847999573
8,16,0.5882290601730347
8,17,0.4979017674922943
8,18,0.42065948247909546
8,19,0.32271286845207214
9,0,0.40041106939315796
9,1,0.5496051907539368
9,2,0.6534963846206665
9,3,0.2706778347492218
9,4,0.44063910841941833
9,5,0.22124405205249786
9,6,0.48030614852905273
9,7,0.4923485219478607
9,8,0.3188691735267639
9,9,0.4909450113773346
9,10,0.603428840637207
9,11,0.4547397494316101
9,12,0.5058307647705078
9,13,0.5043245553970337
9,14,0.38165751099586487
9,15,0.3903503119945526
9,16,0.5148652791976929
9,17,0.35338178277015686
9,18,0.4642712473869324
9,19,0.3322984278202057
10,0,0.3357967734336853
10,1,0.46486696600914
10,2,0.3996129035949707
10,3,0.2933058738708496
10,4,0.23932120203971863
10,5,0.7785342931747437
10,6,0.5992615222930908
10,7,0.5117878913879395
10,8,0.46063247323036194
10,9,0.44020581245422363
10,10,0.2821233868598938
10,11,0.40418046712875366
10,12,0.4181581437587738
10,13,0.578222930431366
10,14,0.4691547453403473
10,15,0.23196741938591003
10,16,0.5330861806869507
10,17,0.37436461448669434
10,18,0.39600422978401184
10,19,0.5108634233474731
11,0,0.2411007434129715
11,1,0.7153343558311462
11,2,0.23672182857990265
11,3,0.4907480776309967
11,4,0.9090221524238586
11,5,0.36573678255081177
11,6,0.4533942639827728
11,7,0.337149441242218
11,8,0.328117698431015
11,9,0.30461961030960083
11,10,0.37993159890174866
11,11,0.32946810126304626
11,12,0.32540634274482727
11,13,0.5616079568862915
11,14,0.3755419850349426
11,15,0.3125792145729065
11,16,0.8252314329147339
11,17,0.44817620515823364
11,18,0.5611399412155151
11,19,0.4287986755371094
12,0,0.510197103023529
12,1,0.22762760519981384
12,2,0.18138697743415833
12,3,0.5137463808059692
12,4,0.5977839827537537
12,5,0.3928002417087555
12,6,0.20117966830730438
12,7,0.19620554149150848
12,8,0.44348230957984924
12,9,0.5521184206008911
12,10,0.6318170428276062
12,11,0.6375494003295898
12,12,0.17912432551383972
12,13,0.4149531424045563
12,14,0.5270828008651733
12,15,0.48335808515548706
12,16,0.4299927353858948
12,17,0.3611740171909332
12,18,0.39851969480514526
12,19,0.4906560480594635
13,0,0.5319598913192749
13,1,0.3195880353450775
13,2,0.7697396874427795
13,3,0.4321773052215576
13,4,0.5108730792999268
13,5,0.3356940448284149
13,6,0.43220919370651245
13,7,0.26729443669319153
13,8,0.3381377160549164
13,9,0.5911751389503479
13,10,0.4292486310005188
13,11,0.21239468455314636
13,12,0.6512060165405273
13,13,0.4106466770172119
13,14,0.30759865045547485
13,15,0.3247610330581665
13,16,0.42999619245529175
13,17,0.2813532054424286
13,18,0.3608766198158264
13,19,0.35569092631340027
14,0,0.28170278668403625
14,1,0.22964656352996826
14,2,0.479964017868042
14,3,0.2780000865459442
14,4,0.248835489153862
14,5,0.5945541262626648
14,6,0.6322482228279114
14,7,0.16565947234630585
14,8,0.31395289301872253
14,9,0.31837978959083557
14,10,0.5245482325553894
14,11,0.28644490242004395
14,12,0.521016001701355
14,13,0.865005373954773
14,14,0.32340583205223083
14,15,0.29148373007774353
14,16,0.2813332676887512
14,17,0.44786882400512695
14,18,0.6180897951126099
14,19,0.556552529335022
15,0,0.5663429498672485
15,1,0.33060604333877563
15,2,0.4813055396080017
15,3,0.31915193796157837
15,4,0.4561803936958313
15,5,0.26073014736175537
15,6,0.368283748626709
15,7,0.35470396280288696
15,8,0.6812699437141418
15,9,0.19526848196983337
15,10,0.3455463647842407
15,11,0.6017061471939087
15,12,0.28034648299217224
15,13,0.4349849224090576
15,14,0.6589799523353577
15,15,0.15750405192375183
15,16,0.39530622959136963
15,17,0.33388692140579224
15,18,0.38854843378067017
15,19,0.36427947878837585
16,0,0.43117570877075195
16,1,0.6162253022193909
16,2,0.26168209314346313
16,3,0.14002637565135956
16,4,0.20501132309436798
16,5,0.5946166515350342
16,6,0.19425584375858307
16,7,0.5566681623458862
16,8,0.751855731010437
16,9,0.3435833752155304
16,10,0.627464234828949
16,11,0.27204734086990356
16,12,0.3333992063999176
16,13,0.6641859412193298
16,14,0.28143566846847534
16,15,0.17187955975532532
16,16,0.3864441514015198
16,17,0.29420533776283264
16,18,0.3454441428184509
16,19,0.30897942185401917
17,0,0.5486652255058289
17,1,0.24727657437324524
17,2,0.24922072887420654
17,3,0.16671355068683624
17,4,0.23081278800964355
17,5,0.4828125536441803
17,6,0.14055070281028748
17,7,0.26084816455841064
17,8,0.40865984559059143
17,9,0.36477982997894287
17,10,0.5160729289054871
17,11,0.31623712182044983
17,12,0.8120562434196472
17,13,0.7366393804550171
17,14,0.35149267315864563
17,15,0.20007392764091492
17,16,0.4869139790534973
17,17,0.37197792530059814
17,18,0.3376607894897461
17,19,0.5949723720550537
18,0,0.8203471899032593
18,1,0.23162157833576202
18,2,0.5338594317436218
18,3,0.40861624479293823
18,4,0.4034199118614197
18,5,0.4388872981071472
18,6,0.34522444009780884
18,7,0.44593143463134766
18,8,0.39990538358688354
18,9,0.1361529529094696
18,10,0.4393083155155182
18,11,0.6113749742507935
18,12,0.14630092680454254
18,13,0.32764631509780884
18,14,0.35724103450775146
18,15,0.3138342499732971
18,16,0.5221371650695801
18,17,0.3802264630794525
18,18,0.30404943227767944
18,19,0.3639689087867737
19,0,0.2248454988002777
19,1,0.4140338897705078
19,2,0.4375309348106384
19,3,0.5405749678611755
19,4,0.5202246904373169
19,5,0.199801966547966
19,6,0.6718635559082031
19,7,0.5955876111984253
19,8,0.40362364053726196
19,9,0.12218929827213287
19,10,0.33574873208999634
19,11,0.16402442753314972
19,12,0.4008185863494873
19,13,0.8083500862121582
19,14,0.20036017894744873
19,15,0.254207968711853
19,16,0.2614557147026062
19,17,0.5585951805114746
19,18,0.498329222202301
19,19,0.48910003900527954