y_true: [-0.09306899 -0.27258253  0.16008958 -0.21116664  0.43398401 -0.47863573
  0.13426128  0.4431476   0.03394356 -0.66466618 -0.90634233 -0.45854884
  0.14801385 -0.60822886 -0.3242591  -0.41356704  0.07069704 -0.14115196
  0.10566022 -0.31720424  0.31918573  0.12998202  0.18358937 -0.52108032
  0.14270498 -0.47245744  1.         -0.2601712   0.28752375 -0.50259739
 -0.25498039 -0.44466028 -0.36699945 -0.20722339  0.19620712  0.28771925
  0.10925925  0.18319859  0.14105712  0.08759619 -0.5333789  -0.27776584
  0.35615945  0.71544284  0.10306858 -0.28524476  0.41363949 -0.27164999
 -0.78121418 -0.14312677 -0.13701206  0.28922158 -0.16102125  0.03250793
 -0.17595549 -0.22449546 -0.36383826 -0.44776741 -0.5605303  -0.36122587
 -0.92949069 -0.2962257  -0.30238786  0.31293711 -0.5221343  -0.51151502
 -0.04999832 -0.57095283 -0.15971498 -0.41722029 -0.30357891  0.41096601
 -0.89337683 -0.11942037  0.07071843 -0.6897741  -0.21217309 -0.16200756
 -0.24971506 -0.62025106  0.52128953 -0.12497903 -1.         -0.48076969
  0.53718424  0.1669915   0.20092726 -0.25984648 -0.06745447 -0.49520519
 -0.58735007  0.4650262  -0.58803445 -0.02626549  0.4374218  -0.15792395
 -0.15446329  0.09326684 -0.38089329 -0.714634  ]
y_pred: [ 0.24930921 -0.06948379 -0.11272513  0.01575105  0.19993739 -0.32272133
  0.01760085  0.26173538  0.07356381 -0.18890242 -0.47446117 -0.27004126
  0.16323876 -0.28221202 -0.399039   -0.30277428 -0.05803885 -0.10040235
 -0.11499733 -0.08450965  0.2483386  -0.09546097 -0.04044289 -0.30675417
  0.05581634 -0.51466841  0.09104276 -0.09362794  0.36173907 -0.29564747
 -0.02965906 -0.28854653 -0.28099146 -0.17073858 -0.10179187  0.18276352
 -0.30218852  0.0166576   0.01423496  0.07571751 -0.18787901  0.0628279
  0.22477458  0.04565743  0.33827898  0.00216934  0.16206163 -0.18378966
 -0.31999692 -0.08572068 -0.42263499  0.18676499 -0.10227769 -0.19784784
 -0.11060565 -0.06739514 -0.18344426 -0.27967277 -0.27063695 -0.19019644
 -0.46880367 -0.43361917 -0.28426987  0.15646271 -0.11292041 -0.54351556
 -0.23292585 -0.32224098 -0.09560661  0.09468127 -0.16246814  0.07370902
 -0.49741268  0.13969176 -0.17509818 -0.47073263 -0.35551023 -0.1477814
 -0.35674652 -0.17461541  0.03890987 -0.15497045 -0.53575724 -0.4155508
  0.01734748  0.02525026  0.06140493 -0.06894621 -0.17176224 -0.12228677
 -0.24336956 -0.10668532 -0.39921048 -0.1540211   0.26528978  0.07727413
 -0.28742671 -0.09976459 -0.23156801 -0.42168611]
num_samples: 100
mae: 0.2188864265126176
mse: 0.07221142241139918
rmse: 0.26872183091702684
r-squared: 0.510988778653418
adj r-squared: 0.4679987811723998
