y_true: [-0.09306899 -0.27258253  0.16008958 -0.21116664  0.43398401 -0.47863573
  0.13426128  0.4431476   0.03394356 -0.66466618 -0.90634233 -0.45854884
  0.14801385 -0.60822886 -0.3242591  -0.41356704  0.07069704 -0.14115196
  0.10566022 -0.31720424  0.31918573  0.12998202  0.18358937 -0.52108032
  0.14270498 -0.47245744  1.         -0.2601712   0.28752375 -0.50259739
 -0.25498039 -0.44466028 -0.36699945 -0.20722339  0.19620712  0.28771925
  0.10925925  0.18319859  0.14105712  0.08759619 -0.5333789  -0.27776584
  0.35615945  0.71544284  0.10306858 -0.28524476  0.41363949 -0.27164999
 -0.78121418 -0.14312677 -0.13701206  0.28922158 -0.16102125  0.03250793
 -0.17595549 -0.22449546 -0.36383826 -0.44776741 -0.5605303  -0.36122587
 -0.92949069 -0.2962257  -0.30238786  0.31293711 -0.5221343  -0.51151502
 -0.04999832 -0.57095283 -0.15971498 -0.41722029 -0.30357891  0.41096601
 -0.89337683 -0.11942037  0.07071843 -0.6897741  -0.21217309 -0.16200756
 -0.24971506 -0.62025106  0.52128953 -0.12497903 -1.         -0.48076969
  0.53718424  0.1669915   0.20092726 -0.25984648 -0.06745447 -0.49520519
 -0.58735007  0.4650262  -0.58803445 -0.02626549  0.4374218  -0.15792395
 -0.15446329  0.09326684 -0.38089329 -0.714634  ]
y_pred: [ 0.21437749 -0.10297468 -0.04606412  0.02901937  0.22820412 -0.2983751
 -0.02710938  0.17350969 -0.01693974 -0.2149411  -0.5431993  -0.33579996
  0.16100304 -0.28910396 -0.43194851 -0.30602026 -0.05102045 -0.00678928
 -0.15532087 -0.12442186  0.36738652 -0.03036393 -0.04064001 -0.33090207
  0.10265593 -0.46477097  0.12283749 -0.09062487  0.35879657 -0.29764584
 -0.04383717 -0.28235829 -0.28279704 -0.11504612 -0.08766906  0.13639723
 -0.3063744   0.02972461 -0.04415357  0.12715684 -0.16859597  0.07497469
  0.2362698   0.08949694  0.2557517   0.08152163  0.17453051 -0.18330309
 -0.30654791 -0.09761765 -0.36709991  0.17246716 -0.10416091 -0.2515448
 -0.00150462 -0.08696905 -0.23111291 -0.28030834 -0.25203946 -0.20733227
 -0.43758222 -0.37912098 -0.28549209  0.10480298 -0.22621244 -0.52982998
 -0.22112866 -0.34654218 -0.12990518  0.17267798 -0.21078436  0.14416291
 -0.55122793  0.11280976 -0.11604217 -0.44598618 -0.32605216 -0.08160115
 -0.38227496 -0.15545346  0.00153785 -0.09669229 -0.55749446 -0.37134165
  0.08116682 -0.02867684  0.10634388 -0.12558116 -0.2138323  -0.06769991
 -0.15997784 -0.11929411 -0.41877556 -0.0943108   0.25673062 -0.03469873
 -0.3166216  -0.07771925 -0.22479425 -0.45075396]
num_samples: 100
mae: 0.21495317657012492
mse: 0.06991789770720143
rmse: 0.26441992683457394
r-squared: 0.5265203840329464
adj r-squared: 0.4848958024094693
best_epoch: 29
