y_true: [-0.65018821  0.53281015  0.49665552 -0.1984587   0.30947819 -0.24304697
 -0.03290847 -0.09715477 -0.1452079   0.87052011  0.374596   -0.11506206
 -0.32727876  0.2752631   0.21259516  0.17342159 -0.34828225  0.06260063
 -0.0344236   0.13040362  0.9176057  -0.62353426 -0.6736809   0.9054938
  0.20312536  0.21343169  0.1654294  -0.84784466 -0.28151184 -0.26691633
 -0.19216131 -0.53667438 -0.11245651  0.38323104 -0.12755869 -0.35350382
  0.33923489 -0.74991912  0.44715691 -0.39361614  0.03660766  0.36901128
  0.51410341 -0.34599361 -0.8176707   0.59257859  0.11401354  0.83219773
 -0.7777136  -0.78979379 -0.12351869 -0.01369487  0.13337448 -0.00933307
  0.42925584 -0.42058    -0.60312909  0.55884045 -0.13076673  0.22588012
  0.01613788  0.10222853  0.37742126 -0.65572703 -0.26911494  0.10164671
 -0.1739611   0.42433637 -0.29183999  0.21348637  0.49122152  0.15828159
 -0.85824412 -0.45555675  0.21682617 -0.29688942 -0.31875274 -0.68433672
  0.27176446 -0.15195391 -0.60094184  0.36716241  0.01092578 -0.04855493
  1.          0.05589242 -0.09750014  0.06800747 -0.32690504  0.3710416
  0.37066382 -0.24479263 -0.23817019 -1.         -0.73131692 -0.76803148
 -0.35190848 -0.11656986 -0.3688519   0.19657342]
y_pred: [0.10546875 0.47949219 0.48925781 0.02441406 0.14355469 0.02539062
 0.13769531 0.25878906 0.26269531 0.4375     0.48828125 0.02148438
 0.21777344 0.58691406 0.01367188 0.06542969 0.06835938 0.11621094
 0.06445312 0.23925781 0.57128906 0.01074219 0.01171875 0.07617188
 0.16308594 0.3984375  0.34765625 0.03613281 0.078125   0.06835938
 0.34277344 0.13769531 0.14648438 0.15722656 0.24121094 0.06445312
 0.08886719 0.10058594 0.22851562 0.06640625 0.19335938 0.328125
 0.21875    0.19921875 0.20410156 0.22265625 0.43164062 0.28613281
 0.0390625  0.35351562 0.19042969 0.07324219 0.30566406 0.09472656
 0.27929688 0.16894531 0.13867188 0.07421875 0.109375   0.30078125
 0.19140625 0.32519531 0.16210938 0.06542969 0.09375    0.05859375
 0.30078125 0.25292969 0.14941406 0.10839844 0.26660156 0.0625
 0.015625   0.09765625 0.19238281 0.015625   0.29003906 0.02734375
 0.52148438 0.30859375 0.046875   0.06835938 0.09765625 0.09277344
 0.17675781 0.21484375 0.08300781 0.1796875  0.02148438 0.14941406
 0.5625     0.13769531 0.5234375  0.00292969 0.12011719 0.01269531
 0.16015625 0.12597656 0.05664062 0.328125  ]
num_samples: 100
mae: 0.37236809032037854
mse: 0.20923100359936736
rmse: 0.4574177561041628
r-squared: -0.07340417287053924
adj r-squared: -0.11860013804403557
best_epoch: 29
