y_true: [-0.65018821  0.53281015  0.49665552 -0.1984587   0.30947819 -0.24304697
 -0.03290847 -0.09715477 -0.1452079   0.87052011  0.374596   -0.11506206
 -0.32727876  0.2752631   0.21259516  0.17342159 -0.34828225  0.06260063
 -0.0344236   0.13040362  0.9176057  -0.62353426 -0.6736809   0.9054938
  0.20312536  0.21343169  0.1654294  -0.84784466 -0.28151184 -0.26691633
 -0.19216131 -0.53667438 -0.11245651  0.38323104 -0.12755869 -0.35350382
  0.33923489 -0.74991912  0.44715691 -0.39361614  0.03660766  0.36901128
  0.51410341 -0.34599361 -0.8176707   0.59257859  0.11401354  0.83219773
 -0.7777136  -0.78979379 -0.12351869 -0.01369487  0.13337448 -0.00933307
  0.42925584 -0.42058    -0.60312909  0.55884045 -0.13076673  0.22588012
  0.01613788  0.10222853  0.37742126 -0.65572703 -0.26911494  0.10164671
 -0.1739611   0.42433637 -0.29183999  0.21348637  0.49122152  0.15828159
 -0.85824412 -0.45555675  0.21682617 -0.29688942 -0.31875274 -0.68433672
  0.27176446 -0.15195391 -0.60094184  0.36716241  0.01092578 -0.04855493
  1.          0.05589242 -0.09750014  0.06800747 -0.32690504  0.3710416
  0.37066382 -0.24479263 -0.23817019 -1.         -0.73131692 -0.76803148
 -0.35190848 -0.11656986 -0.3688519   0.19657342]
y_pred: [0.10058594 0.49414062 0.49804688 0.01855469 0.13867188 0.02929688
 0.13378906 0.25683594 0.26660156 0.44824219 0.49511719 0.01855469
 0.19335938 0.5546875  0.015625   0.06347656 0.08398438 0.11132812
 0.08789062 0.23242188 0.5390625  0.00390625 0.01660156 0.04980469
 0.15136719 0.41210938 0.37988281 0.03320312 0.06054688 0.07421875
 0.35351562 0.13867188 0.16210938 0.14160156 0.23730469 0.07226562
 0.06933594 0.08398438 0.23242188 0.05859375 0.15527344 0.32617188
 0.22753906 0.22070312 0.20898438 0.20703125 0.44238281 0.31835938
 0.04199219 0.39550781 0.1953125  0.08300781 0.31640625 0.13769531
 0.30566406 0.171875   0.12792969 0.05859375 0.10546875 0.25292969
 0.21582031 0.28222656 0.16113281 0.05371094 0.07617188 0.0390625
 0.26953125 0.21191406 0.14648438 0.10351562 0.23925781 0.05566406
 0.02539062 0.08300781 0.1796875  0.015625   0.29980469 0.01855469
 0.48339844 0.33300781 0.04589844 0.09472656 0.09375    0.09082031
 0.18457031 0.18945312 0.09472656 0.18164062 0.01464844 0.16210938
 0.49609375 0.14355469 0.5390625  0.00195312 0.15136719 0.01171875
 0.18066406 0.13964844 0.06445312 0.30957031]
num_samples: 100
mae: 0.3728158392198384
mse: 0.21087548223010028
rmse: 0.459211805412383
r-squared: -0.08184073434593664
adj r-squared: -0.1273919231605023
