epoch,batch,train_batch_loss
0,0,0.6329689621925354
0,1,0.7145525217056274
0,2,0.7220696806907654
0,3,0.6762203574180603
0,4,0.794689416885376
0,5,0.6716930866241455
0,6,0.8198559880256653
0,7,0.7771963477134705
0,8,0.6683908700942993
0,9,0.7331491708755493
0,10,0.6445466876029968
0,11,0.7211731672286987
0,12,0.6981996297836304
0,13,0.6734892725944519
0,14,0.6765286326408386
0,15,0.6760717630386353
0,16,0.6759823560714722
0,17,0.7089095115661621
0,18,0.6747656464576721
0,19,0.7184886336326599
1,0,0.7071880102157593
1,1,0.6824972629547119
1,2,0.7002369165420532
1,3,0.6788493394851685
1,4,0.6805094480514526
1,5,0.6798347234725952
1,6,0.6618898510932922
1,7,0.6974996328353882
1,8,0.7132942080497742
1,9,0.6660745739936829
1,10,0.6870265603065491
1,11,0.6582261919975281
1,12,0.7030792832374573
1,13,0.690341591835022
1,14,0.7003641128540039
1,15,0.681533694267273
1,16,0.6853576898574829
1,17,0.6779807209968567
1,18,0.6830723285675049
1,19,0.6929228901863098
2,0,0.6782714128494263
2,1,0.6889634132385254
2,2,0.6831386685371399
2,3,0.6786084175109863
2,4,0.6912494897842407
2,5,0.6827422976493835
2,6,0.6872339248657227
2,7,0.680156409740448
2,8,0.685348629951477
2,9,0.6823968291282654
2,10,0.6792804598808289
2,11,0.6864207983016968
2,12,0.6875507831573486
2,13,0.669418454170227
2,14,0.6906606554985046
2,15,0.6941006779670715
2,16,0.6802905201911926
2,17,0.6892324090003967
2,18,0.6898670792579651
2,19,0.6919263601303101
3,0,0.6775146722793579
3,1,0.6811782121658325
3,2,0.6842458248138428
3,3,0.6792349219322205
3,4,0.6858682036399841
3,5,0.6793606281280518
3,6,0.6848248839378357
3,7,0.6826359629631042
3,8,0.6811215281486511
3,9,0.68101567029953
3,10,0.674396276473999
3,11,0.6850237846374512
3,12,0.6809101700782776
3,13,0.6817707419395447
3,14,0.6772773265838623
3,15,0.674677312374115
3,16,0.6689626574516296
3,17,0.6802608370780945
3,18,0.676579475402832
3,19,0.6858148574829102
4,0,0.684933602809906
4,1,0.6734563708305359
4,2,0.6822412610054016
4,3,0.6743084192276001
4,4,0.6793317198753357
4,5,0.671137809753418
4,6,0.6544244885444641
4,7,0.6919858455657959
4,8,0.7114653587341309
4,9,0.6534558534622192
4,10,0.683454692363739
4,11,0.6363378763198853
4,12,0.7005457878112793
4,13,0.6875600218772888
4,14,0.7024847865104675
4,15,0.6768577694892883
4,16,0.6816014647483826
4,17,0.6733739376068115
4,18,0.6660563945770264
4,19,0.690782904624939
5,0,0.664420485496521
5,1,0.6847293376922607
5,2,0.6752908229827881
5,3,0.6660678386688232
5,4,0.6893501281738281
5,5,0.6718503832817078
5,6,0.6862460970878601
5,7,0.6755342483520508
5,8,0.6940826177597046
5,9,0.6832834482192993
5,10,0.679305911064148
5,11,0.6716455221176147
5,12,0.6764751672744751
5,13,0.669897735118866
5,14,0.6816219687461853
5,15,0.6774206757545471
5,16,0.6723878979682922
5,17,0.6773718595504761
5,18,0.6837912797927856
5,19,0.6823219656944275
6,0,0.6658200025558472
6,1,0.6695179343223572
6,2,0.671048104763031
6,3,0.6664890646934509
6,4,0.6755943298339844
6,5,0.6780570149421692
6,6,0.6680981516838074
6,7,0.6581562757492065
6,8,0.6651366949081421
6,9,0.683074414730072
6,10,0.6755078434944153
6,11,0.6817256808280945
6,12,0.6486908793449402
6,13,0.6608379483222961
6,14,0.6814562678337097
6,15,0.7049584984779358
6,16,0.7383877038955688
6,17,0.7213888168334961
6,18,0.6657624840736389
6,19,0.6641160845756531
7,0,0.6453771591186523
7,1,0.6622999906539917
7,2,0.653236985206604
7,3,0.6869748830795288
7,4,0.6844678521156311
7,5,0.6574202179908752
7,6,0.6546781659126282
7,7,0.678548276424408
7,8,0.6669047474861145
7,9,0.6652887463569641
7,10,0.6635658144950867
7,11,0.6745911240577698
7,12,0.6936119794845581
7,13,0.6760810613632202
7,14,0.6798081994056702
7,15,0.6743592619895935
7,16,0.6834774017333984
7,17,0.6746693253517151
7,18,0.654167115688324
7,19,0.6896026730537415
8,0,0.6853694915771484
8,1,0.6698213219642639
8,2,0.6635946035385132
8,3,0.6500263810157776
8,4,0.6668044328689575
8,5,0.6702760457992554
8,6,0.6735614538192749
8,7,0.6768670082092285
8,8,0.6650807857513428
8,9,0.6797031760215759
8,10,0.6630975008010864
8,11,0.6803095936775208
8,12,0.665941059589386
8,13,0.6778362989425659
8,14,0.6793397665023804
8,15,0.6781843304634094
8,16,0.6584504842758179
8,17,0.6894095540046692
8,18,0.6659662127494812
8,19,0.6801437139511108
9,0,0.6690959334373474
9,1,0.6546099185943604
9,2,0.6801059246063232
9,3,0.6706251502037048
9,4,0.6640511155128479
9,5,0.6536474823951721
9,6,0.6533523797988892
9,7,0.6716324090957642
9,8,0.7030156850814819
9,9,0.6688187718391418
9,10,0.6812855005264282
9,11,0.6573748588562012
9,12,0.6645259261131287
9,13,0.6488661170005798
9,14,0.689179539680481
9,15,0.660565972328186
9,16,0.655868411064148
9,17,0.6765999794006348
9,18,0.6716170310974121
9,19,0.6796144247055054
10,0,0.6364386677742004
10,1,0.6740757822990417
10,2,0.6719524264335632
10,3,0.6896330714225769
10,4,0.6383558511734009
10,5,0.7044582366943359
10,6,0.6706559658050537
10,7,0.6386092901229858
10,8,0.6347001194953918
10,9,0.6785120964050293
10,10,0.6806461215019226
10,11,0.6697007417678833
10,12,0.6664624810218811
10,13,0.6465444564819336
10,14,0.6766411066055298
10,15,0.6788182854652405
10,16,0.6504008173942566
10,17,0.6704835891723633
10,18,0.662714421749115
10,19,0.6602131128311157
11,0,0.6857008337974548
11,1,0.6733320355415344
11,2,0.6534134745597839
11,3,0.6717903017997742
11,4,0.6689370274543762
11,5,0.6694477796554565
11,6,0.6772943735122681
11,7,0.6680816411972046
11,8,0.6801799535751343
11,9,0.6591401100158691
11,10,0.6521323919296265
11,11,0.6563374400138855
11,12,0.6615592241287231
11,13,0.6515045166015625
11,14,0.6460471153259277
11,15,0.6843069791793823
11,16,0.6852970123291016
11,17,0.6479669809341431
11,18,0.6576147079467773
11,19,0.6558436155319214
12,0,0.6440404057502747
12,1,0.6628899574279785
12,2,0.6457372903823853
12,3,0.6580830812454224
12,4,0.6316192746162415
12,5,0.6635222434997559
12,6,0.676423192024231
12,7,0.6597761511802673
12,8,0.6594282388687134
12,9,0.6512966752052307
12,10,0.6912381052970886
12,11,0.6683047413825989
12,12,0.6709451675415039
12,13,0.6775268316268921
12,14,0.6300594210624695
12,15,0.6556342840194702
12,16,0.6752102971076965
12,17,0.656089186668396
12,18,0.6677443385124207
12,19,0.6570602059364319
13,0,0.6428156495094299
13,1,0.6556051969528198
13,2,0.6416246891021729
13,3,0.6640475392341614
13,4,0.6713345050811768
13,5,0.652479350566864
13,6,0.6497309803962708
13,7,0.6452814936637878
13,8,0.6523192524909973
13,9,0.6634042859077454
13,10,0.6425436735153198
13,11,0.6581221222877502
13,12,0.6593524813652039
13,13,0.6451367735862732
13,14,0.6659635305404663
13,15,0.6722922325134277
13,16,0.64281165599823
13,17,0.6433311700820923
13,18,0.694904625415802
13,19,0.6590496301651001
14,0,0.6433956623077393
14,1,0.6391590237617493
14,2,0.6521037220954895
14,3,0.6680773496627808
14,4,0.6869611144065857
14,5,0.6465578675270081
14,6,0.6469394564628601
14,7,0.6340174674987793
14,8,0.6571228504180908
14,9,0.6763986349105835
14,10,0.6456369757652283
14,11,0.6479883790016174
14,12,0.6759532690048218
14,13,0.6310111284255981
14,14,0.6762035489082336
14,15,0.6584933400154114
14,16,0.6381734609603882
14,17,0.6436730027198792
14,18,0.652541995048523
14,19,0.6568444967269897
15,0,0.6565709710121155
15,1,0.6545360684394836
15,2,0.661649227142334
15,3,0.677559494972229
15,4,0.6741747260093689
15,5,0.6537222266197205
15,6,0.6336827278137207
15,7,0.6699120998382568
15,8,0.6653621196746826
15,9,0.6639333367347717
15,10,0.6409553289413452
15,11,0.61946040391922
15,12,0.6690571308135986
15,13,0.6612589955329895
15,14,0.6751341223716736
15,15,0.6539956331253052
15,16,0.6468238234519958
15,17,0.6388496160507202
15,18,0.6471954584121704
15,19,0.6502781510353088
16,0,0.6333364248275757
16,1,0.6713637113571167
16,2,0.656528651714325
16,3,0.6528806090354919
16,4,0.6663714647293091
16,5,0.6474003195762634
16,6,0.6377851963043213
16,7,0.6606654524803162
16,8,0.6609600186347961
16,9,0.6656160354614258
16,10,0.6472986936569214
16,11,0.6485403180122375
16,12,0.6544815301895142
16,13,0.6405246257781982
16,14,0.6546834111213684
16,15,0.674864649772644
16,16,0.644088625907898
16,17,0.6470137238502502
16,18,0.6540940999984741
16,19,0.6668258905410767
17,0,0.6185594201087952
17,1,0.6381731629371643
17,2,0.6338016986846924
17,3,0.634813129901886
17,4,0.6415783762931824
17,5,0.6575164794921875
17,6,0.6374220848083496
17,7,0.6474131345748901
17,8,0.6441389322280884
17,9,0.6745293736457825
17,10,0.6658045053482056
17,11,0.6622967720031738
17,12,0.644741415977478
17,13,0.6266580820083618
17,14,0.6601310968399048
17,15,0.6250442266464233
17,16,0.6192566156387329
17,17,0.6507837176322937
17,18,0.629927933216095
17,19,0.6858407258987427
18,0,0.672339141368866
18,1,0.6213415861129761
18,2,0.6750391721725464
18,3,0.6706035137176514
18,4,0.6642184257507324
18,5,0.6338362097740173
18,6,0.5827276110649109
18,7,0.69453364610672
18,8,0.7034584879875183
18,9,0.6116005778312683
18,10,0.646095871925354
18,11,0.5715163350105286
18,12,0.6764264106750488
18,13,0.6555380821228027
18,14,0.692537248134613
18,15,0.6697186827659607
18,16,0.6382673382759094
18,17,0.6353694200515747
18,18,0.6175155639648438
18,19,0.6572921276092529
19,0,0.6204302906990051
19,1,0.6890846490859985
19,2,0.6253593564033508
19,3,0.6373180150985718
19,4,0.6413820385932922
19,5,0.6226206421852112
19,6,0.6251847743988037
19,7,0.6474244594573975
19,8,0.6688026189804077
19,9,0.6666748523712158
19,10,0.6465458273887634
19,11,0.6300866007804871
19,12,0.6537608504295349
19,13,0.6322984099388123
19,14,0.651133120059967
19,15,0.66266930103302
19,16,0.6425623297691345
19,17,0.6479717493057251
19,18,0.6471717953681946
19,19,0.6390080451965332