y_true: [-0.09306899 -0.27258253  0.16008958 -0.21116664  0.43398401 -0.47863573
  0.13426128  0.4431476   0.03394356 -0.66466618 -0.90634233 -0.45854884
  0.14801385 -0.60822886 -0.3242591  -0.41356704  0.07069704 -0.14115196
  0.10566022 -0.31720424  0.31918573  0.12998202  0.18358937 -0.52108032
  0.14270498 -0.47245744  1.         -0.2601712   0.28752375 -0.50259739
 -0.25498039 -0.44466028 -0.36699945 -0.20722339  0.19620712  0.28771925
  0.10925925  0.18319859  0.14105712  0.08759619 -0.5333789  -0.27776584
  0.35615945  0.71544284  0.10306858 -0.28524476  0.41363949 -0.27164999
 -0.78121418 -0.14312677 -0.13701206  0.28922158 -0.16102125  0.03250793
 -0.17595549 -0.22449546 -0.36383826 -0.44776741 -0.5605303  -0.36122587
 -0.92949069 -0.2962257  -0.30238786  0.31293711 -0.5221343  -0.51151502
 -0.04999832 -0.57095283 -0.15971498 -0.41722029 -0.30357891  0.41096601
 -0.89337683 -0.11942037  0.07071843 -0.6897741  -0.21217309 -0.16200756
 -0.24971506 -0.62025106  0.52128953 -0.12497903 -1.         -0.48076969
  0.53718424  0.1669915   0.20092726 -0.25984648 -0.06745447 -0.49520519
 -0.58735007  0.4650262  -0.58803445 -0.02626549  0.4374218  -0.15792395
 -0.15446329  0.09326684 -0.38089329 -0.714634  ]
y_pred: [0.37304688 0.40039062 0.13769531 0.29589844 0.30761719 0.21875
 0.17578125 0.42089844 0.17578125 0.26367188 0.15527344 0.17382812
 0.35351562 0.125      0.18847656 0.26171875 0.18359375 0.30273438
 0.21289062 0.2578125  0.53613281 0.203125   0.18066406 0.13769531
 0.16699219 0.27929688 0.37792969 0.26074219 0.47363281 0.09667969
 0.23046875 0.09863281 0.05078125 0.28417969 0.171875   0.28710938
 0.3203125  0.18945312 0.24902344 0.26269531 0.18457031 0.21191406
 0.29785156 0.38476562 0.37011719 0.37792969 0.4921875  0.12402344
 0.23242188 0.11621094 0.31738281 0.27832031 0.32226562 0.29003906
 0.13769531 0.25195312 0.10644531 0.2734375  0.24707031 0.16894531
 0.27734375 0.27050781 0.25195312 0.27246094 0.24023438 0.28515625
 0.27734375 0.3046875  0.32910156 0.3984375  0.16796875 0.52929688
 0.20996094 0.45507812 0.15625    0.23046875 0.11914062 0.3828125
 0.36523438 0.22558594 0.43359375 0.27050781 0.10742188 0.14453125
 0.36816406 0.23535156 0.37695312 0.26074219 0.15820312 0.2421875
 0.16503906 0.34277344 0.1640625  0.22363281 0.39648438 0.18359375
 0.29492188 0.43066406 0.16699219 0.11035156]
num_samples: 100
mae: 0.4418195809237659
mse: 0.28527547602252334
rmse: 0.534111857219556
r-squared: -0.9318676227596376
adj r-squared: -1.101702139046199
best_epoch: 29
