y_true: [-0.09306899 -0.27258253  0.16008958 -0.21116664  0.43398401 -0.47863573
  0.13426128  0.4431476   0.03394356 -0.66466618 -0.90634233 -0.45854884
  0.14801385 -0.60822886 -0.3242591  -0.41356704  0.07069704 -0.14115196
  0.10566022 -0.31720424  0.31918573  0.12998202  0.18358937 -0.52108032
  0.14270498 -0.47245744  1.         -0.2601712   0.28752375 -0.50259739
 -0.25498039 -0.44466028 -0.36699945 -0.20722339  0.19620712  0.28771925
  0.10925925  0.18319859  0.14105712  0.08759619 -0.5333789  -0.27776584
  0.35615945  0.71544284  0.10306858 -0.28524476  0.41363949 -0.27164999
 -0.78121418 -0.14312677 -0.13701206  0.28922158 -0.16102125  0.03250793
 -0.17595549 -0.22449546 -0.36383826 -0.44776741 -0.5605303  -0.36122587
 -0.92949069 -0.2962257  -0.30238786  0.31293711 -0.5221343  -0.51151502
 -0.04999832 -0.57095283 -0.15971498 -0.41722029 -0.30357891  0.41096601
 -0.89337683 -0.11942037  0.07071843 -0.6897741  -0.21217309 -0.16200756
 -0.24971506 -0.62025106  0.52128953 -0.12497903 -1.         -0.48076969
  0.53718424  0.1669915   0.20092726 -0.25984648 -0.06745447 -0.49520519
 -0.58735007  0.4650262  -0.58803445 -0.02626549  0.4374218  -0.15792395
 -0.15446329  0.09326684 -0.38089329 -0.714634  ]
y_pred: [0.37695312 0.41113281 0.1484375  0.28320312 0.32324219 0.23242188
 0.1875     0.45019531 0.15527344 0.28320312 0.14257812 0.1953125
 0.359375   0.11035156 0.15332031 0.24609375 0.17382812 0.31542969
 0.20507812 0.26464844 0.52539062 0.17285156 0.17675781 0.11914062
 0.18652344 0.27148438 0.38769531 0.2265625  0.50683594 0.08886719
 0.2265625  0.10449219 0.06738281 0.3046875  0.15527344 0.27539062
 0.31542969 0.20410156 0.23535156 0.27148438 0.16992188 0.22363281
 0.29589844 0.39648438 0.3515625  0.36230469 0.49316406 0.13476562
 0.2109375  0.11425781 0.35058594 0.25488281 0.32226562 0.28613281
 0.13867188 0.25       0.09765625 0.31445312 0.28222656 0.17871094
 0.26953125 0.28808594 0.24121094 0.28125    0.23242188 0.34765625
 0.22753906 0.296875   0.27734375 0.41210938 0.14746094 0.51757812
 0.19726562 0.41601562 0.140625   0.22558594 0.11230469 0.38183594
 0.35644531 0.21289062 0.42675781 0.27148438 0.11914062 0.15332031
 0.34472656 0.22949219 0.39257812 0.27246094 0.14257812 0.22753906
 0.17480469 0.34277344 0.17382812 0.25488281 0.40136719 0.18945312
 0.28222656 0.39453125 0.17382812 0.12988281]
num_samples: 100
mae: 0.44085701955482365
mse: 0.2850503872247081
rmse: 0.533901102475644
r-squared: -0.9303433355450195
adj r-squared: -1.1000438485599662
