y_true: [-0.65018821  0.53281015  0.49665552 -0.1984587   0.30947819 -0.24304697
 -0.03290847 -0.09715477 -0.1452079   0.87052011  0.374596   -0.11506206
 -0.32727876  0.2752631   0.21259516  0.17342159 -0.34828225  0.06260063
 -0.0344236   0.13040362  0.9176057  -0.62353426 -0.6736809   0.9054938
  0.20312536  0.21343169  0.1654294  -0.84784466 -0.28151184 -0.26691633
 -0.19216131 -0.53667438 -0.11245651  0.38323104 -0.12755869 -0.35350382
  0.33923489 -0.74991912  0.44715691 -0.39361614  0.03660766  0.36901128
  0.51410341 -0.34599361 -0.8176707   0.59257859  0.11401354  0.83219773
 -0.7777136  -0.78979379 -0.12351869 -0.01369487  0.13337448 -0.00933307
  0.42925584 -0.42058    -0.60312909  0.55884045 -0.13076673  0.22588012
  0.01613788  0.10222853  0.37742126 -0.65572703 -0.26911494  0.10164671
 -0.1739611   0.42433637 -0.29183999  0.21348637  0.49122152  0.15828159
 -0.85824412 -0.45555675  0.21682617 -0.29688942 -0.31875274 -0.68433672
  0.27176446 -0.15195391 -0.60094184  0.36716241  0.01092578 -0.04855493
  1.          0.05589242 -0.09750014  0.06800747 -0.32690504  0.3710416
  0.37066382 -0.24479263 -0.23817019 -1.         -0.73131692 -0.76803148
 -0.35190848 -0.11656986 -0.3688519   0.19657342]
y_pred: [-5.55390477e-01  4.58255351e-01  3.28086585e-01 -1.15122616e-01
  3.87506098e-01 -6.99750856e-02  1.19818538e-01 -4.17041220e-02
 -8.31627250e-02  6.16817892e-01  3.78121018e-01 -1.43269509e-01
 -3.92246127e-01 -1.27650052e-01  9.51630920e-02  6.54185340e-02
 -3.61526281e-01  2.89389759e-01  1.41321588e-03  5.65910280e-01
  5.67504287e-01 -5.90240479e-01 -6.00752175e-01  6.80662155e-01
  3.42218399e-01  3.43345493e-01  2.79475391e-01 -6.81176424e-01
 -3.20822448e-01 -2.93906152e-01 -2.35903069e-01 -5.85253119e-01
 -1.72948122e-01  3.45852226e-01 -1.30886853e-01 -4.22765404e-01
  2.74717331e-01 -6.82961285e-01  5.56556344e-01 -3.43868226e-01
  1.07684001e-01  3.78648877e-01  5.05216837e-01 -4.14607763e-01
 -4.81941402e-01  6.54159248e-01  1.36308655e-01  6.67372465e-01
 -6.50035262e-01 -6.03956997e-01 -7.99014792e-02 -1.03739277e-01
  1.62851974e-01  5.76874183e-04  6.01517260e-01 -4.55142021e-01
 -6.23861432e-01  5.34784853e-01 -7.25678504e-02  3.27008367e-01
  5.67152388e-02  1.89055204e-01  5.48154354e-01 -6.14859700e-01
 -3.11511427e-01  1.27450451e-01 -2.60624081e-01  5.02851069e-01
 -2.98623711e-01  3.22244793e-01  5.85914552e-01  2.05394030e-01
 -7.11149812e-01 -5.13767958e-01  2.63014913e-01 -3.21144849e-01
 -1.71373993e-01 -6.38776183e-01  4.45945978e-01 -1.36143878e-01
 -5.95776260e-01  5.98932087e-01 -6.53664991e-02 -3.86541709e-02
  7.45711327e-01  4.91791070e-02 -5.06216325e-02  7.55313039e-02
 -4.30136591e-01  5.60961366e-01  2.99595177e-01 -2.85204083e-01
  7.25000501e-02 -7.29209960e-01 -6.13545120e-01 -7.09957778e-01
 -4.19977158e-01 -1.57365054e-01 -4.32638556e-01  3.21396828e-01]
num_samples: 100
mae: 0.0970978956943145
mse: 0.017278141125814665
rmse: 0.13144634314356055
r-squared: 0.9113590793675683
adj r-squared: 0.9076268300777818
best_epoch: 29
