y_true: [-0.65018821  0.53281015  0.49665552 -0.1984587   0.30947819 -0.24304697
 -0.03290847 -0.09715477 -0.1452079   0.87052011  0.374596   -0.11506206
 -0.32727876  0.2752631   0.21259516  0.17342159 -0.34828225  0.06260063
 -0.0344236   0.13040362  0.9176057  -0.62353426 -0.6736809   0.9054938
  0.20312536  0.21343169  0.1654294  -0.84784466 -0.28151184 -0.26691633
 -0.19216131 -0.53667438 -0.11245651  0.38323104 -0.12755869 -0.35350382
  0.33923489 -0.74991912  0.44715691 -0.39361614  0.03660766  0.36901128
  0.51410341 -0.34599361 -0.8176707   0.59257859  0.11401354  0.83219773
 -0.7777136  -0.78979379 -0.12351869 -0.01369487  0.13337448 -0.00933307
  0.42925584 -0.42058    -0.60312909  0.55884045 -0.13076673  0.22588012
  0.01613788  0.10222853  0.37742126 -0.65572703 -0.26911494  0.10164671
 -0.1739611   0.42433637 -0.29183999  0.21348637  0.49122152  0.15828159
 -0.85824412 -0.45555675  0.21682617 -0.29688942 -0.31875274 -0.68433672
  0.27176446 -0.15195391 -0.60094184  0.36716241  0.01092578 -0.04855493
  1.          0.05589242 -0.09750014  0.06800747 -0.32690504  0.3710416
  0.37066382 -0.24479263 -0.23817019 -1.         -0.73131692 -0.76803148
 -0.35190848 -0.11656986 -0.3688519   0.19657342]
y_pred: [-0.57395744  0.3556245   0.41718233 -0.12528221  0.32302603 -0.20054483
  0.03840901 -0.02092839 -0.08360873  0.6747089   0.31977376 -0.2523483
 -0.36636147 -0.00861885  0.12167689  0.05245182 -0.42315301  0.33025691
  0.04145135  0.52624702  0.55592537 -0.68432379 -0.61920631  0.66422623
  0.3449758   0.35303062  0.26314765 -0.69855618 -0.29568312 -0.20674214
 -0.30915993 -0.57477975 -0.22057067  0.31315863 -0.14846785 -0.40568912
  0.26080576 -0.65488541  0.55455101 -0.49982414  0.0483181   0.41767237
  0.5599125  -0.39140746 -0.51711291  0.71547198  0.20773487  0.65018743
 -0.62758446 -0.53591526 -0.00430105 -0.03827107  0.14655472  0.01409018
  0.56776047 -0.43281475 -0.58559805  0.57118201 -0.08495259  0.26631057
  0.08301845  0.17941307  0.54449427 -0.60691375 -0.24899431  0.16936029
 -0.20091434  0.54160643 -0.30620113  0.30043226  0.58739436  0.21942391
 -0.72847939 -0.50292563  0.27737713 -0.25002378 -0.16999739 -0.6184209
  0.44517308 -0.23132151 -0.60479522  0.61210209  0.04352969 -0.00933436
  0.72315449  0.12969509 -0.10467229 -0.02527443 -0.38384849  0.57012719
  0.33665252 -0.29730728  0.06099886 -0.70783806 -0.61064762 -0.69204795
 -0.4287414  -0.1744148  -0.3887389   0.3354685 ]
num_samples: 100
mae: 0.10023126519750804
mse: 0.016875021545977777
rmse: 0.12990389349814646
r-squared: 0.9134271774587637
adj r-squared: 0.9097820059833432
