y_true: [-0.65018821  0.53281015  0.49665552 -0.1984587   0.30947819 -0.24304697
 -0.03290847 -0.09715477 -0.1452079   0.87052011  0.374596   -0.11506206
 -0.32727876  0.2752631   0.21259516  0.17342159 -0.34828225  0.06260063
 -0.0344236   0.13040362  0.9176057  -0.62353426 -0.6736809   0.9054938
  0.20312536  0.21343169  0.1654294  -0.84784466 -0.28151184 -0.26691633
 -0.19216131 -0.53667438 -0.11245651  0.38323104 -0.12755869 -0.35350382
  0.33923489 -0.74991912  0.44715691 -0.39361614  0.03660766  0.36901128
  0.51410341 -0.34599361 -0.8176707   0.59257859  0.11401354  0.83219773
 -0.7777136  -0.78979379 -0.12351869 -0.01369487  0.13337448 -0.00933307
  0.42925584 -0.42058    -0.60312909  0.55884045 -0.13076673  0.22588012
  0.01613788  0.10222853  0.37742126 -0.65572703 -0.26911494  0.10164671
 -0.1739611   0.42433637 -0.29183999  0.21348637  0.49122152  0.15828159
 -0.85824412 -0.45555675  0.21682617 -0.29688942 -0.31875274 -0.68433672
  0.27176446 -0.15195391 -0.60094184  0.36716241  0.01092578 -0.04855493
  1.          0.05589242 -0.09750014  0.06800747 -0.32690504  0.3710416
  0.37066382 -0.24479263 -0.23817019 -1.         -0.73131692 -0.76803148
 -0.35190848 -0.11656986 -0.3688519   0.19657342]
y_pred: [0.13867188 0.34472656 0.28710938 0.29882812 0.30175781 0.27148438
 0.21777344 0.18164062 0.37109375 0.41015625 0.3828125  0.25292969
 0.19628906 0.22265625 0.4296875  0.36621094 0.10644531 0.37695312
 0.18066406 0.51074219 0.44824219 0.13867188 0.06542969 0.63085938
 0.22851562 0.234375   0.22949219 0.19238281 0.09765625 0.234375
 0.17285156 0.25585938 0.16601562 0.29394531 0.15039062 0.10742188
 0.41992188 0.19921875 0.41894531 0.14550781 0.16699219 0.24121094
 0.32519531 0.45117188 0.09570312 0.42871094 0.33398438 0.40722656
 0.26367188 0.30078125 0.12597656 0.27734375 0.19335938 0.24707031
 0.29101562 0.10839844 0.08398438 0.49511719 0.12988281 0.2578125
 0.16601562 0.1875     0.38867188 0.21679688 0.21972656 0.50976562
 0.20703125 0.31542969 0.4375     0.30078125 0.32421875 0.35546875
 0.10253906 0.13574219 0.33300781 0.22949219 0.21386719 0.16503906
 0.28808594 0.33496094 0.15722656 0.51855469 0.29101562 0.19335938
 0.74609375 0.21679688 0.13378906 0.51171875 0.23535156 0.39746094
 0.22363281 0.15820312 0.38964844 0.11230469 0.3125     0.11425781
 0.22363281 0.234375   0.18066406 0.22363281]
num_samples: 100
mae: 0.38838496955111623
mse: 0.23794008696128596
rmse: 0.4877910279630879
r-squared: -0.22068851099367182
adj r-squared: -0.27208592198287884
best_epoch: 22
