y_true: [-0.65018821  0.53281015  0.49665552 -0.1984587   0.30947819 -0.24304697
 -0.03290847 -0.09715477 -0.1452079   0.87052011  0.374596   -0.11506206
 -0.32727876  0.2752631   0.21259516  0.17342159 -0.34828225  0.06260063
 -0.0344236   0.13040362  0.9176057  -0.62353426 -0.6736809   0.9054938
  0.20312536  0.21343169  0.1654294  -0.84784466 -0.28151184 -0.26691633
 -0.19216131 -0.53667438 -0.11245651  0.38323104 -0.12755869 -0.35350382
  0.33923489 -0.74991912  0.44715691 -0.39361614  0.03660766  0.36901128
  0.51410341 -0.34599361 -0.8176707   0.59257859  0.11401354  0.83219773
 -0.7777136  -0.78979379 -0.12351869 -0.01369487  0.13337448 -0.00933307
  0.42925584 -0.42058    -0.60312909  0.55884045 -0.13076673  0.22588012
  0.01613788  0.10222853  0.37742126 -0.65572703 -0.26911494  0.10164671
 -0.1739611   0.42433637 -0.29183999  0.21348637  0.49122152  0.15828159
 -0.85824412 -0.45555675  0.21682617 -0.29688942 -0.31875274 -0.68433672
  0.27176446 -0.15195391 -0.60094184  0.36716241  0.01092578 -0.04855493
  1.          0.05589242 -0.09750014  0.06800747 -0.32690504  0.3710416
  0.37066382 -0.24479263 -0.23817019 -1.         -0.73131692 -0.76803148
 -0.35190848 -0.11656986 -0.3688519   0.19657342]
y_pred: [0.1328125  0.30566406 0.27050781 0.30273438 0.24121094 0.3125
 0.1953125  0.15527344 0.41796875 0.38769531 0.37890625 0.2265625
 0.20703125 0.23730469 0.41113281 0.34082031 0.07226562 0.39257812
 0.18359375 0.50976562 0.44628906 0.11621094 0.05175781 0.609375
 0.21191406 0.21777344 0.22167969 0.21582031 0.09082031 0.22753906
 0.20507812 0.24609375 0.17578125 0.28125    0.16503906 0.109375
 0.43652344 0.19921875 0.43164062 0.15234375 0.12695312 0.21972656
 0.30957031 0.43554688 0.09765625 0.43359375 0.32910156 0.38183594
 0.23828125 0.29492188 0.10742188 0.29980469 0.20605469 0.22363281
 0.26660156 0.12597656 0.07910156 0.48339844 0.12109375 0.21777344
 0.14160156 0.19433594 0.390625   0.20214844 0.23144531 0.51074219
 0.22363281 0.30273438 0.42089844 0.26464844 0.29296875 0.34179688
 0.09375    0.109375   0.30664062 0.21972656 0.21972656 0.16210938
 0.31738281 0.32910156 0.1484375  0.47363281 0.29296875 0.16796875
 0.71972656 0.20019531 0.1484375  0.51855469 0.21289062 0.38085938
 0.21679688 0.15332031 0.38476562 0.10449219 0.32128906 0.10644531
 0.24023438 0.23535156 0.19628906 0.22167969]
num_samples: 100
mae: 0.387931868750602
mse: 0.23729424301420887
rmse: 0.4871285692855726
r-squared: -0.21737517991037225
adj r-squared: -0.2686330822223879
