y_true: [-0.09306899 -0.27258253  0.16008958 -0.21116664  0.43398401 -0.47863573
  0.13426128  0.4431476   0.03394356 -0.66466618 -0.90634233 -0.45854884
  0.14801385 -0.60822886 -0.3242591  -0.41356704  0.07069704 -0.14115196
  0.10566022 -0.31720424  0.31918573  0.12998202  0.18358937 -0.52108032
  0.14270498 -0.47245744  1.         -0.2601712   0.28752375 -0.50259739
 -0.25498039 -0.44466028 -0.36699945 -0.20722339  0.19620712  0.28771925
  0.10925925  0.18319859  0.14105712  0.08759619 -0.5333789  -0.27776584
  0.35615945  0.71544284  0.10306858 -0.28524476  0.41363949 -0.27164999
 -0.78121418 -0.14312677 -0.13701206  0.28922158 -0.16102125  0.03250793
 -0.17595549 -0.22449546 -0.36383826 -0.44776741 -0.5605303  -0.36122587
 -0.92949069 -0.2962257  -0.30238786  0.31293711 -0.5221343  -0.51151502
 -0.04999832 -0.57095283 -0.15971498 -0.41722029 -0.30357891  0.41096601
 -0.89337683 -0.11942037  0.07071843 -0.6897741  -0.21217309 -0.16200756
 -0.24971506 -0.62025106  0.52128953 -0.12497903 -1.         -0.48076969
  0.53718424  0.1669915   0.20092726 -0.25984648 -0.06745447 -0.49520519
 -0.58735007  0.4650262  -0.58803445 -0.02626549  0.4374218  -0.15792395
 -0.15446329  0.09326684 -0.38089329 -0.714634  ]
y_pred: [ 0.13969754 -0.06263085 -0.11681273 -0.06148693 -0.01331346 -0.14535116
 -0.08578268  0.08752637 -0.08804011 -0.1613359  -0.2579881  -0.16129126
 -0.05726806 -0.22053486 -0.26815501 -0.16147906 -0.14730316 -0.06101764
 -0.10162803 -0.11098514  0.1293378  -0.12245116 -0.09874675 -0.20119768
 -0.05868337 -0.22108139 -0.01256728 -0.10073249  0.09266337 -0.21389979
  0.00615732 -0.17665675 -0.21915522 -0.11828725 -0.15135424 -0.02777446
 -0.12200652 -0.06519994 -0.05228515  0.00400553 -0.15051199 -0.05994551
 -0.04438736 -0.06198348  0.06501295  0.0605026  -0.04032626 -0.14055762
 -0.15069421 -0.19150607 -0.15443315 -0.01375392 -0.15535022 -0.18420172
 -0.09179599 -0.07904877 -0.13391882 -0.09399521 -0.19242334 -0.25641432
 -0.24282904 -0.22116892 -0.22742356 -0.03424175 -0.0909481  -0.24907503
 -0.09744859 -0.13413025 -0.06398056  0.06377713 -0.17815411 -0.07632202
 -0.28944236 -0.09130214 -0.14162609 -0.30505812 -0.25164214 -0.09384291
 -0.23507962 -0.07156447  0.03721723 -0.11572195 -0.28376502 -0.22447529
 -0.12997183 -0.04517126 -0.07975886 -0.14169396 -0.12537079 -0.11724383
 -0.07256234 -0.12970872 -0.2120361  -0.15995671  0.11178377 -0.02629928
 -0.16586787 -0.04590228 -0.16602536 -0.21764633]
num_samples: 100
mae: 0.2757317185169086
mse: 0.11328123043585499
rmse: 0.33657277138214103
r-squared: 0.23286661581760537
adj r-squared: 0.16542631830706522
