y_true: [-0.09306899 -0.27258253  0.16008958 -0.21116664  0.43398401 -0.47863573
  0.13426128  0.4431476   0.03394356 -0.66466618 -0.90634233 -0.45854884
  0.14801385 -0.60822886 -0.3242591  -0.41356704  0.07069704 -0.14115196
  0.10566022 -0.31720424  0.31918573  0.12998202  0.18358937 -0.52108032
  0.14270498 -0.47245744  1.         -0.2601712   0.28752375 -0.50259739
 -0.25498039 -0.44466028 -0.36699945 -0.20722339  0.19620712  0.28771925
  0.10925925  0.18319859  0.14105712  0.08759619 -0.5333789  -0.27776584
  0.35615945  0.71544284  0.10306858 -0.28524476  0.41363949 -0.27164999
 -0.78121418 -0.14312677 -0.13701206  0.28922158 -0.16102125  0.03250793
 -0.17595549 -0.22449546 -0.36383826 -0.44776741 -0.5605303  -0.36122587
 -0.92949069 -0.2962257  -0.30238786  0.31293711 -0.5221343  -0.51151502
 -0.04999832 -0.57095283 -0.15971498 -0.41722029 -0.30357891  0.41096601
 -0.89337683 -0.11942037  0.07071843 -0.6897741  -0.21217309 -0.16200756
 -0.24971506 -0.62025106  0.52128953 -0.12497903 -1.         -0.48076969
  0.53718424  0.1669915   0.20092726 -0.25984648 -0.06745447 -0.49520519
 -0.58735007  0.4650262  -0.58803445 -0.02626549  0.4374218  -0.15792395
 -0.15446329  0.09326684 -0.38089329 -0.714634  ]
y_pred: [ 0.13947551 -0.06476936 -0.14282432 -0.04684412 -0.00904068 -0.16225851
 -0.09565746  0.07356334 -0.04248962 -0.1608611  -0.24620488 -0.1447359
 -0.06591969 -0.22678642 -0.27079964 -0.18880244 -0.16847946 -0.06660017
 -0.11835043 -0.12509069  0.09702185 -0.14713895 -0.08531389 -0.18625636
 -0.06393773 -0.20837949  0.00360738 -0.10411236  0.094062   -0.21204379
  0.03831168 -0.18736412 -0.2337486  -0.10635874 -0.13819596 -0.02918255
 -0.14879024 -0.06671909 -0.05535719 -0.01168207 -0.12949124 -0.05697374
 -0.04612143 -0.05380597  0.09120624  0.05310625 -0.01953035 -0.15014812
 -0.13242476 -0.19188954 -0.16043338 -0.03098711 -0.12538069 -0.19656423
 -0.10056298 -0.07016492 -0.14452115 -0.11622207 -0.21723083 -0.2618176
 -0.21792437 -0.2423484  -0.21435067 -0.03175719 -0.07614116 -0.28036979
 -0.10900436 -0.12965375 -0.09068806  0.0493018  -0.20813671 -0.04617534
 -0.29755411 -0.05683611 -0.14206646 -0.28391632 -0.23382844 -0.09388639
 -0.23826735 -0.09291025  0.0387642  -0.10043447 -0.28226787 -0.24186175
 -0.09621247 -0.05956683 -0.07494438 -0.1519707  -0.1432998  -0.12712526
 -0.10099763 -0.10701859 -0.19840424 -0.17243442  0.08811211 -0.04048012
 -0.1828002  -0.06280754 -0.15059891 -0.21752885]
num_samples: 100
mae: 0.2759775491966866
mse: 0.11264337379226952
rmse: 0.33562385760292657
r-squared: 0.23718614098284474
adj r-squared: 0.17012558194836958
best_epoch: 29
