epoch,batch,train_batch_loss
0,0,0.7587181925773621
0,1,0.782719075679779
0,2,0.6498931646347046
0,3,0.7137541174888611
0,4,0.7100604176521301
0,5,0.736286997795105
0,6,0.6892164945602417
0,7,0.7325026392936707
0,8,0.751004695892334
0,9,0.6932223439216614
0,10,0.6899548768997192
0,11,0.6878423690795898
0,12,0.7047171592712402
0,13,0.7016933560371399
0,14,0.718126654624939
0,15,0.6921190619468689
0,16,0.7189005613327026
0,17,0.6754884719848633
0,18,0.7170803546905518
0,19,0.693313479423523
1,0,0.6741626858711243
1,1,0.661676824092865
1,2,0.7497721910476685
1,3,0.7177399396896362
1,4,0.6634575128555298
1,5,0.7150909304618835
1,6,0.6677536368370056
1,7,0.7149184942245483
1,8,0.6829699277877808
1,9,0.7360569834709167
1,10,0.7182720303535461
1,11,0.7346793413162231
1,12,0.6653786897659302
1,13,0.7320076823234558
1,14,0.6837611794471741
1,15,0.6986225843429565
1,16,0.7127112746238708
1,17,0.6976215243339539
1,18,0.6829754114151001
1,19,0.6971022486686707
2,0,0.6965889930725098
2,1,0.6966331005096436
2,2,0.720740020275116
2,3,0.6966410875320435
2,4,0.7065712809562683
2,5,0.7051020860671997
2,6,0.6947017312049866
2,7,0.6950509548187256
2,8,0.6806167960166931
2,9,0.6808785200119019
2,10,0.6950799822807312
2,11,0.694747805595398
2,12,0.6795135736465454
2,13,0.7023667097091675
2,14,0.6939350962638855
2,15,0.6937847137451172
2,16,0.7027195692062378
2,17,0.7029797434806824
2,18,0.6841107606887817
2,19,0.6929789185523987
3,0,0.6927138566970825
3,1,0.6933377385139465
3,2,0.672834038734436
3,3,0.6915794610977173
3,4,0.6911489963531494
3,5,0.6911324262619019
3,6,0.6923505663871765
3,7,0.6902714967727661
3,8,0.6780445575714111
3,9,0.691169798374176
3,10,0.6749101281166077
3,11,0.6928395628929138
3,12,0.7220685482025146
3,13,0.6874665021896362
3,14,0.6857340335845947
3,15,0.7054463028907776
3,16,0.6848676800727844
3,17,0.6712780594825745
3,18,0.6983273029327393
3,19,0.7095158100128174
4,0,0.7139617204666138
4,1,0.6753115653991699
4,2,0.6804550886154175
4,3,0.6674831509590149
4,4,0.7138658761978149
4,5,0.6614909172058105
4,6,0.6863117814064026
4,7,0.6894688010215759
4,8,0.6591352224349976
4,9,0.6702710390090942
4,10,0.7093983888626099
4,11,0.6765741109848022
4,12,0.683963418006897
4,13,0.6645821332931519
4,14,0.699834942817688
4,15,0.662729024887085
4,16,0.6497211456298828
4,17,0.6932196617126465
4,18,0.6765778064727783
4,19,0.6989439725875854
5,0,0.6953763365745544
5,1,0.6402997374534607
5,2,0.7062215805053711
5,3,0.6506470441818237
5,4,0.6933714151382446
5,5,0.661106526851654
5,6,0.6804795265197754
5,7,0.6636329889297485
5,8,0.6439993977546692
5,9,0.6632105112075806
5,10,0.6534284353256226
5,11,0.6687095165252686
5,12,0.6803776025772095
5,13,0.6674625873565674
5,14,0.6695690751075745
5,15,0.6867626309394836
5,16,0.6542569398880005
5,17,0.6927938461303711
5,18,0.6412107348442078
5,19,0.6665027141571045
6,0,0.6668294668197632
6,1,0.6678510308265686
6,2,0.6725772619247437
6,3,0.6619371771812439
6,4,0.6067897081375122
6,5,0.6697379946708679
6,6,0.6195429563522339
6,7,0.6175615191459656
6,8,0.6482543349266052
6,9,0.6966100931167603
6,10,0.6929411888122559
6,11,0.6662052869796753
6,12,0.6485198736190796
6,13,0.6377680897712708
6,14,0.6680092215538025
6,15,0.7256360054016113
6,16,0.6683610081672668
6,17,0.6205568909645081
6,18,0.6205487251281738
6,19,0.6491422057151794
7,0,0.6548668146133423
7,1,0.678035318851471
7,2,0.6425023674964905
7,3,0.6416847109794617
7,4,0.6490423679351807
7,5,0.6352851986885071
7,6,0.6594755053520203
7,7,0.6503818035125732
7,8,0.6344335079193115
7,9,0.6338967084884644
7,10,0.6136117577552795
7,11,0.62654048204422
7,12,0.6366704702377319
7,13,0.6289929151535034
7,14,0.6421517133712769
7,15,0.6290498971939087
7,16,0.6233708262443542
7,17,0.6400425434112549
7,18,0.6030197739601135
7,19,0.6304940581321716
8,0,0.6162623763084412
8,1,0.714739978313446
8,2,0.597295880317688
8,3,0.5529466867446899
8,4,0.6261224746704102
8,5,0.5597526431083679
8,6,0.5474592447280884
8,7,0.680591881275177
8,8,0.6165230870246887
8,9,0.5616440773010254
8,10,0.7788724899291992
8,11,0.5958107113838196
8,12,0.6051726341247559
8,13,0.6428201198577881
8,14,0.711001992225647
8,15,0.6388062238693237
8,16,0.6868182420730591
8,17,0.5844584107398987
8,18,0.556142270565033
8,19,0.5788183212280273
9,0,0.6137022972106934
9,1,0.6369856595993042
9,2,0.6039764285087585
9,3,0.6410914659500122
9,4,0.618491530418396
9,5,0.58858323097229
9,6,0.6234965920448303
9,7,0.6178513765335083
9,8,0.5668557286262512
9,9,0.595754086971283
9,10,0.5780390501022339
9,11,0.5766913294792175
9,12,0.6034599542617798
9,13,0.563420295715332
9,14,0.6532274484634399
9,15,0.629119873046875
9,16,0.5754989385604858
9,17,0.5402740240097046
9,18,0.5952406525611877
9,19,0.5192505121231079
10,0,0.6021953821182251
10,1,0.652994692325592
10,2,0.5932313203811646
10,3,0.5360077619552612
10,4,0.5755602121353149
10,5,0.5410879850387573
10,6,0.5734567046165466
10,7,0.5435989499092102
10,8,0.5231698751449585
10,9,0.6554087400436401
10,10,0.5285292863845825
10,11,0.4822826385498047
10,12,0.5694241523742676
10,13,0.5372240543365479
10,14,0.5619406700134277
10,15,0.5978464484214783
10,16,0.5844235420227051
10,17,0.5431894063949585
10,18,0.6352717876434326
10,19,0.5374758243560791
11,0,0.5206894278526306
11,1,0.5159168243408203
11,2,0.5051611661911011
11,3,0.5082279443740845
11,4,0.5473380088806152
11,5,0.5073269605636597
11,6,0.6070582866668701
11,7,0.5136925578117371
11,8,0.5592079758644104
11,9,0.6738559007644653
11,10,0.5604694485664368
11,11,0.6223137974739075
11,12,0.481038898229599
11,13,0.5316957235336304
11,14,0.5170165300369263
11,15,0.5452435612678528
11,16,0.4622425138950348
11,17,0.4752194285392761
11,18,0.555367648601532
11,19,0.5663752555847168
12,0,0.4635199010372162
12,1,0.45749181509017944
12,2,0.5244981050491333
12,3,0.5724615454673767
12,4,0.4550183415412903
12,5,0.5153045058250427
12,6,0.5953540802001953
12,7,0.5215824842453003
12,8,0.5075518488883972
12,9,0.6379271745681763
12,10,0.5097748041152954
12,11,0.624147891998291
12,12,0.3757707178592682
12,13,0.4856305718421936
12,14,0.47413358092308044
12,15,0.501436173915863
12,16,0.4298720359802246
12,17,0.46219414472579956
12,18,0.38865557312965393
12,19,0.5318816900253296
13,0,0.3919338881969452
13,1,0.39813098311424255
13,2,0.5564051866531372
13,3,0.4678737223148346
13,4,0.48430150747299194
13,5,0.4325426518917084
13,6,0.35684847831726074
13,7,0.4360474646091461
13,8,0.47711777687072754
13,9,0.3499957025051117
13,10,0.4048194885253906
13,11,0.4984894394874573
13,12,0.5309465527534485
13,13,0.5325706005096436
13,14,0.44558411836624146
13,15,0.47204500436782837
13,16,0.4178454279899597
13,17,0.7952263355255127
13,18,0.436162531375885
13,19,0.5527814626693726
14,0,0.562080979347229
14,1,0.4711701273918152
14,2,0.40963706374168396
14,3,0.4572283625602722
14,4,0.680406928062439
14,5,0.4040849208831787
14,6,0.3476477265357971
14,7,0.37861740589141846
14,8,0.41228967905044556
14,9,0.4864630103111267
14,10,0.5919734835624695
14,11,0.5259110331535339
14,12,0.36131051182746887
14,13,0.35716724395751953
14,14,0.4659596383571625
14,15,0.41150426864624023
14,16,0.49074339866638184
14,17,0.4592563509941101
14,18,0.3994704484939575
14,19,0.2649296522140503
15,0,0.34471529722213745
15,1,0.3447110652923584
15,2,0.3670418858528137
15,3,0.5855507850646973
15,4,0.46646684408187866
15,5,0.258452445268631
15,6,0.23173336684703827
15,7,0.338235467672348
15,8,0.3646921217441559
15,9,0.6118150949478149
15,10,0.32523807883262634
15,11,0.5206378698348999
15,12,0.3889739215373993
15,13,0.3016265630722046
15,14,0.6686131358146667
15,15,0.38657817244529724
15,16,0.42678603529930115
15,17,0.4356711506843567
15,18,0.585177481174469
15,19,0.4121274948120117
16,0,0.39378291368484497
16,1,0.3748100697994232
16,2,0.3571574091911316
16,3,0.4749053418636322
16,4,0.29769620299339294
16,5,0.38319212198257446
16,6,0.4961530566215515
16,7,0.46643441915512085
16,8,0.33604949712753296
16,9,0.6651382446289062
16,10,0.3010706603527069
16,11,0.4040709137916565
16,12,0.34674543142318726
16,13,0.3585149347782135
16,14,0.2500092387199402
16,15,0.4172595143318176
16,16,0.48309120535850525
16,17,0.4584595561027527
16,18,0.7019808888435364
16,19,0.2309403121471405
17,0,0.6140881776809692
17,1,0.543204665184021
17,2,0.6366986036300659
17,3,0.46753016114234924
17,4,0.22991299629211426
17,5,0.5327457189559937
17,6,0.33257848024368286
17,7,0.49566683173179626
17,8,0.3536047339439392
17,9,0.6669048070907593
17,10,0.371940553188324
17,11,0.36158832907676697
17,12,0.35838937759399414
17,13,0.36118215322494507
17,14,0.375901460647583
17,15,0.24505698680877686
17,16,0.24796120822429657
17,17,0.3177608549594879
17,18,0.2515172064304352
17,19,0.5242230296134949
18,0,0.2409285306930542
18,1,0.26975399255752563
18,2,0.5184911489486694
18,3,0.6090110540390015
18,4,0.35925382375717163
18,5,0.6253476142883301
18,6,0.5510553121566772
18,7,0.33421728014945984
18,8,0.2973143756389618
18,9,0.2860191762447357
18,10,0.2763473391532898
18,11,0.2755063474178314
18,12,0.33968275785446167
18,13,0.5060211420059204
18,14,0.25802749395370483
18,15,0.4935101568698883
18,16,0.3377121686935425
18,17,0.497628778219223
18,18,0.24909591674804688
18,19,0.5240945816040039
19,0,0.6231659650802612
19,1,0.32054129242897034
19,2,0.600119948387146
19,3,0.46113234758377075
19,4,0.4449287950992584
19,5,0.5591233968734741
19,6,0.41905108094215393
19,7,0.26111891865730286
19,8,0.33237138390541077
19,9,0.21919015049934387
19,10,0.5447992086410522
19,11,0.1804676502943039
19,12,0.1962943971157074
19,13,0.19907121360301971
19,14,0.4446166157722473
19,15,0.2174900472164154
19,16,0.47124719619750977
19,17,0.23558373749256134
19,18,0.4086291790008545
19,19,0.26218104362487793