y_true: [-0.65018821  0.53281015  0.49665552 -0.1984587   0.30947819 -0.24304697
 -0.03290847 -0.09715477 -0.1452079   0.87052011  0.374596   -0.11506206
 -0.32727876  0.2752631   0.21259516  0.17342159 -0.34828225  0.06260063
 -0.0344236   0.13040362  0.9176057  -0.62353426 -0.6736809   0.9054938
  0.20312536  0.21343169  0.1654294  -0.84784466 -0.28151184 -0.26691633
 -0.19216131 -0.53667438 -0.11245651  0.38323104 -0.12755869 -0.35350382
  0.33923489 -0.74991912  0.44715691 -0.39361614  0.03660766  0.36901128
  0.51410341 -0.34599361 -0.8176707   0.59257859  0.11401354  0.83219773
 -0.7777136  -0.78979379 -0.12351869 -0.01369487  0.13337448 -0.00933307
  0.42925584 -0.42058    -0.60312909  0.55884045 -0.13076673  0.22588012
  0.01613788  0.10222853  0.37742126 -0.65572703 -0.26911494  0.10164671
 -0.1739611   0.42433637 -0.29183999  0.21348637  0.49122152  0.15828159
 -0.85824412 -0.45555675  0.21682617 -0.29688942 -0.31875274 -0.68433672
  0.27176446 -0.15195391 -0.60094184  0.36716241  0.01092578 -0.04855493
  1.          0.05589242 -0.09750014  0.06800747 -0.32690504  0.3710416
  0.37066382 -0.24479263 -0.23817019 -1.         -0.73131692 -0.76803148
 -0.35190848 -0.11656986 -0.3688519   0.19657342]
y_pred: [-0.65770656  0.37748915  0.249724   -0.19945121  0.29928693 -0.16158488
 -0.1020386  -0.05139077 -0.08307295  0.5974133   0.26986742 -0.30579156
 -0.34011039 -0.03542094  0.11633286  0.05732333 -0.41650623  0.26514578
 -0.21574004  0.55741644  0.45660871 -0.65675592 -0.66825223  0.63029891
  0.27703834  0.24424118  0.20005494 -0.64010704 -0.3177807  -0.29098228
 -0.20336515 -0.606103   -0.16227169  0.31606579 -0.03741001 -0.47373664
  0.13111518 -0.66490293  0.51490158 -0.44773144  0.08067387  0.36547846
  0.39835036 -0.45797613 -0.51328045  0.61457622  0.15822504  0.67209899
 -0.59863138 -0.6880185  -0.12093236 -0.13546512  0.10153069  0.11938962
  0.42688358 -0.49625018 -0.60783863  0.47033149 -0.0751491   0.31695956
  0.08014642  0.04221505  0.51922399 -0.66892898 -0.2933974   0.09240624
 -0.21621892  0.51644623 -0.38604423  0.29014346  0.54196954  0.22375184
 -0.7580725  -0.53635985  0.17721173 -0.30095786 -0.19977108 -0.58900744
  0.42092884 -0.2726438  -0.64609444  0.58142972 -0.03843157 -0.02389198
  0.66425073  0.01331904 -0.12332793 -0.10063746 -0.3520456   0.4897953
  0.26976934 -0.38108367 -0.03019157 -0.79841465 -0.648992   -0.72679931
 -0.48046923 -0.22030741 -0.49670199  0.20804232]
num_samples: 100
mae: 0.09992883000522852
mse: 0.018009739513951302
rmse: 0.13420037076681757
r-squared: 0.9076058078677341
adj r-squared: 0.9037155260937441
best_epoch: 27
