y_true: [-0.65018821  0.53281015  0.49665552 -0.1984587   0.30947819 -0.24304697
 -0.03290847 -0.09715477 -0.1452079   0.87052011  0.374596   -0.11506206
 -0.32727876  0.2752631   0.21259516  0.17342159 -0.34828225  0.06260063
 -0.0344236   0.13040362  0.9176057  -0.62353426 -0.6736809   0.9054938
  0.20312536  0.21343169  0.1654294  -0.84784466 -0.28151184 -0.26691633
 -0.19216131 -0.53667438 -0.11245651  0.38323104 -0.12755869 -0.35350382
  0.33923489 -0.74991912  0.44715691 -0.39361614  0.03660766  0.36901128
  0.51410341 -0.34599361 -0.8176707   0.59257859  0.11401354  0.83219773
 -0.7777136  -0.78979379 -0.12351869 -0.01369487  0.13337448 -0.00933307
  0.42925584 -0.42058    -0.60312909  0.55884045 -0.13076673  0.22588012
  0.01613788  0.10222853  0.37742126 -0.65572703 -0.26911494  0.10164671
 -0.1739611   0.42433637 -0.29183999  0.21348637  0.49122152  0.15828159
 -0.85824412 -0.45555675  0.21682617 -0.29688942 -0.31875274 -0.68433672
  0.27176446 -0.15195391 -0.60094184  0.36716241  0.01092578 -0.04855493
  1.          0.05589242 -0.09750014  0.06800747 -0.32690504  0.3710416
  0.37066382 -0.24479263 -0.23817019 -1.         -0.73131692 -0.76803148
 -0.35190848 -0.11656986 -0.3688519   0.19657342]
y_pred: [-0.59459054  0.48995411  0.43892854 -0.18737906  0.3952727  -0.09763335
  0.00910758 -0.15537621 -0.12928002  0.68655753  0.34234834 -0.19406006
 -0.3374157   0.02551842  0.15998027  0.20764014 -0.34912965  0.4380911
 -0.07471225  0.48117042  0.54520059 -0.52095038 -0.63795996  0.6846624
  0.34955513  0.27366808  0.25014147 -0.67695224 -0.31487596 -0.22366108
 -0.27068582 -0.55247664 -0.04094996  0.29448232 -0.06539426 -0.38482484
  0.13883682 -0.60549235  0.61983967 -0.40227106  0.13373969  0.34827006
  0.5572266  -0.50962442 -0.41662154  0.648399    0.31183726  0.71543485
 -0.697492   -0.61988032 -0.03284502  0.06702152  0.18980862  0.18861035
  0.60190117 -0.44572911 -0.56060421  0.61463863 -0.19760846  0.2991609
  0.09828816  0.19321285  0.56077772 -0.65229094 -0.23553301  0.15343991
 -0.04470989  0.49886131 -0.37204888  0.31697717  0.64554387  0.20094086
 -0.66202551 -0.48255923  0.30950424 -0.21895108 -0.16920567 -0.624771
  0.47012767 -0.2282566  -0.56106991  0.57161635 -0.08389281  0.06829657
  0.72924495  0.06178362 -0.18468438 -0.11812773 -0.29845235  0.59042341
  0.37901506 -0.22057655  0.08245349 -0.76612216 -0.64232284 -0.67584771
 -0.41840544 -0.11311078 -0.42006266  0.17902368]
num_samples: 100
mae: 0.10344973279163241
mse: 0.018421556039524188
rmse: 0.13572603302065595
r-squared: 0.9054930924029964
adj r-squared: 0.9015138541883857
