y_true: [-0.09306899 -0.27258253  0.16008958 -0.21116664  0.43398401 -0.47863573
  0.13426128  0.4431476   0.03394356 -0.66466618 -0.90634233 -0.45854884
  0.14801385 -0.60822886 -0.3242591  -0.41356704  0.07069704 -0.14115196
  0.10566022 -0.31720424  0.31918573  0.12998202  0.18358937 -0.52108032
  0.14270498 -0.47245744  1.         -0.2601712   0.28752375 -0.50259739
 -0.25498039 -0.44466028 -0.36699945 -0.20722339  0.19620712  0.28771925
  0.10925925  0.18319859  0.14105712  0.08759619 -0.5333789  -0.27776584
  0.35615945  0.71544284  0.10306858 -0.28524476  0.41363949 -0.27164999
 -0.78121418 -0.14312677 -0.13701206  0.28922158 -0.16102125  0.03250793
 -0.17595549 -0.22449546 -0.36383826 -0.44776741 -0.5605303  -0.36122587
 -0.92949069 -0.2962257  -0.30238786  0.31293711 -0.5221343  -0.51151502
 -0.04999832 -0.57095283 -0.15971498 -0.41722029 -0.30357891  0.41096601
 -0.89337683 -0.11942037  0.07071843 -0.6897741  -0.21217309 -0.16200756
 -0.24971506 -0.62025106  0.52128953 -0.12497903 -1.         -0.48076969
  0.53718424  0.1669915   0.20092726 -0.25984648 -0.06745447 -0.49520519
 -0.58735007  0.4650262  -0.58803445 -0.02626549  0.4374218  -0.15792395
 -0.15446329  0.09326684 -0.38089329 -0.714634  ]
y_pred: [ 0.29949462 -0.14320253 -0.18119518  0.10155855  0.23271567 -0.32359284
 -0.17446598  0.27417156 -0.10492242 -0.25284407 -0.42801371 -0.25366828
  0.05411877 -0.19817308 -0.43170673 -0.45626426 -0.21316643 -0.0359044
 -0.22058427 -0.02545911  0.37700257 -0.07337963 -0.12869324 -0.35326976
  0.01349416 -0.44861111 -0.00534275 -0.11191233  0.39749581 -0.3282617
  0.05960882 -0.25526199 -0.34698179 -0.25878531 -0.06314351  0.1356065
 -0.30727333 -0.01889896  0.00221605  0.13105364 -0.05785659  0.05636783
  0.04360826  0.00958112  0.28114709  0.20300822 -0.04112544 -0.21480779
 -0.22499643 -0.20558995 -0.47566387  0.03339845 -0.16039002 -0.41218743
 -0.1070027   0.09209319 -0.2381683  -0.31195611 -0.26002872 -0.07660584
 -0.46824044 -0.49366948 -0.34568509  0.02324999 -0.30684036 -0.47552684
 -0.33350328 -0.37506762 -0.24071261  0.2608631  -0.19707499 -0.14105079
 -0.47790483  0.21757348 -0.30084974 -0.42743978 -0.37048408 -0.35136852
 -0.30423746 -0.0755159   0.0339959  -0.14508438 -0.44510964 -0.43448547
  0.01981135 -0.04519722 -0.09567555 -0.18200614 -0.32295927 -0.08391187
 -0.11071683 -0.26283664 -0.40128437 -0.16230933  0.28981805  0.03665122
 -0.37324435 -0.35560042 -0.28365576 -0.38744149]
num_samples: 100
mae: 0.26236067241523414
mse: 0.10213859411420351
rmse: 0.31959129230034333
r-squared: 0.3083238497940881
adj r-squared: 0.24751715527049156
best_epoch: 26
