y_true: [-0.09306899 -0.27258253  0.16008958 -0.21116664  0.43398401 -0.47863573
  0.13426128  0.4431476   0.03394356 -0.66466618 -0.90634233 -0.45854884
  0.14801385 -0.60822886 -0.3242591  -0.41356704  0.07069704 -0.14115196
  0.10566022 -0.31720424  0.31918573  0.12998202  0.18358937 -0.52108032
  0.14270498 -0.47245744  1.         -0.2601712   0.28752375 -0.50259739
 -0.25498039 -0.44466028 -0.36699945 -0.20722339  0.19620712  0.28771925
  0.10925925  0.18319859  0.14105712  0.08759619 -0.5333789  -0.27776584
  0.35615945  0.71544284  0.10306858 -0.28524476  0.41363949 -0.27164999
 -0.78121418 -0.14312677 -0.13701206  0.28922158 -0.16102125  0.03250793
 -0.17595549 -0.22449546 -0.36383826 -0.44776741 -0.5605303  -0.36122587
 -0.92949069 -0.2962257  -0.30238786  0.31293711 -0.5221343  -0.51151502
 -0.04999832 -0.57095283 -0.15971498 -0.41722029 -0.30357891  0.41096601
 -0.89337683 -0.11942037  0.07071843 -0.6897741  -0.21217309 -0.16200756
 -0.24971506 -0.62025106  0.52128953 -0.12497903 -1.         -0.48076969
  0.53718424  0.1669915   0.20092726 -0.25984648 -0.06745447 -0.49520519
 -0.58735007  0.4650262  -0.58803445 -0.02626549  0.4374218  -0.15792395
 -0.15446329  0.09326684 -0.38089329 -0.714634  ]
y_pred: [ 0.24243034 -0.18531579 -0.21057671  0.09927166  0.19635572 -0.35412773
 -0.16494706  0.22251803 -0.09067583 -0.27517429 -0.45466563 -0.23252855
  0.04016909 -0.21991411 -0.4482882  -0.47394896 -0.25858539 -0.03234667
 -0.28078902 -0.12351326  0.38720244 -0.17159151 -0.13103069 -0.35732341
  0.02337217 -0.49318776 -0.01787068 -0.11550162  0.37472108 -0.35430881
  0.03767883 -0.26730278 -0.35962337 -0.28678721 -0.0877897   0.11162745
 -0.32396144 -0.03438216 -0.01207388  0.09777003  0.00095773  0.00502832
  0.04626402 -0.01517791  0.28368369  0.16099128 -0.08876511 -0.21387456
 -0.2845273  -0.20774171 -0.50576264  0.03572995 -0.12798625 -0.43415952
 -0.16184284  0.08485683 -0.22532162 -0.34833831 -0.28025094 -0.06777574
 -0.47786185 -0.51182121 -0.39007235 -0.00577793 -0.32804996 -0.50403309
 -0.35764685 -0.38147274 -0.23671746  0.20665382 -0.23594421 -0.14794701
 -0.4981367   0.19649847 -0.36207005 -0.42010066 -0.37177497 -0.38618931
 -0.30424914 -0.10521115  0.00311604 -0.16909891 -0.48804116 -0.47142446
  0.00145084 -0.02091711 -0.13663922 -0.22261301 -0.33545166 -0.14475834
 -0.12517315 -0.27929413 -0.41140324 -0.14052987  0.27492106  0.01065735
 -0.39648664 -0.40359771 -0.3397032  -0.4257586 ]
num_samples: 100
mae: 0.26121357720403465
mse: 0.10256164343472562
rmse: 0.32025246827265147
r-squared: 0.3054589863416034
adj r-squared: 0.2444004356903159
