y_true: [-0.65018821  0.53281015  0.49665552 -0.1984587   0.30947819 -0.24304697
 -0.03290847 -0.09715477 -0.1452079   0.87052011  0.374596   -0.11506206
 -0.32727876  0.2752631   0.21259516  0.17342159 -0.34828225  0.06260063
 -0.0344236   0.13040362  0.9176057  -0.62353426 -0.6736809   0.9054938
  0.20312536  0.21343169  0.1654294  -0.84784466 -0.28151184 -0.26691633
 -0.19216131 -0.53667438 -0.11245651  0.38323104 -0.12755869 -0.35350382
  0.33923489 -0.74991912  0.44715691 -0.39361614  0.03660766  0.36901128
  0.51410341 -0.34599361 -0.8176707   0.59257859  0.11401354  0.83219773
 -0.7777136  -0.78979379 -0.12351869 -0.01369487  0.13337448 -0.00933307
  0.42925584 -0.42058    -0.60312909  0.55884045 -0.13076673  0.22588012
  0.01613788  0.10222853  0.37742126 -0.65572703 -0.26911494  0.10164671
 -0.1739611   0.42433637 -0.29183999  0.21348637  0.49122152  0.15828159
 -0.85824412 -0.45555675  0.21682617 -0.29688942 -0.31875274 -0.68433672
  0.27176446 -0.15195391 -0.60094184  0.36716241  0.01092578 -0.04855493
  1.          0.05589242 -0.09750014  0.06800747 -0.32690504  0.3710416
  0.37066382 -0.24479263 -0.23817019 -1.         -0.73131692 -0.76803148
 -0.35190848 -0.11656986 -0.3688519   0.19657342]
y_pred: [-0.45949757  0.38047698  0.29994628 -0.26079136  0.42918539 -0.30181637
 -0.04914632 -0.25616777 -0.15718998  0.65998185  0.16777271 -0.12156724
 -0.42120752  0.17523567  0.20925608  0.24601428 -0.41108397  0.07375478
  0.09224388  0.01954055  0.44548985 -0.63993752 -0.60269111  0.63087982
  0.22538169  0.15598215  0.09276249 -0.72639018 -0.31446555 -0.29111019
 -0.12432192 -0.5575155  -0.05961171  0.52381331 -0.26618674 -0.48616898
  0.33348876 -0.66602951  0.36396495 -0.49629989  0.07532405  0.47464675
  0.59066141 -0.44359979 -0.31290349  0.61632037 -0.10795666  0.68491518
 -0.6800074  -0.64482135 -0.10170174  0.06310174  0.12324238 -0.00336504
  0.49511719 -0.57962817 -0.71351814  0.43523225 -0.14557591  0.23924488
 -0.01541479  0.18582614  0.42092291 -0.65811151 -0.35413611 -0.03249148
 -0.34474322  0.48005897 -0.37580711  0.35036045  0.58475083  0.20666167
 -0.70058709 -0.58727407  0.2739349  -0.33432332 -0.43803886 -0.57449549
  0.23069638 -0.25314108 -0.65788066  0.50645149  0.08279349  0.01262437
  0.70429295  0.17500418  0.03626956  0.01482403 -0.4072378   0.47999108
  0.26886952 -0.35320452 -0.12768978 -0.75876182 -0.70471531 -0.72696298
 -0.42041475 -0.09746009 -0.42946494  0.2783404 ]
num_samples: 100
mae: 0.0973244774970226
mse: 0.01628168724657374
rmse: 0.12759971491572283
r-squared: 0.9164711217209965
adj r-squared: 0.9129541163197754
best_epoch: 16
