y_true: [-0.65018821  0.53281015  0.49665552 -0.1984587   0.30947819 -0.24304697
 -0.03290847 -0.09715477 -0.1452079   0.87052011  0.374596   -0.11506206
 -0.32727876  0.2752631   0.21259516  0.17342159 -0.34828225  0.06260063
 -0.0344236   0.13040362  0.9176057  -0.62353426 -0.6736809   0.9054938
  0.20312536  0.21343169  0.1654294  -0.84784466 -0.28151184 -0.26691633
 -0.19216131 -0.53667438 -0.11245651  0.38323104 -0.12755869 -0.35350382
  0.33923489 -0.74991912  0.44715691 -0.39361614  0.03660766  0.36901128
  0.51410341 -0.34599361 -0.8176707   0.59257859  0.11401354  0.83219773
 -0.7777136  -0.78979379 -0.12351869 -0.01369487  0.13337448 -0.00933307
  0.42925584 -0.42058    -0.60312909  0.55884045 -0.13076673  0.22588012
  0.01613788  0.10222853  0.37742126 -0.65572703 -0.26911494  0.10164671
 -0.1739611   0.42433637 -0.29183999  0.21348637  0.49122152  0.15828159
 -0.85824412 -0.45555675  0.21682617 -0.29688942 -0.31875274 -0.68433672
  0.27176446 -0.15195391 -0.60094184  0.36716241  0.01092578 -0.04855493
  1.          0.05589242 -0.09750014  0.06800747 -0.32690504  0.3710416
  0.37066382 -0.24479263 -0.23817019 -1.         -0.73131692 -0.76803148
 -0.35190848 -0.11656986 -0.3688519   0.19657342]
y_pred: [-0.51841736  0.37081417  0.33637351 -0.24507655  0.38875714 -0.29001912
 -0.08513919 -0.16015053 -0.01806872  0.66353983  0.23475586 -0.17911898
 -0.42585453  0.19990489  0.13902502  0.14566091 -0.4234637   0.10898812
 -0.05049116  0.15433912  0.52391416 -0.65073192 -0.66113567  0.69202238
  0.27650395  0.25539666  0.14693779 -0.68174112 -0.34256062 -0.18891893
 -0.08315949 -0.573654   -0.08772657  0.48274323 -0.20244583 -0.41896862
  0.37932816 -0.68725842  0.4906213  -0.4214797   0.0781737   0.42907307
  0.59292018 -0.42781064 -0.37379396  0.64823771  0.00255398  0.71248406
 -0.64090085 -0.68617034 -0.19297665  0.04956285  0.25110599  0.06140595
  0.48059589 -0.57797056 -0.70401162  0.4927614  -0.08603518  0.17966868
  0.00454537  0.20979591  0.51661307 -0.60013384 -0.40694416  0.09797637
 -0.24692777  0.50693977 -0.33459523  0.33250359  0.58297616  0.27313745
 -0.73603034 -0.51863825  0.31350741 -0.29464182 -0.39819458 -0.61002469
  0.23844178 -0.21677029 -0.62985098  0.60245407  0.03324277  0.08808016
  0.76955992  0.16624205 -0.11264575  0.07173477 -0.42893887  0.56316823
  0.2633487  -0.2445519  -0.20428143 -0.72637987 -0.66834033 -0.71584409
 -0.37403354 -0.03080113 -0.47212079  0.3031185 ]
num_samples: 100
mae: 0.08849201028700918
mse: 0.012967357863945808
rmse: 0.1138743073039121
r-squared: 0.9334744096103589
adj r-squared: 0.9306733321202687
