1.945559200611952422e+00	2.700250594859490150e+00	3.016153125505078414e+00	1.001505125690536069e+00	4.997162558439227631e-02
2.451745384378819725e+00	1.585117665727268088e+00	1.083917646048319083e+00	6.874047277999139061e-01	-2.820619154080777902e-01
2.310213195022615018e+00	8.837658562577506149e-01	2.696150530571602477e+00	2.925777192043088615e+00	-3.279750185851645350e-01
2.751689375575932406e+00	1.299746735547890886e+00	2.168290566269232278e-01	9.679411916583779973e-01	-2.694727528460120203e-01
2.548786669420890494e+00	2.240200830430163492e+00	2.007330410744089910e+00	2.495329037036413400e+00	2.031983557087666536e-01
1.068858286171314953e+00	2.273769939797283701e+00	5.897063149042396368e-01	4.811795215651682445e-01	2.894275679732833950e-01
1.862902603554263070e+00	1.610644564610322016e+00	2.066314246991773018e+00	6.079388623922187262e-01	-3.247738998718781023e-01
2.371033721467989075e+00	1.384763119138348486e+00	2.361427932893885639e+00	8.199892049167366581e-01	-5.125419750111970263e-01
2.124648269190196448e+00	8.747670047979785868e-02	1.010672797513920973e-01	2.128350951448462425e+00	-4.007109773328694224e-01
4.894296379665332708e-01	2.673718150561610885e-01	7.999570351668225943e-01	3.234970684449575695e-01	-4.966793989022154632e-01
7.905598736153699457e-01	1.520466343087750971e+00	2.359563742656598073e+00	1.891897460029723810e+00	5.481632856120133290e-02
2.576710526132832246e+00	1.555341220767073374e+00	8.166443735835090534e-01	1.779277425406090352e+00	-5.472856084123323139e-02
1.778337985248242270e-01	2.031690742077737255e+00	1.008381026488761822e+00	2.909801244714300239e+00	7.879328943827070830e-01
2.744110097831493622e+00	8.318198821813242994e-01	1.365279076618912457e+00	1.954863209406602076e+00	-4.304242494717696044e-01
1.080391541346721995e+00	1.601634038072566657e+00	2.610558082551696746e+00	9.953564951748531398e-01	-1.855736261912936946e-01
3.077234760795042767e+00	7.879152967551309450e-01	2.935441394459635589e+00	6.977617182758381054e-01	-1.000000000000000000e+00
1.641456452138313704e+00	1.704553021290498016e+00	1.721864486028070740e+00	9.371691143655476175e-01	-1.266421020963465205e-01
2.138728721701822710e+00	1.485240863852417936e+00	1.041810385042988063e+00	1.495987013905214713e+00	-9.410034183536108987e-02
7.293836502347881279e-01	3.138406524130693764e+00	2.474629637640472613e+00	3.046195015032083564e+00	9.539403006001812013e-01
2.001801539378973427e+00	1.549664607038127917e+00	1.690208986610687969e+00	2.411600628808553637e+00	4.864881195113723855e-02
2.145893196078402454e+00	8.671020819104432453e-01	2.968694760967381274e+00	7.026979171482685693e-01	-7.991227487023401244e-01
2.798300081840009668e+00	2.908279077360004017e+00	2.085021586481338396e+00	1.830745296092400887e+00	2.860799364192552208e-01
2.067051263720390164e+00	3.941997086476737855e-01	2.718184975102361789e-01	1.934538842427651950e+00	-3.281666558237849030e-01
1.422577411778316758e+00	2.619848264652597791e+00	2.433468725383291620e+00	2.315095446419879188e-01	4.252203211328309251e-02
1.620150966686642491e+00	3.109111385596833088e+00	1.813022424804607402e+00	3.074647583906852333e+00	8.812792515257898973e-01
3.879978551774044271e-01	1.209173237492412734e-01	1.086539848426074650e+00	1.945706365621959311e+00	-2.496376976214474963e-01
1.830193408512676756e+00	3.063567403733822303e+00	1.361427005933511847e+00	1.297121792249993799e+00	5.275360431635169878e-01
8.179605626728410073e-01	7.616943634100976634e-01	1.927521887436837833e+00	1.971939294519613473e+00	-1.835497290129670667e-01
2.063249754176156525e+00	1.817089081707988774e+00	1.627985250116889215e+00	2.787632401278496541e+00	2.339446428621945184e-01
1.070798546524216466e+00	1.412767806526221692e+00	2.886454631916134606e+00	2.099531759033174794e+00	-7.728193267846528158e-02
1.679843103925874992e+00	1.325397484733559894e+00	2.562512474741241331e+00	1.539502456877982484e+00	-2.922561702003787509e-01
2.508729120136871771e+00	2.634090461082567280e+00	1.583624813195956937e+00	1.710043617960248508e+00	2.759513794935604114e-01
8.755032646271819763e-01	4.105619538575806526e-01	5.159332948128088070e-01	2.569628933376472801e+00	-7.761399815268688052e-03
2.458273176984446251e-02	1.226136252884004074e+00	1.290875317100803166e+00	8.021145641263233150e-01	1.059759398315818224e-02
1.712374492670538095e-01	2.597866702690284857e+00	1.445856667953457242e+00	2.756754891790580420e+00	9.270880787021267277e-01
1.677292007743311997e+00	2.098816840908914183e-01	2.014452903680864271e+00	5.631908293311437275e-01	-8.712024696237691268e-01
3.125966611594956479e+00	5.996949462094954830e-01	4.104100988980307618e-01	2.181064356195222320e+00	-4.090192779365672271e-01
6.476065130182445673e-02	1.557095981469232227e+00	1.595940115005533011e-01	1.873033080775781789e+00	5.267389415082182058e-01
2.384637986701739987e+00	1.895717036281075352e+00	1.177022995153882867e+00	2.746102218974697529e+00	2.655392006158783236e-01
1.161072029755795043e+00	2.738201122105628826e+00	7.923339653518028936e-01	2.118727648679594289e+00	7.689170836104983753e-01
4.776220672311013438e-01	1.849176503415465245e+00	2.782505141816345340e+00	1.499590194413298605e-01	-1.700786843094189704e-01
2.907321539200460769e+00	6.883295906321410529e-01	2.603042727446686078e-01	1.656677459333728786e+00	-4.168204589202080257e-01
1.028572453893080496e+00	4.503943479391805949e-01	1.651964837360110350e+00	2.141351482366900427e+00	-2.756833751765017659e-01
7.526127947962087950e-01	1.046598964885685934e+00	1.492461445690760780e+00	3.043620224422593168e+00	2.298560093606758503e-01
2.456330727674867820e+00	1.684397182708787133e+00	1.892419464598085632e+00	2.036351446459874204e+00	-8.627904331286495587e-02
3.086753792295615639e+00	8.865702130984657314e-01	9.106280252792485763e-01	3.043197394984069160e+00	-1.812600514497720861e-01
1.860627407499776176e+00	6.440642461613729219e-01	2.225330713974448926e+00	2.585397444422871116e-01	-8.190581170953735723e-01
0.000000000000000000e+00	1.841183398517512115e+00	1.416601532407661290e+00	2.162816327830926755e-01	1.311438942255882534e-01
1.951496498490032483e+00	2.338563246096460269e+00	5.784559161511060310e-01	8.238914006528894607e-01	2.248458314336905239e-01
2.243476276355114596e+00	2.945347369515690428e+00	1.324402396379265046e+00	3.141592653589792228e+00	7.846044291306177865e-01
7.077461511134376382e-01	2.930365226968733250e+00	2.287536874015097421e+00	4.486739446104977269e-02	2.865241309203474529e-01
2.361683965678617714e+00	1.964083462569638616e+00	5.252198908547631717e-01	2.391696929105594283e+00	3.223973293517428118e-01
4.159176129475424810e-01	1.487729071259074498e+00	2.256230054367891924e+00	4.453500474799151898e-02	-2.515750558203224685e-01
2.961112732292939587e+00	1.982205134935124846e+00	8.330981941391719658e-01	2.085523747491210486e-02	-3.108928192312382377e-01
2.206345759941451767e+00	1.983953579980920257e+00	2.662762242031670556e+00	2.797124716812865231e+00	1.248608309720311560e-01
2.223625245601379863e+00	2.756305051331194189e+00	9.621899582142289242e-01	8.304820142578476228e-01	2.917146954946681081e-01
4.942743315691194850e-01	6.582363881167092590e-01	6.775539438317732532e-01	1.766284890126683882e+00	-2.301566862551929216e-02
1.270217305916587991e+00	2.404114280186992192e-01	3.139828699416582491e+00	1.195327790961431713e+00	-8.212727958897432234e-01
2.955425506392377777e+00	8.605388852471471117e-02	2.703382161610041301e+00	2.148740639567843669e+00	-9.368766853665408956e-01
5.010145071801987149e-02	1.610737837337759215e+00	1.967579996733765935e+00	1.367964017661935650e+00	1.800874708698727567e-01
1.918447831185682073e+00	2.025995607563975953e-01	8.148415881472639288e-01	7.586295882510344368e-01	-7.007794521246355490e-01
6.518067256053923231e-01	1.489252855204181269e+00	1.613199585606567732e+00	1.728617207843495374e+00	1.449681336629082828e-01
3.522414837012217137e-01	1.199636135873229259e+00	4.559099001323664579e-02	2.716314092727401430e+00	5.150023949466355777e-01
1.420301819476527116e-01	2.719051047720982606e+00	1.188023491079938987e+00	1.706543923428459175e+00	8.063184492994039942e-01
2.426684054945658531e+00	5.262058913871554555e-01	2.906285552680908602e+00	1.550845622247547073e+00	-8.094374861025246393e-01
2.998229711741834613e+00	1.375977357243602484e+00	7.500836983280596559e-01	3.512025915571063139e-01	-4.886411626018233312e-01
7.199199944625439551e-02	2.265069473881380802e+00	8.368045646427181294e-01	2.974875481422154078e+00	9.427596904179524895e-01
1.814491898860567165e+00	3.899664232823100707e-01	6.984228743721376809e-01	2.107028392515177817e+00	-3.113418991120686652e-01
1.233876764883232946e+00	7.725755932491796818e-01	4.748499730613932324e-02	1.246874492688372138e+00	-1.249571673875992106e-01
1.564965590597809930e+00	1.325277462859328237e+00	2.577484090913759740e+00	1.736176168977770162e+00	-2.331263479497330815e-01
2.173480405761178513e+00	2.450230642725395480e+00	2.797987933990506715e+00	4.089763640958227198e-01	-1.841957300151446653e-01
1.494485303636229112e+00	7.890316841053266472e-01	2.966273247872603047e+00	1.421946266676448856e+00	-5.637692341839444232e-01
2.916497383032525370e+00	8.942589596833375731e-01	1.109589474777312512e+00	6.271876759193655282e-01	-6.697326550419137048e-01
1.633390457731956902e+00	2.084669298738385912e+00	3.734550126374511780e-01	2.258993673012601011e+00	5.022270477013348611e-01
2.229750063763623391e+00	1.696852537165268293e+00	1.990346922643937866e+00	6.062373004894049400e-01	-3.459669831584593069e-01
1.613508238065675782e+00	5.112847482115245867e-01	1.140836751266099736e+00	1.547074870544779657e+00	-4.041039685084802935e-01
8.921341137192319026e-01	1.204822090342465568e+00	4.062534339071552369e-01	7.320391241723203657e-02	-1.760957316845488396e-01
2.962013425634929753e+00	1.566575482693787880e+00	2.414555211560563297e+00	4.765483008140413701e-01	-6.245816956358816174e-01
1.316114497134292183e+00	1.288720928114664099e+00	5.448449941523733075e-01	2.730557383258071624e+00	3.025803905014203821e-01
3.099263111603211218e+00	1.929062426232933003e+00	5.357912075185566891e-01	1.685811871637525661e+00	2.587665052643850494e-02
1.197557635821128841e+00	1.025891412680131287e+00	4.140054518725991284e-01	6.719847029067422817e-01	-1.853395383550345832e-01
1.543730786958693590e+00	3.141592653589793116e+00	2.726880661376903880e+00	2.133838851674755954e+00	5.809843639026357476e-01
2.103794711867349232e+00	6.763277769190098043e-01	1.897828996293296600e+00	4.095317067297825631e-01	-7.711809818596652155e-01
3.141592653589792672e+00	5.093479965459096759e-01	1.483133682845694468e+00	2.462757504360246319e+00	-5.509456326322611508e-01
2.297516071451540132e+00	6.532410691411734138e-01	7.039536126133337790e-01	1.851403427007270563e+00	-3.447446741123652014e-01
2.976653505724060622e+00	4.588406165297988504e-01	7.937553059958964985e-01	3.137781735241784720e+00	-3.011338012056949953e-01
6.354293557047578922e-01	1.356297645205045255e+00	7.982809283712677395e-01	9.296636770143977824e-01	5.074958455809297497e-02
3.045544696595946288e+00	2.387503015281980279e+00	1.793878207584205020e+00	1.396568719289564386e+00	-2.044391973049020095e-02
1.028195499665819801e+00	2.392778622167900160e+00	1.926881976024188869e+00	1.210226568177159345e+00	2.966159128949124035e-01
5.650973532848519998e-01	1.165775308178963188e-01	1.211789756146588015e+00	3.663816465426051328e-01	-6.253858283151301212e-01
2.870789030628361438e+00	3.100495638689761968e+00	0.000000000000000000e+00	1.901993252661651423e+00	6.762147311373780667e-01
1.767637247339339801e+00	1.700608740814490538e+00	2.794116103202252344e+00	2.044161709264050053e+00	-8.458848059421597565e-02
1.250051137588032546e+00	1.335797711466946369e+00	9.914286535546497359e-02	1.131192252683662358e-01	-1.343148697818971060e-01
8.099835156313011097e-01	1.872947093394178086e+00	5.618906032068068240e-02	4.815971985365207764e-01	2.507710316240856496e-01
1.837970140248697204e+00	2.854168165216579123e+00	3.141592653589793116e+00	9.900878765165496698e-02	-6.949346685773061250e-02
5.247727524759069340e-01	7.895319603752107840e-01	4.235064454654318689e-01	9.577175452462570737e-01	-1.018298352285428310e-01
1.676098129838207385e+00	3.695548593723765873e-01	1.200225882508394182e-01	1.889212908817053505e+00	-2.528616046171315856e-01
1.999529177112403300e+00	1.531531573098859011e+00	1.234415544208198989e+00	3.010935297691595292e+00	2.316634407057329703e-01
2.782332516089419450e+00	8.765206975451359517e-01	8.004394739491919042e-01	2.968903170098265765e+00	-1.279990785426803335e-01
1.331453046988652966e+00	3.037797704106680041e-01	8.234382359010497532e-02	5.164586983486452176e-01	-4.912433611852794479e-01
