epoch,batch,train_batch_loss
0,0,0.7395830154418945
0,1,0.8572648763656616
0,2,0.827750563621521
0,3,0.7672923803329468
0,4,0.7630848288536072
0,5,0.7384655475616455
0,6,0.7888196706771851
0,7,0.7152723670005798
0,8,0.7028977274894714
0,9,0.7523926496505737
0,10,0.7759122848510742
0,11,0.7481710910797119
0,12,0.711063802242279
0,13,0.7581899166107178
0,14,0.7403910756111145
0,15,0.7484638094902039
0,16,0.7414041757583618
0,17,0.729002833366394
0,18,0.7188737392425537
0,19,0.7297924160957336
1,0,0.7707279920578003
1,1,0.7346712350845337
1,2,0.7339907884597778
1,3,0.7484661936759949
1,4,0.6591451168060303
1,5,0.7424765229225159
1,6,0.6740275621414185
1,7,0.7120164632797241
1,8,0.7214792966842651
1,9,0.7388547658920288
1,10,0.716981053352356
1,11,0.7285540699958801
1,12,0.7186709046363831
1,13,0.6759880781173706
1,14,0.6854476928710938
1,15,0.669726550579071
1,16,0.6632705926895142
1,17,0.6841284036636353
1,18,0.6975062489509583
1,19,0.7008956670761108
2,0,0.6910958886146545
2,1,0.6770673990249634
2,2,0.728909969329834
2,3,0.6886125802993774
2,4,0.7182263731956482
2,5,0.6941293478012085
2,6,0.6362876892089844
2,7,0.7375047206878662
2,8,0.7011884450912476
2,9,0.7110311388969421
2,10,0.636431872844696
2,11,0.6832262277603149
2,12,0.7012991905212402
2,13,0.6456310153007507
2,14,0.6744932532310486
2,15,0.6586910486221313
2,16,0.6729863882064819
2,17,0.6564163565635681
2,18,0.6736664772033691
2,19,0.6477500200271606
3,0,0.6629630923271179
3,1,0.6785497665405273
3,2,0.6809837818145752
3,3,0.6761058568954468
3,4,0.6914718747138977
3,5,0.6713622808456421
3,6,0.7127450704574585
3,7,0.6262756586074829
3,8,0.6675375699996948
3,9,0.6912333965301514
3,10,0.6474169492721558
3,11,0.6709704995155334
3,12,0.6655120253562927
3,13,0.6885534524917603
3,14,0.6908511519432068
3,15,0.6518434882164001
3,16,0.6941035985946655
3,17,0.6627858877182007
3,18,0.6875998973846436
3,19,0.7229541540145874
4,0,0.6748648285865784
4,1,0.6784132122993469
4,2,0.6383823156356812
4,3,0.6882075071334839
4,4,0.7013100981712341
4,5,0.6656029224395752
4,6,0.6818317174911499
4,7,0.7190303802490234
4,8,0.6606963276863098
4,9,0.6278270483016968
4,10,0.7028979063034058
4,11,0.6685961484909058
4,12,0.7165898084640503
4,13,0.6840595006942749
4,14,0.6261802911758423
4,15,0.6919236779212952
4,16,0.656617283821106
4,17,0.7411633729934692
4,18,0.6702779531478882
4,19,0.6850082874298096
5,0,0.6534305810928345
5,1,0.6712064743041992
5,2,0.6361998319625854
5,3,0.6726207733154297
5,4,0.6124485731124878
5,5,0.6865573525428772
5,6,0.67230623960495
5,7,0.6725638508796692
5,8,0.6887544989585876
5,9,0.6577420830726624
5,10,0.6409326791763306
5,11,0.7071999311447144
5,12,0.657196581363678
5,13,0.6563174724578857
5,14,0.6671465635299683
5,15,0.6315554976463318
5,16,0.6508226990699768
5,17,0.6718854904174805
5,18,0.6719443202018738
5,19,0.6678882837295532
6,0,0.6514148712158203
6,1,0.6374646425247192
6,2,0.6530560851097107
6,3,0.6365862488746643
6,4,0.6340253353118896
6,5,0.6393489241600037
6,6,0.6289944052696228
6,7,0.6494399905204773
6,8,0.622373640537262
6,9,0.7113792896270752
6,10,0.6434280276298523
6,11,0.6150633692741394
6,12,0.7006981372833252
6,13,0.6687496900558472
6,14,0.6528090238571167
6,15,0.6522954702377319
6,16,0.6469666957855225
6,17,0.657629668712616
6,18,0.6347719430923462
6,19,0.6572299599647522
7,0,0.6997758150100708
7,1,0.652856171131134
7,2,0.6314249634742737
7,3,0.6210289001464844
7,4,0.6133673191070557
7,5,0.6460500359535217
7,6,0.6758366823196411
7,7,0.6286489963531494
7,8,0.6383797526359558
7,9,0.6638256311416626
7,10,0.6071245074272156
7,11,0.6114239692687988
7,12,0.6024475693702698
7,13,0.6276407837867737
7,14,0.674238383769989
7,15,0.6448236703872681
7,16,0.6588212251663208
7,17,0.5581820011138916
7,18,0.5884817838668823
7,19,0.597561240196228
8,0,0.5970548987388611
8,1,0.619592010974884
8,2,0.5848692059516907
8,3,0.6106983423233032
8,4,0.5810679197311401
8,5,0.5846607089042664
8,6,0.6225913166999817
8,7,0.6325238943099976
8,8,0.60323566198349
8,9,0.6838964223861694
8,10,0.7179633378982544
8,11,0.6846426725387573
8,12,0.5477312803268433
8,13,0.5983335971832275
8,14,0.6452902555465698
8,15,0.6280249357223511
8,16,0.6534723043441772
8,17,0.5970715880393982
8,18,0.5806322693824768
8,19,0.619158148765564
9,0,0.5617855787277222
9,1,0.6443709135055542
9,2,0.6690695285797119
9,3,0.5709744691848755
9,4,0.679164469242096
9,5,0.48908382654190063
9,6,0.6108459234237671
9,7,0.6397669315338135
9,8,0.6092625856399536
9,9,0.5852399468421936
9,10,0.6465777158737183
9,11,0.6085144281387329
9,12,0.6410995125770569
9,13,0.6121829748153687
9,14,0.5537958145141602
9,15,0.5767310261726379
9,16,0.6272843480110168
9,17,0.5848824381828308
9,18,0.6103168725967407
9,19,0.5841831564903259
10,0,0.5704534649848938
10,1,0.6182881593704224
10,2,0.5761708617210388
10,3,0.5510919690132141
10,4,0.5745002627372742
10,5,0.6720656156539917
10,6,0.6441934704780579
10,7,0.6641163229942322
10,8,0.5867321491241455
10,9,0.5964232683181763
10,10,0.5165409445762634
10,11,0.5437170267105103
10,12,0.5504438281059265
10,13,0.6598120927810669
10,14,0.5804834961891174
10,15,0.5278207063674927
10,16,0.5951061248779297
10,17,0.5093638896942139
10,18,0.568515419960022
10,19,0.6624032855033875
11,0,0.5075096487998962
11,1,0.6792091131210327
11,2,0.5205634236335754
11,3,0.6061989665031433
11,4,0.7361354827880859
11,5,0.5280014276504517
11,6,0.5824212431907654
11,7,0.544413149356842
11,8,0.5515273213386536
11,9,0.5474305152893066
11,10,0.5736750960350037
11,11,0.5553745031356812
11,12,0.47033485770225525
11,13,0.5893402695655823
11,14,0.5598209500312805
11,15,0.6046842336654663
11,16,0.7154004573822021
11,17,0.6166177988052368
11,18,0.5837744474411011
11,19,0.5529298186302185
12,0,0.6047178506851196
12,1,0.4985470771789551
12,2,0.47051844000816345
12,3,0.6191504001617432
12,4,0.6313489675521851
12,5,0.5785622596740723
12,6,0.49178609251976013
12,7,0.45300546288490295
12,8,0.5911465883255005
12,9,0.5925764441490173
12,10,0.641743540763855
12,11,0.7006261944770813
12,12,0.48193788528442383
12,13,0.5852607488632202
12,14,0.6249209642410278
12,15,0.621663510799408
12,16,0.5930632948875427
12,17,0.5025689601898193
12,18,0.535912811756134
12,19,0.5727171301841736
13,0,0.6447375416755676
13,1,0.4886767268180847
13,2,0.6864614486694336
13,3,0.5560175180435181
13,4,0.5762902498245239
13,5,0.5627647042274475
13,6,0.5831466317176819
13,7,0.5096602439880371
13,8,0.48801571130752563
13,9,0.6000591516494751
13,10,0.6129511594772339
13,11,0.4654569625854492
13,12,0.5926080942153931
13,13,0.5608437657356262
13,14,0.4825214445590973
13,15,0.5438189506530762
13,16,0.5772427916526794
13,17,0.5392502546310425
13,18,0.4849427342414856
13,19,0.5308195352554321
14,0,0.46431106328964233
14,1,0.4810941219329834
14,2,0.5822083353996277
14,3,0.5163351893424988
14,4,0.4880734980106354
14,5,0.5754519701004028
14,6,0.6085911989212036
14,7,0.4826333522796631
14,8,0.49821001291275024
14,9,0.48117369413375854
14,10,0.6014630198478699
14,11,0.4832291007041931
14,12,0.6029500365257263
14,13,0.7554083466529846
14,14,0.547318696975708
14,15,0.5074747800827026
14,16,0.46874403953552246
14,17,0.6623833179473877
14,18,0.531269371509552
14,19,0.5660918951034546
15,0,0.597127377986908
15,1,0.4844838082790375
15,2,0.5559518933296204
15,3,0.5835321545600891
15,4,0.5492247343063354
15,5,0.46693238615989685
15,6,0.5510692596435547
15,7,0.559965193271637
15,8,0.6560866236686707
15,9,0.44837507605552673
15,10,0.5028281211853027
15,11,0.6400082111358643
15,12,0.46630173921585083
15,13,0.5975149273872375
15,14,0.6087766885757446
15,15,0.44941097497940063
15,16,0.5712560415267944
15,17,0.48001545667648315
15,18,0.513782799243927
15,19,0.5103367567062378
16,0,0.5604400038719177
16,1,0.5495456457138062
16,2,0.4607129991054535
16,3,0.49336233735084534
16,4,0.44831761717796326
16,5,0.6224303245544434
16,6,0.4532153606414795
16,7,0.6068304777145386
16,8,0.6168400049209595
16,9,0.48781388998031616
16,10,0.712125837802887
16,11,0.5047564506530762
16,12,0.5486685037612915
16,13,0.5983022451400757
16,14,0.4412689208984375
16,15,0.4028094708919525
16,16,0.4934178292751312
16,17,0.5246654152870178
16,18,0.5653080344200134
16,19,0.5100666284561157
17,0,0.5709913372993469
17,1,0.5188928842544556
17,2,0.44671568274497986
17,3,0.4804341793060303
17,4,0.45285049080848694
17,5,0.5552545189857483
17,6,0.4523795247077942
17,7,0.4275663495063782
17,8,0.5092217326164246
17,9,0.46716243028640747
17,10,0.563784122467041
17,11,0.4872477650642395
17,12,0.6812471747398376
17,13,0.7005751729011536
17,14,0.49998706579208374
17,15,0.427473247051239
17,16,0.5482673645019531
17,17,0.6147814989089966
17,18,0.46321386098861694
17,19,0.5477038025856018
18,0,0.6087201237678528
18,1,0.43865394592285156
18,2,0.6292506456375122
18,3,0.524354100227356
18,4,0.5505536794662476
18,5,0.5200124979019165
18,6,0.49979791045188904
18,7,0.5142689347267151
18,8,0.47191181778907776
18,9,0.43905800580978394
18,10,0.48958420753479004
18,11,0.530448317527771
18,12,0.3848263621330261
18,13,0.43510276079177856
18,14,0.47144895792007446
18,15,0.4828411936759949
18,16,0.5743702054023743
18,17,0.4495398998260498
18,18,0.5186424255371094
18,19,0.5711162686347961
19,0,0.5121567845344543
19,1,0.4627096652984619
19,2,0.48043522238731384
19,3,0.6473475694656372
19,4,0.48376208543777466
19,5,0.4066956639289856
19,6,0.6023648977279663
19,7,0.5441173911094666
19,8,0.5349956154823303
19,9,0.46438664197921753
19,10,0.4625183939933777
19,11,0.3973272144794464
19,12,0.5227590799331665
19,13,0.7022138833999634
19,14,0.4631999135017395
19,15,0.45386624336242676
19,16,0.4570227563381195
19,17,0.5141121745109558
19,18,0.5929571986198425
19,19,0.5550485253334045