y_true: [-0.09306899 -0.27258253  0.16008958 -0.21116664  0.43398401 -0.47863573
  0.13426128  0.4431476   0.03394356 -0.66466618 -0.90634233 -0.45854884
  0.14801385 -0.60822886 -0.3242591  -0.41356704  0.07069704 -0.14115196
  0.10566022 -0.31720424  0.31918573  0.12998202  0.18358937 -0.52108032
  0.14270498 -0.47245744  1.         -0.2601712   0.28752375 -0.50259739
 -0.25498039 -0.44466028 -0.36699945 -0.20722339  0.19620712  0.28771925
  0.10925925  0.18319859  0.14105712  0.08759619 -0.5333789  -0.27776584
  0.35615945  0.71544284  0.10306858 -0.28524476  0.41363949 -0.27164999
 -0.78121418 -0.14312677 -0.13701206  0.28922158 -0.16102125  0.03250793
 -0.17595549 -0.22449546 -0.36383826 -0.44776741 -0.5605303  -0.36122587
 -0.92949069 -0.2962257  -0.30238786  0.31293711 -0.5221343  -0.51151502
 -0.04999832 -0.57095283 -0.15971498 -0.41722029 -0.30357891  0.41096601
 -0.89337683 -0.11942037  0.07071843 -0.6897741  -0.21217309 -0.16200756
 -0.24971506 -0.62025106  0.52128953 -0.12497903 -1.         -0.48076969
  0.53718424  0.1669915   0.20092726 -0.25984648 -0.06745447 -0.49520519
 -0.58735007  0.4650262  -0.58803445 -0.02626549  0.4374218  -0.15792395
 -0.15446329  0.09326684 -0.38089329 -0.714634  ]
y_pred: [-0.0687639  -0.28197765  0.19604953 -0.08006832  0.40418348 -0.54711843
  0.09610964  0.4548054   0.28221843 -0.31795001 -0.58448333 -0.21596877
  0.27047697 -0.40063623 -0.29803404 -0.51311648 -0.04456815  0.29504856
  0.13468653 -0.27588981  0.27745426 -0.05813926  0.10525212 -0.39653116
  0.1898616  -0.37824675  0.52157331 -0.31143889  0.20882992 -0.43025154
  0.01995112 -0.4443807  -0.37696657 -0.17601275 -0.04130801  0.30240023
  0.09544928  0.31215534  0.17056453  0.29259804 -0.22116816 -0.20952132
  0.17674644  0.23778547  0.25687945 -0.1480618   0.19602776 -0.22013302
 -0.36145455 -0.2850495  -0.25567192  0.36296123 -0.16140059 -0.39948028
  0.08677536 -0.11600559 -0.4126958  -0.07294827 -0.42576611 -0.07090548
 -0.52270585 -0.42258725 -0.44816858  0.22934116 -0.22979629 -0.58149177
  0.25323457 -0.25875318 -0.22237681  0.02478597 -0.22906613  0.39971289
 -0.60249013 -0.081407   -0.00595572 -0.51385689 -0.22377363 -0.35900962
 -0.1201304  -0.36581504  0.21237224 -0.00261609 -0.65897501 -0.51531398
  0.27926385  0.02430544  0.10533787 -0.32633159  0.06951533 -0.35880628
 -0.27954745  0.05813242 -0.64605266 -0.21018596  0.45591477  0.18486586
 -0.1692564  -0.12128063 -0.40334445 -0.4316456 ]
num_samples: 100
mae: 0.15791115158237518
mse: 0.041804796570424525
rmse: 0.20446221306252294
r-squared: 0.7169005408509775
adj r-squared: 0.6920126763104042
best_epoch: 27
