y_true: [-0.09306899 -0.27258253  0.16008958 -0.21116664  0.43398401 -0.47863573
  0.13426128  0.4431476   0.03394356 -0.66466618 -0.90634233 -0.45854884
  0.14801385 -0.60822886 -0.3242591  -0.41356704  0.07069704 -0.14115196
  0.10566022 -0.31720424  0.31918573  0.12998202  0.18358937 -0.52108032
  0.14270498 -0.47245744  1.         -0.2601712   0.28752375 -0.50259739
 -0.25498039 -0.44466028 -0.36699945 -0.20722339  0.19620712  0.28771925
  0.10925925  0.18319859  0.14105712  0.08759619 -0.5333789  -0.27776584
  0.35615945  0.71544284  0.10306858 -0.28524476  0.41363949 -0.27164999
 -0.78121418 -0.14312677 -0.13701206  0.28922158 -0.16102125  0.03250793
 -0.17595549 -0.22449546 -0.36383826 -0.44776741 -0.5605303  -0.36122587
 -0.92949069 -0.2962257  -0.30238786  0.31293711 -0.5221343  -0.51151502
 -0.04999832 -0.57095283 -0.15971498 -0.41722029 -0.30357891  0.41096601
 -0.89337683 -0.11942037  0.07071843 -0.6897741  -0.21217309 -0.16200756
 -0.24971506 -0.62025106  0.52128953 -0.12497903 -1.         -0.48076969
  0.53718424  0.1669915   0.20092726 -0.25984648 -0.06745447 -0.49520519
 -0.58735007  0.4650262  -0.58803445 -0.02626549  0.4374218  -0.15792395
 -0.15446329  0.09326684 -0.38089329 -0.714634  ]
y_pred: [-0.06475253 -0.23571216  0.13714923 -0.1888421   0.33838719 -0.58227259
  0.07521656  0.42082363  0.19214113 -0.3137137  -0.56658316 -0.25870809
  0.15659592 -0.47712338 -0.31008309 -0.48916888 -0.13678633  0.21806931
  0.12864761 -0.30019927  0.13679112 -0.18208645  0.02265813 -0.48172328
  0.12284441 -0.36784744  0.48629251 -0.39008167  0.11617917 -0.51036114
 -0.06897951 -0.41713396 -0.43139073 -0.26310742 -0.08725673  0.12993506
 -0.02496684  0.15160412  0.00845304  0.23595153 -0.25386265 -0.25818211
  0.12997653  0.17761698  0.06341616 -0.20891704  0.23825687 -0.20705941
 -0.42754024 -0.35284787 -0.22956125  0.31180793 -0.33913997 -0.41883335
 -0.01553098 -0.10428106 -0.50762337 -0.15439627 -0.49356285 -0.14729157
 -0.54632324 -0.4415243  -0.51931542  0.18156409 -0.27855599 -0.56926799
  0.15854569 -0.28835809 -0.33283383 -0.09036802 -0.33753794  0.28043297
 -0.64113069 -0.17309846 -0.05052306 -0.57866073 -0.25956601 -0.35190734
 -0.10776407 -0.47090328  0.18563285 -0.06315559 -0.72124648 -0.54592395
  0.24959573 -0.03689468  0.01275425 -0.4050082  -0.1311325  -0.41663581
 -0.36912739  0.07154115 -0.69351655 -0.30503479  0.41800219 -0.01603017
 -0.26927084 -0.24872376 -0.48034135 -0.54539698]
num_samples: 100
mae: 0.15857265666127204
mse: 0.03902296851498413
rmse: 0.19754232082008183
r-squared: 0.7357389058843792
adj r-squared: 0.7125071613467422
