y_true: [-0.09306899 -0.27258253  0.16008958 -0.21116664  0.43398401 -0.47863573
  0.13426128  0.4431476   0.03394356 -0.66466618 -0.90634233 -0.45854884
  0.14801385 -0.60822886 -0.3242591  -0.41356704  0.07069704 -0.14115196
  0.10566022 -0.31720424  0.31918573  0.12998202  0.18358937 -0.52108032
  0.14270498 -0.47245744  1.         -0.2601712   0.28752375 -0.50259739
 -0.25498039 -0.44466028 -0.36699945 -0.20722339  0.19620712  0.28771925
  0.10925925  0.18319859  0.14105712  0.08759619 -0.5333789  -0.27776584
  0.35615945  0.71544284  0.10306858 -0.28524476  0.41363949 -0.27164999
 -0.78121418 -0.14312677 -0.13701206  0.28922158 -0.16102125  0.03250793
 -0.17595549 -0.22449546 -0.36383826 -0.44776741 -0.5605303  -0.36122587
 -0.92949069 -0.2962257  -0.30238786  0.31293711 -0.5221343  -0.51151502
 -0.04999832 -0.57095283 -0.15971498 -0.41722029 -0.30357891  0.41096601
 -0.89337683 -0.11942037  0.07071843 -0.6897741  -0.21217309 -0.16200756
 -0.24971506 -0.62025106  0.52128953 -0.12497903 -1.         -0.48076969
  0.53718424  0.1669915   0.20092726 -0.25984648 -0.06745447 -0.49520519
 -0.58735007  0.4650262  -0.58803445 -0.02626549  0.4374218  -0.15792395
 -0.15446329  0.09326684 -0.38089329 -0.714634  ]
y_pred: [0.44628906 0.44238281 0.38964844 0.42480469 0.42871094 0.390625
 0.3359375  0.48144531 0.38867188 0.41308594 0.36914062 0.3828125
 0.47558594 0.36230469 0.37207031 0.40136719 0.390625   0.46582031
 0.46679688 0.43652344 0.51464844 0.44726562 0.36035156 0.31542969
 0.41308594 0.41308594 0.44042969 0.43652344 0.5078125  0.32910156
 0.41796875 0.34277344 0.33691406 0.42480469 0.45800781 0.44042969
 0.40625    0.43652344 0.40917969 0.42871094 0.390625   0.39160156
 0.50292969 0.51269531 0.51757812 0.44238281 0.46484375 0.33105469
 0.421875   0.328125   0.50585938 0.41699219 0.40039062 0.43457031
 0.37207031 0.46972656 0.36816406 0.43847656 0.42773438 0.43164062
 0.39355469 0.43359375 0.39746094 0.47363281 0.48046875 0.4375
 0.40820312 0.41601562 0.40625    0.4765625  0.37988281 0.49707031
 0.41796875 0.47460938 0.44335938 0.42089844 0.36132812 0.43554688
 0.49414062 0.453125   0.41113281 0.36914062 0.41015625 0.34277344
 0.48730469 0.5        0.44921875 0.41015625 0.47070312 0.42382812
 0.390625   0.44335938 0.42285156 0.4140625  0.48242188 0.39453125
 0.42675781 0.41894531 0.36914062 0.38769531]
num_samples: 100
mae: 0.5910483173839748
mse: 0.46130727010726136
rmse: 0.6791960468872454
r-squared: -2.1239438864120634
adj r-squared: -2.39857631598675
