y_true: [-0.65018821  0.53281015  0.49665552 -0.1984587   0.30947819 -0.24304697
 -0.03290847 -0.09715477 -0.1452079   0.87052011  0.374596   -0.11506206
 -0.32727876  0.2752631   0.21259516  0.17342159 -0.34828225  0.06260063
 -0.0344236   0.13040362  0.9176057  -0.62353426 -0.6736809   0.9054938
  0.20312536  0.21343169  0.1654294  -0.84784466 -0.28151184 -0.26691633
 -0.19216131 -0.53667438 -0.11245651  0.38323104 -0.12755869 -0.35350382
  0.33923489 -0.74991912  0.44715691 -0.39361614  0.03660766  0.36901128
  0.51410341 -0.34599361 -0.8176707   0.59257859  0.11401354  0.83219773
 -0.7777136  -0.78979379 -0.12351869 -0.01369487  0.13337448 -0.00933307
  0.42925584 -0.42058    -0.60312909  0.55884045 -0.13076673  0.22588012
  0.01613788  0.10222853  0.37742126 -0.65572703 -0.26911494  0.10164671
 -0.1739611   0.42433637 -0.29183999  0.21348637  0.49122152  0.15828159
 -0.85824412 -0.45555675  0.21682617 -0.29688942 -0.31875274 -0.68433672
  0.27176446 -0.15195391 -0.60094184  0.36716241  0.01092578 -0.04855493
  1.          0.05589242 -0.09750014  0.06800747 -0.32690504  0.3710416
  0.37066382 -0.24479263 -0.23817019 -1.         -0.73131692 -0.76803148
 -0.35190848 -0.11656986 -0.3688519   0.19657342]
y_pred: [0.28320312 0.43652344 0.41601562 0.23535156 0.37207031 0.20117188
 0.31347656 0.23632812 0.24316406 0.4453125  0.34082031 0.24609375
 0.24609375 0.4453125  0.40625    0.3515625  0.203125   0.32519531
 0.26171875 0.40429688 0.40625    0.14257812 0.16894531 0.51855469
 0.28515625 0.36816406 0.30761719 0.21289062 0.171875   0.20507812
 0.27929688 0.16113281 0.20800781 0.3984375  0.2578125  0.16308594
 0.40527344 0.16503906 0.44726562 0.17285156 0.25976562 0.35742188
 0.40625    0.22070312 0.29296875 0.40039062 0.31835938 0.44433594
 0.24023438 0.18164062 0.24023438 0.28808594 0.27636719 0.24902344
 0.359375   0.18066406 0.17578125 0.421875   0.19824219 0.35058594
 0.24414062 0.30664062 0.35351562 0.16308594 0.27148438 0.3359375
 0.27539062 0.36816406 0.203125   0.32617188 0.35058594 0.30078125
 0.17578125 0.16015625 0.29394531 0.20507812 0.29003906 0.20996094
 0.34082031 0.2890625  0.19726562 0.36621094 0.26953125 0.22460938
 0.43261719 0.31152344 0.25097656 0.30761719 0.17675781 0.359375
 0.35058594 0.24414062 0.35449219 0.21875    0.265625   0.1796875
 0.19238281 0.23925781 0.18457031 0.33007812]
num_samples: 100
mae: 0.39964266927912834
mse: 0.24891722791703297
rmse: 0.4989160529758819
r-squared: -0.2770038213701813
adj r-squared: -0.3307724033226098
