y_true: [-0.65018821  0.53281015  0.49665552 -0.1984587   0.30947819 -0.24304697
 -0.03290847 -0.09715477 -0.1452079   0.87052011  0.374596   -0.11506206
 -0.32727876  0.2752631   0.21259516  0.17342159 -0.34828225  0.06260063
 -0.0344236   0.13040362  0.9176057  -0.62353426 -0.6736809   0.9054938
  0.20312536  0.21343169  0.1654294  -0.84784466 -0.28151184 -0.26691633
 -0.19216131 -0.53667438 -0.11245651  0.38323104 -0.12755869 -0.35350382
  0.33923489 -0.74991912  0.44715691 -0.39361614  0.03660766  0.36901128
  0.51410341 -0.34599361 -0.8176707   0.59257859  0.11401354  0.83219773
 -0.7777136  -0.78979379 -0.12351869 -0.01369487  0.13337448 -0.00933307
  0.42925584 -0.42058    -0.60312909  0.55884045 -0.13076673  0.22588012
  0.01613788  0.10222853  0.37742126 -0.65572703 -0.26911494  0.10164671
 -0.1739611   0.42433637 -0.29183999  0.21348637  0.49122152  0.15828159
 -0.85824412 -0.45555675  0.21682617 -0.29688942 -0.31875274 -0.68433672
  0.27176446 -0.15195391 -0.60094184  0.36716241  0.01092578 -0.04855493
  1.          0.05589242 -0.09750014  0.06800747 -0.32690504  0.3710416
  0.37066382 -0.24479263 -0.23817019 -1.         -0.73131692 -0.76803148
 -0.35190848 -0.11656986 -0.3688519   0.19657342]
y_pred: [0.2734375  0.45117188 0.45019531 0.2421875  0.31640625 0.20410156
 0.30664062 0.26074219 0.27050781 0.41308594 0.34765625 0.2578125
 0.23925781 0.40039062 0.39160156 0.32324219 0.18554688 0.33300781
 0.22949219 0.38378906 0.40820312 0.1796875  0.17089844 0.515625
 0.28613281 0.3359375  0.30957031 0.19726562 0.17089844 0.20703125
 0.26171875 0.15039062 0.24414062 0.43066406 0.23144531 0.17089844
 0.40820312 0.1796875  0.43847656 0.17089844 0.23339844 0.33691406
 0.40527344 0.21875    0.28417969 0.375      0.32910156 0.47070312
 0.22753906 0.1796875  0.21972656 0.29003906 0.28222656 0.22265625
 0.32324219 0.16992188 0.17480469 0.43847656 0.20898438 0.34472656
 0.24804688 0.30371094 0.38476562 0.15332031 0.25585938 0.34082031
 0.30664062 0.34765625 0.18945312 0.31738281 0.36621094 0.2890625
 0.19335938 0.17285156 0.32128906 0.17675781 0.29101562 0.18847656
 0.35546875 0.28515625 0.19042969 0.35058594 0.2890625  0.23730469
 0.40136719 0.296875   0.25       0.29101562 0.18457031 0.34667969
 0.35449219 0.23730469 0.359375   0.26367188 0.24511719 0.19335938
 0.20800781 0.23535156 0.17675781 0.31152344]
num_samples: 100
mae: 0.39842996032908556
mse: 0.24900927248171367
rmse: 0.49900828899098826
r-squared: -0.2774760315977223
adj r-squared: -0.33126449608604736
best_epoch: 29
