y_true: [-0.65018821  0.53281015  0.49665552 -0.1984587   0.30947819 -0.24304697
 -0.03290847 -0.09715477 -0.1452079   0.87052011  0.374596   -0.11506206
 -0.32727876  0.2752631   0.21259516  0.17342159 -0.34828225  0.06260063
 -0.0344236   0.13040362  0.9176057  -0.62353426 -0.6736809   0.9054938
  0.20312536  0.21343169  0.1654294  -0.84784466 -0.28151184 -0.26691633
 -0.19216131 -0.53667438 -0.11245651  0.38323104 -0.12755869 -0.35350382
  0.33923489 -0.74991912  0.44715691 -0.39361614  0.03660766  0.36901128
  0.51410341 -0.34599361 -0.8176707   0.59257859  0.11401354  0.83219773
 -0.7777136  -0.78979379 -0.12351869 -0.01369487  0.13337448 -0.00933307
  0.42925584 -0.42058    -0.60312909  0.55884045 -0.13076673  0.22588012
  0.01613788  0.10222853  0.37742126 -0.65572703 -0.26911494  0.10164671
 -0.1739611   0.42433637 -0.29183999  0.21348637  0.49122152  0.15828159
 -0.85824412 -0.45555675  0.21682617 -0.29688942 -0.31875274 -0.68433672
  0.27176446 -0.15195391 -0.60094184  0.36716241  0.01092578 -0.04855493
  1.          0.05589242 -0.09750014  0.06800747 -0.32690504  0.3710416
  0.37066382 -0.24479263 -0.23817019 -1.         -0.73131692 -0.76803148
 -0.35190848 -0.11656986 -0.3688519   0.19657342]
y_pred: [-0.46901765  0.34590793  0.27189663 -0.25880092  0.35404593 -0.1790323
 -0.05181413 -0.13322437 -0.09115987  0.6054948   0.13479844 -0.14379126
 -0.3348631   0.07758036  0.12551348  0.26801747 -0.37856564  0.09912068
  0.10263766  0.04830581  0.48148462 -0.61987972 -0.61287439  0.60409999
  0.3073965   0.2424237   0.1529858  -0.70343435 -0.27210876 -0.23779616
 -0.13013332 -0.50230318 -0.0420636   0.47159851 -0.23673597 -0.41115153
  0.33194819 -0.68858582  0.42922157 -0.39293012  0.08777995  0.41578966
  0.54921854 -0.43021992 -0.3424364   0.60611647 -0.08233178  0.65354186
 -0.62355065 -0.62204987 -0.13521807  0.02362683  0.21433216  0.08473306
  0.51074237 -0.51113713 -0.69641906  0.44892305 -0.14211309  0.19849822
  0.0625649   0.20169245  0.37499014 -0.6475516  -0.36693749  0.01414126
 -0.35212103  0.45976049 -0.3054496   0.34420395  0.5368951   0.29776305
 -0.68790728 -0.5570178   0.31058758 -0.33856049 -0.42956698 -0.62996674
  0.25115708 -0.19579166 -0.58651298  0.50562108  0.07535146 -0.05415194
  0.68529248  0.2076277   0.01620645 -0.01789963 -0.32109329  0.4952971
  0.26384601 -0.29189986 -0.32312167 -0.71954721 -0.69356883 -0.66436875
 -0.33633006 -0.11755279 -0.35284624  0.21493906]
num_samples: 100
mae: 0.09010535718873143
mse: 0.015776359908213414
rmse: 0.1256039804632537
r-squared: 0.9190635696103168
adj r-squared: 0.9156557199096985
