y_true: [-0.65018821  0.53281015  0.49665552 -0.1984587   0.30947819 -0.24304697
 -0.03290847 -0.09715477 -0.1452079   0.87052011  0.374596   -0.11506206
 -0.32727876  0.2752631   0.21259516  0.17342159 -0.34828225  0.06260063
 -0.0344236   0.13040362  0.9176057  -0.62353426 -0.6736809   0.9054938
  0.20312536  0.21343169  0.1654294  -0.84784466 -0.28151184 -0.26691633
 -0.19216131 -0.53667438 -0.11245651  0.38323104 -0.12755869 -0.35350382
  0.33923489 -0.74991912  0.44715691 -0.39361614  0.03660766  0.36901128
  0.51410341 -0.34599361 -0.8176707   0.59257859  0.11401354  0.83219773
 -0.7777136  -0.78979379 -0.12351869 -0.01369487  0.13337448 -0.00933307
  0.42925584 -0.42058    -0.60312909  0.55884045 -0.13076673  0.22588012
  0.01613788  0.10222853  0.37742126 -0.65572703 -0.26911494  0.10164671
 -0.1739611   0.42433637 -0.29183999  0.21348637  0.49122152  0.15828159
 -0.85824412 -0.45555675  0.21682617 -0.29688942 -0.31875274 -0.68433672
  0.27176446 -0.15195391 -0.60094184  0.36716241  0.01092578 -0.04855493
  1.          0.05589242 -0.09750014  0.06800747 -0.32690504  0.3710416
  0.37066382 -0.24479263 -0.23817019 -1.         -0.73131692 -0.76803148
 -0.35190848 -0.11656986 -0.3688519   0.19657342]
y_pred: [-0.57026529  0.24658738  0.26205736 -0.30517444  0.24603903 -0.30149817
 -0.10720027 -0.23750873 -0.13747643  0.55854774  0.10604613 -0.20969762
 -0.40877101  0.1183095   0.15192558  0.16999458 -0.52428252  0.0767104
 -0.01232565  0.04179258  0.46439728 -0.59035432 -0.59345436  0.56855941
  0.2914978   0.13401288  0.13846593 -0.69651341 -0.35340866 -0.2101555
 -0.20876247 -0.55406648 -0.16507939  0.47279274 -0.28847864 -0.38615319
  0.31143686 -0.68304127  0.37693852 -0.45569453  0.05839524  0.32650077
  0.51496845 -0.40492773 -0.44346774  0.53411067 -0.17056219  0.62806326
 -0.68617004 -0.64092457 -0.12014917 -0.05754346  0.15439324 -0.01629152
  0.40230042 -0.53468263 -0.64637405  0.40805462 -0.12023657  0.11885331
  0.01573308  0.02116239  0.36915079 -0.62443829 -0.43815923 -0.06618514
 -0.31390098  0.42032507 -0.34590563  0.30251876  0.49925533  0.15583964
 -0.71750337 -0.53206015  0.26093957 -0.37652481 -0.47808611 -0.60623676
  0.12883361 -0.21261838 -0.58042294  0.49920493  0.03470805 -0.09351904
  0.6779232   0.07877337 -0.0480035  -0.00898118 -0.4111802   0.41911411
  0.22724177 -0.29347903 -0.30639306 -0.71713597 -0.70606548 -0.70077705
 -0.40398806 -0.05928063 -0.44889712  0.17430834]
num_samples: 100
mae: 0.09328923140652477
mse: 0.01672619545577534
rmse: 0.12932979338023912
r-squared: 0.9141906902437102
adj r-squared: 0.9105776666750244
best_epoch: 26
