y_true: [-0.65018821  0.53281015  0.49665552 -0.1984587   0.30947819 -0.24304697
 -0.03290847 -0.09715477 -0.1452079   0.87052011  0.374596   -0.11506206
 -0.32727876  0.2752631   0.21259516  0.17342159 -0.34828225  0.06260063
 -0.0344236   0.13040362  0.9176057  -0.62353426 -0.6736809   0.9054938
  0.20312536  0.21343169  0.1654294  -0.84784466 -0.28151184 -0.26691633
 -0.19216131 -0.53667438 -0.11245651  0.38323104 -0.12755869 -0.35350382
  0.33923489 -0.74991912  0.44715691 -0.39361614  0.03660766  0.36901128
  0.51410341 -0.34599361 -0.8176707   0.59257859  0.11401354  0.83219773
 -0.7777136  -0.78979379 -0.12351869 -0.01369487  0.13337448 -0.00933307
  0.42925584 -0.42058    -0.60312909  0.55884045 -0.13076673  0.22588012
  0.01613788  0.10222853  0.37742126 -0.65572703 -0.26911494  0.10164671
 -0.1739611   0.42433637 -0.29183999  0.21348637  0.49122152  0.15828159
 -0.85824412 -0.45555675  0.21682617 -0.29688942 -0.31875274 -0.68433672
  0.27176446 -0.15195391 -0.60094184  0.36716241  0.01092578 -0.04855493
  1.          0.05589242 -0.09750014  0.06800747 -0.32690504  0.3710416
  0.37066382 -0.24479263 -0.23817019 -1.         -0.73131692 -0.76803148
 -0.35190848 -0.11656986 -0.3688519   0.19657342]
y_pred: [-0.35506138  0.23530398  0.30010298 -0.22607465  0.31455943 -0.40795594
 -0.07548058 -0.07356593 -0.46137637  0.53535885  0.21484266 -0.01917448
 -0.43137223  0.04678085  0.28078681  0.34685978 -0.45334673 -0.01011702
 -0.01467371  0.10732897  0.63626397 -0.59796685 -0.59938443  0.53305733
  0.22852764  0.43122256  0.28698903 -0.71077436 -0.35490406 -0.46578088
 -0.40220121 -0.47049677 -0.33922425  0.29352194 -0.19284146 -0.34485683
  0.40910113 -0.67728412  0.51537365 -0.51592547 -0.00675121  0.09086311
  0.47088212 -0.4186607  -0.45511141  0.65161109  0.08531018  0.57221204
 -0.71800661 -0.49965799 -0.11502141  0.0981049   0.10060795 -0.11607365
  0.50589651 -0.37565738 -0.59802026  0.45377296 -0.17598173  0.07345193
 -0.02376432  0.21974581  0.45383349 -0.6377396  -0.23813193  0.09286155
 -0.33324713  0.45397094 -0.48497131  0.29157126  0.59816915  0.20615841
 -0.57871377 -0.47551304  0.27366406 -0.48807457 -0.36196038 -0.68957365
 -0.44728422 -0.38177398 -0.64483064  0.37495196  0.09275858 -0.10536054
  0.69690382  0.10234229 -0.00637718 -0.22427981 -0.31990728  0.50161195
  0.07407185 -0.40452093 -0.30834609 -0.70986438 -0.60012937 -0.68642002
 -0.13549335 -0.0477866  -0.42899588  0.35781518]
num_samples: 100
mae: 0.1251704252231866
mse: 0.028665202972387675
rmse: 0.1693080121328807
r-squared: 0.8529407785776403
adj r-squared: 0.8467488113598567
best_epoch: 29
