y_true: [-0.65018821  0.53281015  0.49665552 -0.1984587   0.30947819 -0.24304697
 -0.03290847 -0.09715477 -0.1452079   0.87052011  0.374596   -0.11506206
 -0.32727876  0.2752631   0.21259516  0.17342159 -0.34828225  0.06260063
 -0.0344236   0.13040362  0.9176057  -0.62353426 -0.6736809   0.9054938
  0.20312536  0.21343169  0.1654294  -0.84784466 -0.28151184 -0.26691633
 -0.19216131 -0.53667438 -0.11245651  0.38323104 -0.12755869 -0.35350382
  0.33923489 -0.74991912  0.44715691 -0.39361614  0.03660766  0.36901128
  0.51410341 -0.34599361 -0.8176707   0.59257859  0.11401354  0.83219773
 -0.7777136  -0.78979379 -0.12351869 -0.01369487  0.13337448 -0.00933307
  0.42925584 -0.42058    -0.60312909  0.55884045 -0.13076673  0.22588012
  0.01613788  0.10222853  0.37742126 -0.65572703 -0.26911494  0.10164671
 -0.1739611   0.42433637 -0.29183999  0.21348637  0.49122152  0.15828159
 -0.85824412 -0.45555675  0.21682617 -0.29688942 -0.31875274 -0.68433672
  0.27176446 -0.15195391 -0.60094184  0.36716241  0.01092578 -0.04855493
  1.          0.05589242 -0.09750014  0.06800747 -0.32690504  0.3710416
  0.37066382 -0.24479263 -0.23817019 -1.         -0.73131692 -0.76803148
 -0.35190848 -0.11656986 -0.3688519   0.19657342]
y_pred: [-0.32629645  0.32301536  0.25912234 -0.2424913   0.26455429 -0.34364796
 -0.09736776 -0.11146598 -0.42508277  0.55206174  0.30109209 -0.04688832
 -0.45621997  0.02890305  0.32371002  0.28819621 -0.43411353  0.06549795
 -0.01882121  0.14797084  0.59487653 -0.64434081 -0.60580248  0.5703972
  0.26145965  0.35180348  0.24407783 -0.71536958 -0.39438674 -0.48803768
 -0.3180908  -0.38654435 -0.27400717  0.36163819 -0.07568727 -0.35136959
  0.34835762 -0.60990739  0.49779245 -0.43823576 -0.06221808  0.08715945
  0.44111571 -0.44665235 -0.47071254  0.64376712  0.08524829  0.57527381
 -0.73742706 -0.55522954 -0.08267998  0.11913683  0.11893196 -0.05312008
  0.42137852 -0.35485563 -0.5792709   0.43310392 -0.16700736  0.18575272
 -0.03998913  0.25276649  0.46737638 -0.58306408 -0.14309998  0.11092876
 -0.31382626  0.48727995 -0.48479119  0.31327328  0.60520351  0.25325912
 -0.58103538 -0.44491518  0.3066119  -0.44071695 -0.39981234 -0.69229716
 -0.51001567 -0.35829547 -0.66776145  0.37117204  0.09739837 -0.12605794
  0.71909875  0.21512038 -0.04535394 -0.29311398 -0.34479579  0.48242706
  0.1433406  -0.46384788 -0.2780062  -0.71302462 -0.53576642 -0.68530291
 -0.18984553  0.07398234 -0.46023071  0.34847325]
num_samples: 100
mae: 0.12465589851140976
mse: 0.028466491075193005
rmse: 0.16872015610232527
r-squared: 0.853960217264921
adj r-squared: 0.8478111737813387
