y_true: [-0.09306899 -0.27258253  0.16008958 -0.21116664  0.43398401 -0.47863573
  0.13426128  0.4431476   0.03394356 -0.66466618 -0.90634233 -0.45854884
  0.14801385 -0.60822886 -0.3242591  -0.41356704  0.07069704 -0.14115196
  0.10566022 -0.31720424  0.31918573  0.12998202  0.18358937 -0.52108032
  0.14270498 -0.47245744  1.         -0.2601712   0.28752375 -0.50259739
 -0.25498039 -0.44466028 -0.36699945 -0.20722339  0.19620712  0.28771925
  0.10925925  0.18319859  0.14105712  0.08759619 -0.5333789  -0.27776584
  0.35615945  0.71544284  0.10306858 -0.28524476  0.41363949 -0.27164999
 -0.78121418 -0.14312677 -0.13701206  0.28922158 -0.16102125  0.03250793
 -0.17595549 -0.22449546 -0.36383826 -0.44776741 -0.5605303  -0.36122587
 -0.92949069 -0.2962257  -0.30238786  0.31293711 -0.5221343  -0.51151502
 -0.04999832 -0.57095283 -0.15971498 -0.41722029 -0.30357891  0.41096601
 -0.89337683 -0.11942037  0.07071843 -0.6897741  -0.21217309 -0.16200756
 -0.24971506 -0.62025106  0.52128953 -0.12497903 -1.         -0.48076969
  0.53718424  0.1669915   0.20092726 -0.25984648 -0.06745447 -0.49520519
 -0.58735007  0.4650262  -0.58803445 -0.02626549  0.4374218  -0.15792395
 -0.15446329  0.09326684 -0.38089329 -0.714634  ]
y_pred: [ 0.07610035 -0.07768751  0.18469052 -0.26628366  0.43108934 -0.49643141
  0.22663827  0.48000646  0.12891105 -0.30515936 -0.75209093 -0.39300188
  0.02431024 -0.54720604 -0.43916285 -0.3215529   0.07290794  0.16122782
 -0.00796847 -0.39092395  0.19502851 -0.24970929  0.28266868 -0.53409594
  0.13729419 -0.42575452  0.57204676 -0.3147355   0.35585356 -0.56065136
 -0.0488033  -0.50337553 -0.42663288 -0.04369711 -0.14813298  0.2573567
  0.02837087  0.16301827  0.14048569  0.34302679 -0.41607854 -0.20011148
  0.23894194  0.26728648  0.37494847 -0.21083574  0.09659068 -0.25527427
 -0.62217939 -0.21246961 -0.12131196  0.40120286 -0.18847536 -0.30117869
  0.02587879 -0.24187164 -0.47773597 -0.07916711 -0.64199126 -0.40716341
 -0.67372739 -0.43223494 -0.36288166  0.30495691 -0.44445443 -0.65149486
  0.11938758 -0.30771413 -0.09482853 -0.08705638 -0.21521786  0.20939827
 -0.75288624 -0.02546645 -0.05309051 -0.6785751  -0.32399142 -0.15353832
 -0.17280759 -0.54322344  0.43865678  0.08851593 -0.80968499 -0.48567232
  0.22502702 -0.13906795  0.07303096 -0.18346272 -0.07919003 -0.2866554
 -0.48748332  0.40164465 -0.6044789   0.02259666  0.4259485   0.14288777
 -0.08392632  0.06860548 -0.30617613 -0.57175493]
num_samples: 100
mae: 0.12461644259281457
mse: 0.027251904393445124
rmse: 0.1650815083328388
r-squared: 0.815451813488233
adj r-squared: 0.7992277970915942
