y_true: [-0.09306899 -0.27258253  0.16008958 -0.21116664  0.43398401 -0.47863573
  0.13426128  0.4431476   0.03394356 -0.66466618 -0.90634233 -0.45854884
  0.14801385 -0.60822886 -0.3242591  -0.41356704  0.07069704 -0.14115196
  0.10566022 -0.31720424  0.31918573  0.12998202  0.18358937 -0.52108032
  0.14270498 -0.47245744  1.         -0.2601712   0.28752375 -0.50259739
 -0.25498039 -0.44466028 -0.36699945 -0.20722339  0.19620712  0.28771925
  0.10925925  0.18319859  0.14105712  0.08759619 -0.5333789  -0.27776584
  0.35615945  0.71544284  0.10306858 -0.28524476  0.41363949 -0.27164999
 -0.78121418 -0.14312677 -0.13701206  0.28922158 -0.16102125  0.03250793
 -0.17595549 -0.22449546 -0.36383826 -0.44776741 -0.5605303  -0.36122587
 -0.92949069 -0.2962257  -0.30238786  0.31293711 -0.5221343  -0.51151502
 -0.04999832 -0.57095283 -0.15971498 -0.41722029 -0.30357891  0.41096601
 -0.89337683 -0.11942037  0.07071843 -0.6897741  -0.21217309 -0.16200756
 -0.24971506 -0.62025106  0.52128953 -0.12497903 -1.         -0.48076969
  0.53718424  0.1669915   0.20092726 -0.25984648 -0.06745447 -0.49520519
 -0.58735007  0.4650262  -0.58803445 -0.02626549  0.4374218  -0.15792395
 -0.15446329  0.09326684 -0.38089329 -0.714634  ]
y_pred: [ 8.89963433e-02 -9.94381309e-02  1.35531113e-01 -2.50500679e-01
  4.30497617e-01 -5.34931481e-01  2.06563830e-01  4.57015365e-01
  8.25644732e-02 -3.45539361e-01 -7.60094166e-01 -3.85324180e-01
  4.68527712e-02 -5.71642160e-01 -4.38031405e-01 -3.76293838e-01
  6.95166737e-03  1.37108997e-01  3.45638059e-02 -4.16697800e-01
  2.84523994e-01 -1.90950200e-01  2.88129121e-01 -5.31352997e-01
  1.58751145e-01 -4.01768476e-01  5.78286171e-01 -3.29470009e-01
  2.59650052e-01 -5.89701176e-01 -5.81605174e-02 -4.82312888e-01
 -3.89649808e-01 -4.64478657e-02 -3.84657495e-02  2.03870460e-01
  2.78507941e-03  8.93510580e-02  1.78633898e-01  3.35695624e-01
 -3.70905071e-01 -1.09082222e-01  1.45099804e-01  2.85169482e-01
  3.41205806e-01 -1.14714123e-01  1.55743241e-01 -2.06895024e-01
 -6.32313430e-01 -1.76938817e-01 -1.85394958e-01  4.27201360e-01
 -2.34480798e-01 -1.29956603e-01  2.02618819e-02 -2.72035629e-01
 -3.72629791e-01  2.42280923e-02 -6.77244663e-01 -3.50149125e-01
 -7.14706600e-01 -4.49314356e-01 -3.17571938e-01  2.17027962e-01
 -5.02816260e-01 -6.76387429e-01  2.38191485e-01 -3.71263355e-01
 -4.32720110e-02 -8.14816654e-02 -3.01661253e-01  2.43126765e-01
 -7.49099910e-01 -6.18369458e-03 -1.99328624e-02 -6.60340130e-01
 -4.36666220e-01 -9.31740552e-02 -1.25158042e-01 -4.18977618e-01
  4.09887403e-01  4.18009833e-02 -8.11566174e-01 -5.31802118e-01
  1.83798790e-01 -9.25471857e-02 -2.20427569e-02 -2.39860460e-01
 -1.40999317e-01 -3.66528422e-01 -4.93977278e-01  4.18488055e-01
 -6.00112915e-01 -1.45882368e-05  3.89487863e-01  1.62701234e-01
 -9.13934857e-02  1.13281317e-01 -3.01241517e-01 -6.10558271e-01]
num_samples: 100
mae: 0.1265945071564056
mse: 0.026641389903190812
rmse: 0.16322190387074528
r-squared: 0.8195861793068173
adj r-squared: 0.8037256236414826
best_epoch: 29
