epoch,batch,train_batch_loss
0,0,0.2553524374961853
0,1,0.06986574828624725
0,2,0.1697634607553482
0,3,0.21788232028484344
0,4,0.07689745724201202
0,5,0.12380526214838028
0,6,0.10716744512319565
0,7,0.18082067370414734
0,8,0.13739821314811707
0,9,0.18709948658943176
1,0,0.09707796573638916
1,1,0.13443194329738617
1,2,0.08582799136638641
1,3,0.23538807034492493
1,4,0.11309699714183807
1,5,0.19776806235313416
1,6,0.12218146026134491
1,7,0.1508941352367401
1,8,0.18591336905956268
1,9,0.09822425991296768
2,0,0.07066057622432709
2,1,0.2145393341779709
2,2,0.13045595586299896
2,3,0.13530705869197845
2,4,0.18246224522590637
2,5,0.14383433759212494
2,6,0.035274259746074677
2,7,0.13582004606723785
2,8,0.170602485537529
2,9,0.1268172413110733
3,0,0.10548718273639679
3,1,0.09346193820238113
3,2,0.13171294331550598
3,3,0.09276429563760757
3,4,0.24511928856372833
3,5,0.17381630837917328
3,6,0.1685113161802292
3,7,0.076542928814888
3,8,0.07783789187669754
3,9,0.10339252650737762
4,0,0.11668582260608673
4,1,0.11986999213695526
4,2,0.07602559030056
4,3,0.11496175825595856
4,4,0.11259676516056061
4,5,0.12001991271972656
4,6,0.11909501254558563
4,7,0.1331612765789032
4,8,0.12632328271865845
4,9,0.09415020793676376
5,0,0.08906111121177673
5,1,0.10091578960418701
5,2,0.09463667869567871
5,3,0.14551308751106262
5,4,0.029706623405218124
5,5,0.1290479451417923
5,6,0.06304779648780823
5,7,0.1328836977481842
5,8,0.07723699510097504
5,9,0.1348840892314911
6,0,0.13336145877838135
6,1,0.07566133886575699
6,2,0.11875797808170319
6,3,0.06108192726969719
6,4,0.04325714707374573
6,5,0.0941389948129654
6,6,0.054589807987213135
6,7,0.08682023733854294
6,8,0.07553922384977341
6,9,0.1295255422592163
7,0,0.1224435344338417
7,1,0.07219744473695755
7,2,0.024932362139225006
7,3,0.07761873304843903
7,4,0.07636676728725433
7,5,0.08572952449321747
7,6,0.08596807718276978
7,7,0.08138479292392731
7,8,0.08836132287979126
7,9,0.056558214128017426
8,0,0.07462301105260849
8,1,0.05296005681157112
8,2,0.06804542243480682
8,3,0.0808919221162796
8,4,0.09360221028327942
8,5,0.06331215798854828
8,6,0.07236835360527039
8,7,0.08850040286779404
8,8,0.08141931891441345
8,9,0.02269747294485569
9,0,0.06168761104345322
9,1,0.07200855761766434
9,2,0.045548215508461
9,3,0.0628058984875679
9,4,0.07010896503925323
9,5,0.060358501970767975
9,6,0.04810690879821777
9,7,0.06535951793193817
9,8,0.051396436989307404
9,9,0.04957915097475052
10,0,0.07069496065378189
10,1,0.07501044124364853
10,2,0.04296968877315521
10,3,0.024125641211867332
10,4,0.09680888056755066
10,5,0.04155198857188225
10,6,0.03727198764681816
10,7,0.04716518521308899
10,8,0.15347601473331451
10,9,0.08112240582704544
11,0,0.0741133987903595
11,1,0.1032738909125328
11,2,0.06052218750119209
11,3,0.030900854617357254
11,4,0.060621898621320724
11,5,0.029520902782678604
11,6,0.08539438247680664
11,7,0.03586464375257492
11,8,0.03257706016302109
11,9,0.06435778737068176
12,0,0.06165114790201187
12,1,0.10810814052820206
12,2,0.0357205867767334
12,3,0.022381747141480446
12,4,0.032983146607875824
12,5,0.06040775775909424
12,6,0.08468308299779892
12,7,0.093147411942482
12,8,0.034200940281152725
12,9,0.025808662176132202
13,0,0.05745035409927368
13,1,0.04452485963702202
13,2,0.04997996240854263
13,3,0.05810070037841797
13,4,0.045487791299819946
13,5,0.046568941324949265
13,6,0.033411022275686264
13,7,0.022414106875658035
13,8,0.07742105424404144
13,9,0.07167115807533264
14,0,0.053679801523685455
14,1,0.06113782525062561
14,2,0.03597259894013405
14,3,0.06079637259244919
14,4,0.005021874792873859
14,5,0.08228322118520737
14,6,0.03497638553380966
14,7,0.03960767015814781
14,8,0.05387205630540848
14,9,0.06079868599772453
15,0,0.052594929933547974
15,1,0.03295868635177612
15,2,0.022091727703809738
15,3,0.05064080283045769
15,4,0.10607113689184189
15,5,0.06925712525844574
15,6,0.0756448358297348
15,7,0.047375358641147614
15,8,0.03957024961709976
15,9,0.045353297144174576
16,0,0.0866856798529625
16,1,0.08496612310409546
16,2,0.051869265735149384
16,3,0.04695264622569084
16,4,0.07550714164972305
16,5,0.04387528821825981
16,6,0.05955709144473076
16,7,0.03880530968308449
16,8,0.0879853293299675
16,9,0.04123321920633316
17,0,0.06403619050979614
17,1,0.05806509405374527
17,2,0.056820064783096313
17,3,0.05120318382978439
17,4,0.025701437145471573
17,5,0.06231360509991646
17,6,0.04172835499048233
17,7,0.05792606994509697
17,8,0.022987226024270058
17,9,0.056906264275312424
18,0,0.04024674370884895
18,1,0.013795493170619011
18,2,0.05907332897186279
18,3,0.013735776767134666
18,4,0.05098650977015495
18,5,0.020234035328030586
18,6,0.025735992938280106
18,7,0.06938976049423218
18,8,0.06526587903499603
18,9,0.042864467948675156
19,0,0.042353853583335876
19,1,0.061005640774965286
19,2,0.03422536700963974
19,3,0.01197429746389389
19,4,0.03266967087984085
19,5,0.050939738750457764
19,6,0.04488702118396759
19,7,0.045407552272081375
19,8,0.04220247641205788
19,9,0.01132405549287796
20,0,0.023576898500323296
20,1,0.05173403024673462
20,2,0.025930102914571762
20,3,0.062448978424072266
20,4,0.015159839764237404
20,5,0.042746737599372864
20,6,0.038942158222198486
20,7,0.021241191774606705
20,8,0.04057006165385246
20,9,0.0513436496257782
21,0,0.010589453391730785
21,1,0.028142014518380165
21,2,0.06058695912361145
21,3,0.028957482427358627
21,4,0.029403265565633774
21,5,0.03033561445772648
21,6,0.044878460466861725
21,7,0.03348001465201378
21,8,0.019058097153902054
21,9,0.0471949577331543
22,0,0.024264752864837646
22,1,0.02684406377375126
22,2,0.052128762006759644
22,3,0.04103808477520943
22,4,0.013482165522873402
22,5,0.07106444239616394
22,6,0.023055721074342728
22,7,0.016660597175359726
22,8,0.033600449562072754
22,9,0.05261443182826042
23,0,0.025245869532227516
23,1,0.030594635754823685
23,2,0.02095140516757965
23,3,0.05981725454330444
23,4,0.049553535878658295
23,5,0.04663356393575668
23,6,0.06471780687570572
23,7,0.028958991169929504
23,8,0.0053451815620064735
23,9,0.020371628925204277
24,0,0.022795245051383972
24,1,0.022304857149720192
24,2,0.009464932605624199
24,3,0.03500780463218689
24,4,0.05320633575320244
24,5,0.06491386890411377
24,6,0.024252500385046005
24,7,0.059572458267211914
24,8,0.05565136671066284
24,9,0.03358519822359085
25,0,0.021157778799533844
25,1,0.0245804600417614
25,2,0.043897584080696106
25,3,0.02452646754682064
25,4,0.023692024871706963
25,5,0.03578760847449303
25,6,0.04872432351112366
25,7,0.03913656622171402
25,8,0.028703764081001282
25,9,0.0183962881565094
26,0,0.01658792421221733
26,1,0.023101726546883583
26,2,0.04345396161079407
26,3,0.025048866868019104
26,4,0.025032883509993553
26,5,0.051485251635313034
26,6,0.042138226330280304
26,7,0.0662040114402771
26,8,0.008182032033801079
26,9,0.04249243065714836
27,0,0.015565705485641956
27,1,0.041642166674137115
27,2,0.03487488627433777
27,3,0.017574887722730637
27,4,0.03025192953646183
27,5,0.04480870068073273
27,6,0.01740848645567894
27,7,0.02713601291179657
27,8,0.05973836034536362
27,9,0.04022960364818573
28,0,0.01843525841832161
28,1,0.03908194974064827
28,2,0.024692947044968605
28,3,0.04514836519956589
28,4,0.03557305783033371
28,5,0.016473818570375443
28,6,0.05650203302502632
28,7,0.025276457890868187
28,8,0.026687752455472946
28,9,0.032668668776750565
29,0,0.03248040750622749
29,1,0.03595954179763794
29,2,0.022472966462373734
29,3,0.030880993232131004
29,4,0.028903409838676453
29,5,0.030983218923211098
29,6,0.0345919243991375
29,7,0.00942791998386383
29,8,0.03333450108766556
29,9,0.03442101925611496