y_true: [-0.09306899 -0.27258253  0.16008958 -0.21116664  0.43398401 -0.47863573
  0.13426128  0.4431476   0.03394356 -0.66466618 -0.90634233 -0.45854884
  0.14801385 -0.60822886 -0.3242591  -0.41356704  0.07069704 -0.14115196
  0.10566022 -0.31720424  0.31918573  0.12998202  0.18358937 -0.52108032
  0.14270498 -0.47245744  1.         -0.2601712   0.28752375 -0.50259739
 -0.25498039 -0.44466028 -0.36699945 -0.20722339  0.19620712  0.28771925
  0.10925925  0.18319859  0.14105712  0.08759619 -0.5333789  -0.27776584
  0.35615945  0.71544284  0.10306858 -0.28524476  0.41363949 -0.27164999
 -0.78121418 -0.14312677 -0.13701206  0.28922158 -0.16102125  0.03250793
 -0.17595549 -0.22449546 -0.36383826 -0.44776741 -0.5605303  -0.36122587
 -0.92949069 -0.2962257  -0.30238786  0.31293711 -0.5221343  -0.51151502
 -0.04999832 -0.57095283 -0.15971498 -0.41722029 -0.30357891  0.41096601
 -0.89337683 -0.11942037  0.07071843 -0.6897741  -0.21217309 -0.16200756
 -0.24971506 -0.62025106  0.52128953 -0.12497903 -1.         -0.48076969
  0.53718424  0.1669915   0.20092726 -0.25984648 -0.06745447 -0.49520519
 -0.58735007  0.4650262  -0.58803445 -0.02626549  0.4374218  -0.15792395
 -0.15446329  0.09326684 -0.38089329 -0.714634  ]
y_pred: [ 0.08456561 -0.40135759  0.27300841 -0.30626535  0.37471598 -0.20922598
  0.45467791  0.03509723  0.46625379 -0.51986927 -0.26956683 -0.20403969
  0.33719873 -0.27118888 -0.209151   -0.37399226  0.27368084  0.24568115
  0.45190179 -0.15746802  0.17290069 -0.0354332   0.46669695 -0.11777221
  0.3405236  -0.04045994  0.6532557  -0.21261773  0.13537002 -0.25392312
  0.13818794 -0.11974895 -0.02313494 -0.22834592  0.08919632  0.37197462
  0.13982353  0.44405204  0.15625867  0.19098678 -0.27768263 -0.12862687
  0.25606266  0.07118335  0.07070556 -0.07434426  0.08801644  0.00802946
 -0.2591019   0.14692745  0.12033149  0.50692934 -0.18571101  0.01058141
  0.15234442 -0.18391927 -0.02422209 -0.33126989 -0.25748137 -0.23521176
 -0.4825514  -0.31324372 -0.1220962   0.31701443 -0.47898149 -0.15067272
  0.08128595 -0.14493658 -0.21058165 -0.37095329 -0.28768697  0.35585377
 -0.32036915 -0.22790477  0.13983808 -0.47900859  0.13934876 -0.24002901
  0.05552393 -0.06592377  0.22760777 -0.00408663 -0.37584123 -0.25279352
  0.24527453  0.03508558  0.22256029 -0.21149464  0.0467477  -0.39206067
 -0.24587575  0.48997623 -0.23298529  0.04176666  0.12859948  0.32737932
 -0.05010886 -0.25360382 -0.25291887 -0.2480078 ]
num_samples: 100
mae: 0.22145271084737034
mse: 0.07462273205212265
rmse: 0.27317161648334304
r-squared: 0.49465954107467114
adj r-squared: 0.4502340062240928
