y_true: [-0.09306899 -0.27258253  0.16008958 -0.21116664  0.43398401 -0.47863573
  0.13426128  0.4431476   0.03394356 -0.66466618 -0.90634233 -0.45854884
  0.14801385 -0.60822886 -0.3242591  -0.41356704  0.07069704 -0.14115196
  0.10566022 -0.31720424  0.31918573  0.12998202  0.18358937 -0.52108032
  0.14270498 -0.47245744  1.         -0.2601712   0.28752375 -0.50259739
 -0.25498039 -0.44466028 -0.36699945 -0.20722339  0.19620712  0.28771925
  0.10925925  0.18319859  0.14105712  0.08759619 -0.5333789  -0.27776584
  0.35615945  0.71544284  0.10306858 -0.28524476  0.41363949 -0.27164999
 -0.78121418 -0.14312677 -0.13701206  0.28922158 -0.16102125  0.03250793
 -0.17595549 -0.22449546 -0.36383826 -0.44776741 -0.5605303  -0.36122587
 -0.92949069 -0.2962257  -0.30238786  0.31293711 -0.5221343  -0.51151502
 -0.04999832 -0.57095283 -0.15971498 -0.41722029 -0.30357891  0.41096601
 -0.89337683 -0.11942037  0.07071843 -0.6897741  -0.21217309 -0.16200756
 -0.24971506 -0.62025106  0.52128953 -0.12497903 -1.         -0.48076969
  0.53718424  0.1669915   0.20092726 -0.25984648 -0.06745447 -0.49520519
 -0.58735007  0.4650262  -0.58803445 -0.02626549  0.4374218  -0.15792395
 -0.15446329  0.09326684 -0.38089329 -0.714634  ]
y_pred: [-0.08796024 -0.51401204  0.20028187 -0.42530957  0.23535331 -0.28942683
  0.30350488 -0.11713844  0.26753542 -0.57024831 -0.40025282 -0.29342678
  0.20234305 -0.31007746 -0.34054506 -0.48741388  0.05972526 -0.00180654
  0.30544379 -0.31063265 -0.07315383 -0.11487281  0.19987246 -0.20650378
  0.17249519 -0.20233211  0.40459859 -0.27661753 -0.05192165 -0.22251935
  0.00900931 -0.18022113 -0.08960188 -0.39386749 -0.04217543  0.21603222
 -0.03720656  0.320577    0.03887814 -0.00584525 -0.25916788 -0.2320713
  0.07806785 -0.10545865 -0.14602371 -0.24681138 -0.07572352 -0.04605261
 -0.39851031 -0.07919587  0.01256258  0.34268865 -0.26855341 -0.14742988
  0.04787667 -0.32529202 -0.15331531 -0.40523851 -0.41700557 -0.38068503
 -0.57357734 -0.42128846 -0.23251112  0.14726652 -0.5254426  -0.25644699
 -0.12588565 -0.24399419 -0.34920925 -0.42401358 -0.36056316  0.20992827
 -0.40417972 -0.33873418 -0.06545004 -0.52695179 -0.11663507 -0.37324843
 -0.16863815 -0.19130203 -0.00771868 -0.12073465 -0.43284327 -0.41329554
 -0.09008028 -0.102426   -0.05390586 -0.34140441 -0.04384259 -0.45343244
 -0.2784901   0.34927696 -0.25287244 -0.120563   -0.09409582  0.11346362
 -0.09688119 -0.41829854 -0.31927648 -0.35848716]
num_samples: 100
mae: 0.20563878929358906
mse: 0.07001921884074111
rmse: 0.2646114488088924
r-squared: 0.5258342436744561
adj r-squared: 0.48414934201946325
best_epoch: 20
