y_true: [-0.65018821  0.53281015  0.49665552 -0.1984587   0.30947819 -0.24304697
 -0.03290847 -0.09715477 -0.1452079   0.87052011  0.374596   -0.11506206
 -0.32727876  0.2752631   0.21259516  0.17342159 -0.34828225  0.06260063
 -0.0344236   0.13040362  0.9176057  -0.62353426 -0.6736809   0.9054938
  0.20312536  0.21343169  0.1654294  -0.84784466 -0.28151184 -0.26691633
 -0.19216131 -0.53667438 -0.11245651  0.38323104 -0.12755869 -0.35350382
  0.33923489 -0.74991912  0.44715691 -0.39361614  0.03660766  0.36901128
  0.51410341 -0.34599361 -0.8176707   0.59257859  0.11401354  0.83219773
 -0.7777136  -0.78979379 -0.12351869 -0.01369487  0.13337448 -0.00933307
  0.42925584 -0.42058    -0.60312909  0.55884045 -0.13076673  0.22588012
  0.01613788  0.10222853  0.37742126 -0.65572703 -0.26911494  0.10164671
 -0.1739611   0.42433637 -0.29183999  0.21348637  0.49122152  0.15828159
 -0.85824412 -0.45555675  0.21682617 -0.29688942 -0.31875274 -0.68433672
  0.27176446 -0.15195391 -0.60094184  0.36716241  0.01092578 -0.04855493
  1.          0.05589242 -0.09750014  0.06800747 -0.32690504  0.3710416
  0.37066382 -0.24479263 -0.23817019 -1.         -0.73131692 -0.76803148
 -0.35190848 -0.11656986 -0.3688519   0.19657342]
y_pred: [0.20214844 0.35058594 0.30957031 0.32519531 0.29199219 0.29492188
 0.24902344 0.21679688 0.38183594 0.37988281 0.39453125 0.31640625
 0.28515625 0.23632812 0.4609375  0.42285156 0.18261719 0.35546875
 0.22851562 0.46289062 0.36132812 0.20507812 0.16210938 0.55566406
 0.25097656 0.28613281 0.28417969 0.27050781 0.17285156 0.2578125
 0.24902344 0.32324219 0.23242188 0.30957031 0.23242188 0.2109375
 0.45214844 0.265625   0.38574219 0.23242188 0.19726562 0.24511719
 0.29199219 0.42675781 0.20996094 0.36132812 0.31640625 0.37109375
 0.28320312 0.39453125 0.17773438 0.359375   0.22070312 0.26074219
 0.23242188 0.21972656 0.19921875 0.48828125 0.18359375 0.27832031
 0.21289062 0.2734375  0.36328125 0.25097656 0.26171875 0.44238281
 0.27246094 0.27929688 0.41015625 0.32226562 0.29101562 0.35351562
 0.20703125 0.21875    0.35546875 0.27636719 0.29785156 0.23242188
 0.26464844 0.39257812 0.21972656 0.43652344 0.33398438 0.20800781
 0.57226562 0.26269531 0.23339844 0.46484375 0.27832031 0.35742188
 0.24511719 0.22558594 0.39160156 0.20605469 0.32714844 0.19335938
 0.33886719 0.2890625  0.22363281 0.26464844]
num_samples: 100
mae: 0.43010787518695
mse: 0.28279349536133536
rmse: 0.5317833161742999
r-squared: -0.45079702701584057
adj r-squared: -0.5118832176270338
best_epoch: 28
