y_true: [-0.65018821  0.53281015  0.49665552 -0.1984587   0.30947819 -0.24304697
 -0.03290847 -0.09715477 -0.1452079   0.87052011  0.374596   -0.11506206
 -0.32727876  0.2752631   0.21259516  0.17342159 -0.34828225  0.06260063
 -0.0344236   0.13040362  0.9176057  -0.62353426 -0.6736809   0.9054938
  0.20312536  0.21343169  0.1654294  -0.84784466 -0.28151184 -0.26691633
 -0.19216131 -0.53667438 -0.11245651  0.38323104 -0.12755869 -0.35350382
  0.33923489 -0.74991912  0.44715691 -0.39361614  0.03660766  0.36901128
  0.51410341 -0.34599361 -0.8176707   0.59257859  0.11401354  0.83219773
 -0.7777136  -0.78979379 -0.12351869 -0.01369487  0.13337448 -0.00933307
  0.42925584 -0.42058    -0.60312909  0.55884045 -0.13076673  0.22588012
  0.01613788  0.10222853  0.37742126 -0.65572703 -0.26911494  0.10164671
 -0.1739611   0.42433637 -0.29183999  0.21348637  0.49122152  0.15828159
 -0.85824412 -0.45555675  0.21682617 -0.29688942 -0.31875274 -0.68433672
  0.27176446 -0.15195391 -0.60094184  0.36716241  0.01092578 -0.04855493
  1.          0.05589242 -0.09750014  0.06800747 -0.32690504  0.3710416
  0.37066382 -0.24479263 -0.23817019 -1.         -0.73131692 -0.76803148
 -0.35190848 -0.11656986 -0.3688519   0.19657342]
y_pred: [0.1875     0.31738281 0.30664062 0.34570312 0.31933594 0.30664062
 0.26367188 0.25       0.41503906 0.35253906 0.35449219 0.31738281
 0.28125    0.25195312 0.46972656 0.39648438 0.16113281 0.35253906
 0.24121094 0.47167969 0.37597656 0.22753906 0.17578125 0.53515625
 0.22167969 0.27734375 0.29101562 0.23730469 0.16210938 0.29003906
 0.2421875  0.30273438 0.234375   0.30273438 0.20019531 0.19238281
 0.40820312 0.265625   0.37402344 0.23535156 0.1953125  0.25195312
 0.28808594 0.41894531 0.1953125  0.32910156 0.34277344 0.34375
 0.28027344 0.40429688 0.24121094 0.34863281 0.21875    0.27148438
 0.24414062 0.22070312 0.21582031 0.49121094 0.18554688 0.26171875
 0.17285156 0.26660156 0.37695312 0.26464844 0.28125    0.44824219
 0.27929688 0.27929688 0.39160156 0.31640625 0.33691406 0.328125
 0.19921875 0.23046875 0.32519531 0.23828125 0.26171875 0.2265625
 0.2578125  0.40625    0.20996094 0.39746094 0.31933594 0.1953125
 0.5703125  0.28710938 0.23925781 0.45996094 0.28808594 0.33886719
 0.23632812 0.21289062 0.43066406 0.21679688 0.30078125 0.20507812
 0.32910156 0.29882812 0.25097656 0.28417969]
num_samples: 100
mae: 0.4300332781858742
mse: 0.2834365067404783
rmse: 0.5323875531419553
r-squared: -0.4540958263605923
adj r-squared: -0.5153209137863013
