epoch,batch,train_batch_loss
0,0,0.24976296722888947
0,1,0.42501670122146606
0,2,0.4763307571411133
0,3,0.4776450991630554
0,4,0.5086660981178284
0,5,0.2963927388191223
0,6,0.5658673048019409
0,7,0.3756113648414612
0,8,0.42498674988746643
0,9,0.6797335743904114
1,0,0.6758293509483337
1,1,0.18441006541252136
1,2,0.45933276414871216
1,3,0.6779136657714844
1,4,0.8260766863822937
1,5,0.3004836440086365
1,6,0.27909478545188904
1,7,0.4217481017112732
1,8,0.10407961905002594
1,9,0.2012704610824585
2,0,0.14598798751831055
2,1,0.3852442502975464
2,2,0.3901601731777191
2,3,0.22571790218353271
2,4,0.45144566893577576
2,5,0.5494449138641357
2,6,0.27639517188072205
2,7,0.5334938764572144
2,8,0.5463400483131409
2,9,0.1998550444841385
3,0,0.2721098065376282
3,1,0.5788655877113342
3,2,0.34109097719192505
3,3,0.1202901229262352
3,4,0.4271577298641205
3,5,0.24083130061626434
3,6,0.1763536036014557
3,7,0.41777998208999634
3,8,0.2683803141117096
3,9,0.5576807260513306
4,0,0.410020649433136
4,1,0.3413475751876831
4,2,0.303475558757782
4,3,0.2933681011199951
4,4,0.42953070998191833
4,5,0.3645985424518585
4,6,0.2493603676557541
4,7,0.3134205937385559
4,8,0.3563522398471832
4,9,0.15576717257499695
5,0,0.23852944374084473
5,1,0.4836331307888031
5,2,0.2438848912715912
5,3,0.3407796323299408
5,4,0.3701529800891876
5,5,0.19255517423152924
5,6,0.26384514570236206
5,7,0.30375611782073975
5,8,0.36844295263290405
5,9,0.28315529227256775
6,0,0.11326976120471954
6,1,0.31053653359413147
6,2,0.26450181007385254
6,3,0.3555346429347992
6,4,0.33001577854156494
6,5,0.2966883182525635
6,6,0.2872372567653656
6,7,0.24139972031116486
6,8,0.4240981638431549
6,9,0.3998323082923889
7,0,0.4455471634864807
7,1,0.30500879883766174
7,2,0.1611684113740921
7,3,0.13304850459098816
7,4,0.37538281083106995
7,5,0.16446468234062195
7,6,0.3645913004875183
7,7,0.23879599571228027
7,8,0.4544498026371002
7,9,0.35562506318092346
8,0,0.2968173921108246
8,1,0.20779235661029816
8,2,0.34645503759384155
8,3,0.3304266035556793
8,4,0.33182698488235474
8,5,0.16386255621910095
8,6,0.20767036080360413
8,7,0.3661932051181793
8,8,0.3353268504142761
8,9,0.3773690462112427
9,0,0.6125978231430054
9,1,0.1047203317284584
9,2,0.22143051028251648
9,3,0.22670216858386993
9,4,0.26091358065605164
9,5,0.38506442308425903
9,6,0.314405620098114
9,7,0.43493637442588806
9,8,0.09626036882400513
9,9,0.3288458287715912
10,0,0.20132899284362793
10,1,0.31870323419570923
10,2,0.35667166113853455
10,3,0.29359835386276245
10,4,0.27378612756729126
10,5,0.3982352614402771
10,6,0.3899674415588379
10,7,0.3023354411125183
10,8,0.20391717553138733
10,9,0.2449011355638504
11,0,0.3214319944381714
11,1,0.3855871558189392
11,2,0.10362367331981659
11,3,0.24379464983940125
11,4,0.22798816859722137
11,5,0.29938772320747375
11,6,0.337316632270813
11,7,0.37312671542167664
11,8,0.4112933278083801
11,9,0.25022754073143005
12,0,0.4560495913028717
12,1,0.6007786989212036
12,2,0.22368884086608887
12,3,0.14709672331809998
12,4,0.285733699798584
12,5,0.26362118124961853
12,6,0.19420138001441956
12,7,0.13635067641735077
12,8,0.4817299246788025
12,9,0.18619927763938904
13,0,0.299349844455719
13,1,0.2692709267139435
13,2,0.22204582393169403
13,3,0.4479215145111084
13,4,0.14256520569324493
13,5,0.39983683824539185
13,6,0.3492731750011444
13,7,0.27148759365081787
13,8,0.288534939289093
13,9,0.285919189453125
14,0,0.4832117557525635
14,1,0.386803537607193
14,2,0.20343148708343506
14,3,0.36873671412467957
14,4,0.243246391415596
14,5,0.09284578263759613
14,6,0.4722881317138672
14,7,0.20405623316764832
14,8,0.1472778618335724
14,9,0.3596199154853821
15,0,0.259971559047699
15,1,0.24733896553516388
15,2,0.2731320858001709
15,3,0.30611854791641235
15,4,0.3889666795730591
15,5,0.2827661335468292
15,6,0.10827770084142685
15,7,0.3080098628997803
15,8,0.4908774793148041
15,9,0.2712970972061157
16,0,0.3382863998413086
16,1,0.21405310928821564
16,2,0.2926665246486664
16,3,0.26012784242630005
16,4,0.2114654779434204
16,5,0.4154575765132904
16,6,0.35072779655456543
16,7,0.1801888644695282
16,8,0.36573517322540283
16,9,0.305048406124115
17,0,0.21711060404777527
17,1,0.09588702023029327
17,2,0.3279208242893219
17,3,0.20549121499061584
17,4,0.3562481999397278
17,5,0.2884353995323181
17,6,0.28984811902046204
17,7,0.4570384621620178
17,8,0.37727150321006775
17,9,0.29306524991989136
18,0,0.1363021582365036
18,1,0.4347043037414551
18,2,0.25964251160621643
18,3,0.3321886658668518
18,4,0.24822337925434113
18,5,0.2697015702724457
18,6,0.23405997455120087
18,7,0.3381064534187317
18,8,0.4248043894767761
18,9,0.2630232572555542
19,0,0.4260560870170593
19,1,0.4417083263397217
19,2,0.480686753988266
19,3,0.16064971685409546
19,4,0.10838662087917328
19,5,0.23761045932769775
19,6,0.2560293972492218
19,7,0.18547260761260986
19,8,0.2772659659385681
19,9,0.3314177393913269
20,0,0.34669697284698486
20,1,0.31009724736213684
20,2,0.1760159283876419
20,3,0.3521776795387268
20,4,0.1864602267742157
20,5,0.18186263740062714
20,6,0.28481191396713257
20,7,0.500033974647522
20,8,0.3965950310230255
20,9,0.1719406098127365
21,0,0.22583314776420593
21,1,0.22722932696342468
21,2,0.16029444336891174
21,3,0.2113746851682663
21,4,0.574192225933075
21,5,0.4205436110496521
21,6,0.4092996120452881
21,7,0.19259747862815857
21,8,0.062068331986665726
21,9,0.4539267420768738
22,0,0.4769245684146881
22,1,0.260026752948761
22,2,0.4269408583641052
22,3,0.1164029985666275
22,4,0.36487120389938354
22,5,0.15736697614192963
22,6,0.33319514989852905
22,7,0.34382104873657227
22,8,0.29345256090164185
22,9,0.12130717933177948
23,0,0.29164400696754456
23,1,0.2662920355796814
23,2,0.2554038166999817
23,3,0.2941284775733948
23,4,0.3991625905036926
23,5,0.3983924984931946
23,6,0.4334109425544739
23,7,0.3173355460166931
23,8,0.02849217876791954
23,9,0.22963884472846985
24,0,0.27888399362564087
24,1,0.2954128384590149
24,2,0.2952898144721985
24,3,0.3776939809322357
24,4,0.34100228548049927
24,5,0.32695940136909485
24,6,0.16895852982997894
24,7,0.36542531847953796
24,8,0.2322833240032196
24,9,0.18694648146629333
25,0,0.46820980310440063
25,1,0.3956232964992523
25,2,0.3712081015110016
25,3,0.3616727590560913
25,4,0.17520031332969666
25,5,0.12147660553455353
25,6,0.269694447517395
25,7,0.21061614155769348
25,8,0.20967045426368713
25,9,0.2930028438568115
26,0,0.13580313324928284
26,1,0.17303623259067535
26,2,0.3914254307746887
26,3,0.31407687067985535
26,4,0.3286811113357544
26,5,0.31260553002357483
26,6,0.20290322601795197
26,7,0.27179330587387085
26,8,0.4294673800468445
26,9,0.314953088760376
27,0,0.16354452073574066
27,1,0.3117406666278839
27,2,0.45611563324928284
27,3,0.2559897303581238
27,4,0.3708869516849518
27,5,0.4885895848274231
27,6,0.2368125170469284
27,7,0.254768967628479
27,8,0.20226991176605225
27,9,0.12703609466552734
28,0,0.24834255874156952
28,1,0.29115036129951477
28,2,0.08461722731590271
28,3,0.3048899173736572
28,4,0.6310547590255737
28,5,0.2029460221529007
28,6,0.18335440754890442
28,7,0.3035895824432373
28,8,0.39024320244789124
28,9,0.1997988075017929
29,0,0.20863036811351776
29,1,0.627416729927063
29,2,0.3164767622947693
29,3,0.1201607808470726
29,4,0.23202641308307648
29,5,0.24581590294837952
29,6,0.15200164914131165
29,7,0.3189381957054138
29,8,0.2317098081111908
29,9,0.3777572512626648