y_true: [-0.09306899 -0.27258253  0.16008958 -0.21116664  0.43398401 -0.47863573
  0.13426128  0.4431476   0.03394356 -0.66466618 -0.90634233 -0.45854884
  0.14801385 -0.60822886 -0.3242591  -0.41356704  0.07069704 -0.14115196
  0.10566022 -0.31720424  0.31918573  0.12998202  0.18358937 -0.52108032
  0.14270498 -0.47245744  1.         -0.2601712   0.28752375 -0.50259739
 -0.25498039 -0.44466028 -0.36699945 -0.20722339  0.19620712  0.28771925
  0.10925925  0.18319859  0.14105712  0.08759619 -0.5333789  -0.27776584
  0.35615945  0.71544284  0.10306858 -0.28524476  0.41363949 -0.27164999
 -0.78121418 -0.14312677 -0.13701206  0.28922158 -0.16102125  0.03250793
 -0.17595549 -0.22449546 -0.36383826 -0.44776741 -0.5605303  -0.36122587
 -0.92949069 -0.2962257  -0.30238786  0.31293711 -0.5221343  -0.51151502
 -0.04999832 -0.57095283 -0.15971498 -0.41722029 -0.30357891  0.41096601
 -0.89337683 -0.11942037  0.07071843 -0.6897741  -0.21217309 -0.16200756
 -0.24971506 -0.62025106  0.52128953 -0.12497903 -1.         -0.48076969
  0.53718424  0.1669915   0.20092726 -0.25984648 -0.06745447 -0.49520519
 -0.58735007  0.4650262  -0.58803445 -0.02626549  0.4374218  -0.15792395
 -0.15446329  0.09326684 -0.38089329 -0.714634  ]
y_pred: [ 0.10085949 -0.04476138 -0.11975913 -0.05850811 -0.02906746 -0.14140445
 -0.11693402  0.04194723 -0.10517611 -0.17738195 -0.30671659 -0.15226908
 -0.08089698 -0.28346518 -0.3004958  -0.11130165 -0.18295324 -0.10532212
 -0.1675145  -0.12574984  0.0746851  -0.13360363 -0.09767769 -0.20161277
 -0.08848138 -0.21469721 -0.02896872 -0.12427633  0.11569699 -0.25681597
 -0.04169207 -0.1768367  -0.25130594 -0.13352384 -0.20366037 -0.02437529
 -0.15462984 -0.09988368 -0.0512946  -0.04670756 -0.20519352 -0.10908699
 -0.0597107  -0.07540687  0.07419294  0.01852795 -0.0981743  -0.17086913
 -0.20165542 -0.20363402 -0.16005756 -0.0595692  -0.0196799  -0.16820207
 -0.11323281 -0.09321101 -0.15571038 -0.15127157 -0.21369272 -0.27655309
 -0.2795794  -0.21236144 -0.19232216 -0.04015541 -0.13041483 -0.24787687
 -0.15298979 -0.17835751  0.00850046  0.01002275 -0.17914236 -0.10705494
 -0.2878263  -0.04105343 -0.18030591 -0.31627655 -0.29806897 -0.01869601
 -0.20847246 -0.03925508 -0.00805429 -0.12177426 -0.3434101  -0.22821023
 -0.03506108 -0.07764131 -0.15075424 -0.11943074 -0.21415746 -0.12964927
 -0.11050998 -0.09817357 -0.16586076 -0.16175428  0.09638786 -0.06102414
 -0.12959576 -0.0235553  -0.12243082 -0.29127353]
num_samples: 100
mae: 0.27910072629339994
mse: 0.11156666000529417
rmse: 0.3340159577105474
r-squared: 0.24447757918509805
adj r-squared: 0.17805802570686502
best_epoch: 29
