y_true: [-0.09306899 -0.27258253  0.16008958 -0.21116664  0.43398401 -0.47863573
  0.13426128  0.4431476   0.03394356 -0.66466618 -0.90634233 -0.45854884
  0.14801385 -0.60822886 -0.3242591  -0.41356704  0.07069704 -0.14115196
  0.10566022 -0.31720424  0.31918573  0.12998202  0.18358937 -0.52108032
  0.14270498 -0.47245744  1.         -0.2601712   0.28752375 -0.50259739
 -0.25498039 -0.44466028 -0.36699945 -0.20722339  0.19620712  0.28771925
  0.10925925  0.18319859  0.14105712  0.08759619 -0.5333789  -0.27776584
  0.35615945  0.71544284  0.10306858 -0.28524476  0.41363949 -0.27164999
 -0.78121418 -0.14312677 -0.13701206  0.28922158 -0.16102125  0.03250793
 -0.17595549 -0.22449546 -0.36383826 -0.44776741 -0.5605303  -0.36122587
 -0.92949069 -0.2962257  -0.30238786  0.31293711 -0.5221343  -0.51151502
 -0.04999832 -0.57095283 -0.15971498 -0.41722029 -0.30357891  0.41096601
 -0.89337683 -0.11942037  0.07071843 -0.6897741  -0.21217309 -0.16200756
 -0.24971506 -0.62025106  0.52128953 -0.12497903 -1.         -0.48076969
  0.53718424  0.1669915   0.20092726 -0.25984648 -0.06745447 -0.49520519
 -0.58735007  0.4650262  -0.58803445 -0.02626549  0.4374218  -0.15792395
 -0.15446329  0.09326684 -0.38089329 -0.714634  ]
y_pred: [ 0.09088039 -0.06557426 -0.11916827 -0.06186054 -0.01342213 -0.12557615
 -0.10712043  0.06380162 -0.11436749 -0.1807494  -0.2926622  -0.15128881
 -0.09903858 -0.27440894 -0.28323412 -0.11311718 -0.18507484 -0.11718189
 -0.17162243 -0.11966664  0.08905094 -0.14619178 -0.09748322 -0.21026747
 -0.06849001 -0.24222696 -0.03083539 -0.11439463  0.10941423 -0.25908929
 -0.01648238 -0.18935151 -0.24826653 -0.12020528 -0.19209227 -0.01456012
 -0.16954112 -0.13050237 -0.0365497  -0.02251441 -0.19303733 -0.09673205
 -0.06683335 -0.06306321  0.10103978  0.01391133 -0.07857119 -0.17379937
 -0.21098682 -0.21266951 -0.15753013 -0.07204454 -0.02978924 -0.1732756
 -0.14076366 -0.11576661 -0.14775857 -0.1669908  -0.22726488 -0.25985447
 -0.26442277 -0.22694215 -0.16852796 -0.03790567 -0.09818614 -0.2426908
 -0.15891932 -0.16563214 -0.00407065  0.00591277 -0.20648301 -0.09444646
 -0.29456699 -0.03777515 -0.20124564 -0.29996371 -0.30242342  0.02074078
 -0.20802394 -0.04533213 -0.00243109 -0.13603203 -0.33511299 -0.22582936
 -0.01835718 -0.07112006 -0.13622625 -0.12908413 -0.20225695 -0.14970161
 -0.12222004 -0.10231093 -0.15963507 -0.16519189  0.11248206 -0.059527
 -0.11771811 -0.00511424 -0.13361183 -0.28956282]
num_samples: 100
mae: 0.2779337736382149
mse: 0.11089532970481591
rmse: 0.33300950392566264
r-squared: 0.24902378585436324
adj r-squared: 0.18300389889650515
