y_true: [-0.65018821  0.53281015  0.49665552 -0.1984587   0.30947819 -0.24304697
 -0.03290847 -0.09715477 -0.1452079   0.87052011  0.374596   -0.11506206
 -0.32727876  0.2752631   0.21259516  0.17342159 -0.34828225  0.06260063
 -0.0344236   0.13040362  0.9176057  -0.62353426 -0.6736809   0.9054938
  0.20312536  0.21343169  0.1654294  -0.84784466 -0.28151184 -0.26691633
 -0.19216131 -0.53667438 -0.11245651  0.38323104 -0.12755869 -0.35350382
  0.33923489 -0.74991912  0.44715691 -0.39361614  0.03660766  0.36901128
  0.51410341 -0.34599361 -0.8176707   0.59257859  0.11401354  0.83219773
 -0.7777136  -0.78979379 -0.12351869 -0.01369487  0.13337448 -0.00933307
  0.42925584 -0.42058    -0.60312909  0.55884045 -0.13076673  0.22588012
  0.01613788  0.10222853  0.37742126 -0.65572703 -0.26911494  0.10164671
 -0.1739611   0.42433637 -0.29183999  0.21348637  0.49122152  0.15828159
 -0.85824412 -0.45555675  0.21682617 -0.29688942 -0.31875274 -0.68433672
  0.27176446 -0.15195391 -0.60094184  0.36716241  0.01092578 -0.04855493
  1.          0.05589242 -0.09750014  0.06800747 -0.32690504  0.3710416
  0.37066382 -0.24479263 -0.23817019 -1.         -0.73131692 -0.76803148
 -0.35190848 -0.11656986 -0.3688519   0.19657342]
y_pred: [-0.55455679  0.39057407  0.40385196 -0.23390041  0.44270355 -0.24160893
 -0.0279835  -0.18893524 -0.01691015  0.68118078  0.20805284 -0.076967
 -0.40242526  0.22307946  0.15985127  0.31108367 -0.41552082  0.23300362
  0.01920582  0.16896281  0.58506817 -0.63872778 -0.5941897   0.63435173
  0.30625668  0.23517747  0.14808196 -0.71310371 -0.29904494 -0.22552992
 -0.15629244 -0.53327024  0.01271145  0.550062   -0.23366156 -0.42281342
  0.29474828 -0.72575289  0.51020616 -0.40454465  0.14684898  0.46981645
  0.63276452 -0.39690885 -0.33718917  0.65653074  0.01257265  0.73733449
 -0.64413989 -0.66152066 -0.12799172  0.07203305  0.18659882  0.03076994
  0.5369426  -0.57117599 -0.68290019  0.47715864 -0.12565804  0.25876573
  0.10584256  0.15633196  0.46959108 -0.6448949  -0.40197349  0.01359454
 -0.25816718  0.52650702 -0.31924489  0.36734536  0.57703233  0.27806073
 -0.69758171 -0.5315696   0.3322047  -0.27564043 -0.39484468 -0.63593882
  0.27428082 -0.15787716 -0.62476087  0.60477614  0.04820686  0.01753745
  0.77193153  0.21510375 -0.01142059  0.07539843 -0.40004241  0.57799077
  0.35192794 -0.255173   -0.25396919 -0.71261191 -0.71227187 -0.697891
 -0.430823   -0.13520336 -0.39130872  0.29232213]
num_samples: 100
mae: 0.08785422369837761
mse: 0.013552739119982076
rmse: 0.11641623220145066
r-squared: 0.930471266327862
adj r-squared: 0.9275437406995615
