y_true: [-0.65018821  0.53281015  0.49665552 -0.1984587   0.30947819 -0.24304697
 -0.03290847 -0.09715477 -0.1452079   0.87052011  0.374596   -0.11506206
 -0.32727876  0.2752631   0.21259516  0.17342159 -0.34828225  0.06260063
 -0.0344236   0.13040362  0.9176057  -0.62353426 -0.6736809   0.9054938
  0.20312536  0.21343169  0.1654294  -0.84784466 -0.28151184 -0.26691633
 -0.19216131 -0.53667438 -0.11245651  0.38323104 -0.12755869 -0.35350382
  0.33923489 -0.74991912  0.44715691 -0.39361614  0.03660766  0.36901128
  0.51410341 -0.34599361 -0.8176707   0.59257859  0.11401354  0.83219773
 -0.7777136  -0.78979379 -0.12351869 -0.01369487  0.13337448 -0.00933307
  0.42925584 -0.42058    -0.60312909  0.55884045 -0.13076673  0.22588012
  0.01613788  0.10222853  0.37742126 -0.65572703 -0.26911494  0.10164671
 -0.1739611   0.42433637 -0.29183999  0.21348637  0.49122152  0.15828159
 -0.85824412 -0.45555675  0.21682617 -0.29688942 -0.31875274 -0.68433672
  0.27176446 -0.15195391 -0.60094184  0.36716241  0.01092578 -0.04855493
  1.          0.05589242 -0.09750014  0.06800747 -0.32690504  0.3710416
  0.37066382 -0.24479263 -0.23817019 -1.         -0.73131692 -0.76803148
 -0.35190848 -0.11656986 -0.3688519   0.19657342]
y_pred: [-0.58873963  0.3491841   0.29516995 -0.30610663  0.40260121 -0.33305076
 -0.0816519  -0.17499229 -0.13826634  0.62629426  0.19000749 -0.20996559
 -0.47599047  0.09837036  0.17072862  0.20888817 -0.47929341  0.09032495
  0.05388072 -0.00756126  0.51755673 -0.65575844 -0.65739572  0.59039855
  0.32727918  0.13204183  0.11110298 -0.730111   -0.35957953 -0.33448631
 -0.11618516 -0.5763343  -0.08210325  0.51262552 -0.27872854 -0.48489505
  0.31641695 -0.71625322  0.40205818 -0.5057205   0.02327822  0.45116174
  0.58179086 -0.47680217 -0.34747851  0.59598374 -0.07471586  0.71316826
 -0.69387698 -0.67788726 -0.14246298 -0.05043417  0.1312     -0.01568177
  0.50677663 -0.56469649 -0.73258024  0.48634952 -0.16278669  0.22975285
  0.04463191  0.18022773  0.39777145 -0.65731239 -0.41739035 -0.03890688
 -0.40077618  0.46343434 -0.35703444  0.31623012  0.56062353  0.2485932
 -0.73434895 -0.56791526  0.29549003 -0.30771327 -0.44062865 -0.64729613
  0.28912252 -0.27652884 -0.68014264  0.53845704 -0.02125277 -0.10812071
  0.71340066  0.09282451 -0.0411688  -0.09528112 -0.47795191  0.50237489
  0.2744756  -0.37114099 -0.23889916 -0.75816286 -0.73216528 -0.7291643
 -0.45035449 -0.19656567 -0.45627934  0.23755513]
num_samples: 100
mae: 0.09652652460616082
mse: 0.015813572567353867
rmse: 0.12575202808445624
r-squared: 0.9188726599319335
adj r-squared: 0.9154567719290675
best_epoch: 16
