y_true: [-0.09306899 -0.27258253  0.16008958 -0.21116664  0.43398401 -0.47863573
  0.13426128  0.4431476   0.03394356 -0.66466618 -0.90634233 -0.45854884
  0.14801385 -0.60822886 -0.3242591  -0.41356704  0.07069704 -0.14115196
  0.10566022 -0.31720424  0.31918573  0.12998202  0.18358937 -0.52108032
  0.14270498 -0.47245744  1.         -0.2601712   0.28752375 -0.50259739
 -0.25498039 -0.44466028 -0.36699945 -0.20722339  0.19620712  0.28771925
  0.10925925  0.18319859  0.14105712  0.08759619 -0.5333789  -0.27776584
  0.35615945  0.71544284  0.10306858 -0.28524476  0.41363949 -0.27164999
 -0.78121418 -0.14312677 -0.13701206  0.28922158 -0.16102125  0.03250793
 -0.17595549 -0.22449546 -0.36383826 -0.44776741 -0.5605303  -0.36122587
 -0.92949069 -0.2962257  -0.30238786  0.31293711 -0.5221343  -0.51151502
 -0.04999832 -0.57095283 -0.15971498 -0.41722029 -0.30357891  0.41096601
 -0.89337683 -0.11942037  0.07071843 -0.6897741  -0.21217309 -0.16200756
 -0.24971506 -0.62025106  0.52128953 -0.12497903 -1.         -0.48076969
  0.53718424  0.1669915   0.20092726 -0.25984648 -0.06745447 -0.49520519
 -0.58735007  0.4650262  -0.58803445 -0.02626549  0.4374218  -0.15792395
 -0.15446329  0.09326684 -0.38089329 -0.714634  ]
y_pred: [0.45898438 0.40234375 0.3671875  0.42578125 0.48046875 0.45214844
 0.4296875  0.47167969 0.42773438 0.38671875 0.42773438 0.40625
 0.45800781 0.38964844 0.45898438 0.43457031 0.40722656 0.46289062
 0.43652344 0.42480469 0.49121094 0.42871094 0.45019531 0.38867188
 0.42285156 0.51855469 0.53417969 0.34765625 0.52441406 0.41796875
 0.40039062 0.36328125 0.37207031 0.38574219 0.40722656 0.45214844
 0.50585938 0.42578125 0.42871094 0.39746094 0.41308594 0.40234375
 0.47753906 0.46191406 0.46289062 0.41015625 0.43554688 0.39355469
 0.46777344 0.40429688 0.53710938 0.4609375  0.43164062 0.47558594
 0.38378906 0.42285156 0.38476562 0.40136719 0.47753906 0.44433594
 0.43066406 0.53417969 0.43847656 0.45898438 0.44921875 0.47265625
 0.46582031 0.51464844 0.43359375 0.43652344 0.38867188 0.45507812
 0.48242188 0.4375     0.36328125 0.46777344 0.42382812 0.41113281
 0.55664062 0.42480469 0.40625    0.38574219 0.43652344 0.41210938
 0.44726562 0.45800781 0.41503906 0.38476562 0.40234375 0.38085938
 0.44628906 0.51660156 0.4296875  0.41503906 0.4765625  0.46582031
 0.37988281 0.4609375  0.38183594 0.47167969]
num_samples: 100
mae: 0.6045622537843883
mse: 0.4856763566264434
rmse: 0.6969048404383796
r-squared: -2.288969811174412
adj r-squared: -2.57811001435458
