y_true: [ 0.10430219 -0.84784466 -0.92266589 -0.39361614 -0.5322389  -0.28151184
 -0.33515745 -0.41483805  0.13040362  0.2752631   0.9054938  -0.45555675
  0.44715691 -0.68006146 -0.40469539 -0.09750014 -0.19216131  0.21343169
  0.03660766 -0.09455879  0.21682617 -0.73131692  0.22588012 -0.04855493
 -0.24304697  0.40837088  0.30947819 -0.30644169  0.53281015 -0.60094184
 -0.42058     0.20312536  0.55884045 -0.1984587   0.42433637 -0.74991912
  0.06260063  0.87052011  0.37066382 -0.23817019  0.11401354 -0.35619694
 -0.68433672 -0.12755869  0.36716241  0.10164671  0.01613788  0.15828159
  0.9176057  -0.32727876 -0.7777136  -0.65572703 -0.31875274  0.374596
 -0.11506206  0.21259516  0.21348637 -0.15195391  0.51410341  0.49122152
 -0.34599361 -0.34828225 -0.12351869 -0.03290847  0.33923489  0.01092578
 -0.3688519  -0.35190848 -0.26911494 -0.26691633 -0.11245651  0.38323104
 -0.20849697  0.1654294   0.13337448 -0.78979379 -0.62353426  0.59257859
 -0.32690504  0.3710416  -0.1739611  -0.60312909  0.11007478  0.83219773
 -0.11656986 -0.00933307 -0.7138297  -0.1590579   0.01004035  0.05589242
  0.49665552  0.36901128 -1.         -0.65018821 -0.53667438 -0.1452079
 -0.53093016 -0.6736809   0.10222853 -0.13076673]
y_pred: [ 0.17228028 -0.74375695 -0.74665254 -0.43126911 -0.55830628 -0.30652294
 -0.36391047 -0.43060023  0.04448644  0.36084008  0.56645048 -0.49838325
  0.44165963 -0.6627003  -0.43927765 -0.0797751  -0.27137229  0.24762598
  0.08754506 -0.09541588  0.26700619 -0.68089348  0.29745093 -0.00609286
 -0.2526207   0.43409064  0.35181335 -0.35624278  0.51199085 -0.61555529
 -0.47764751  0.27475837  0.42634964 -0.22347298  0.45003718 -0.70150864
  0.09707312  0.64947289  0.42473605 -0.45712942  0.03642111 -0.39134368
 -0.66034281 -0.15530942  0.40204713  0.01157921  0.05847714  0.19078737
  0.66832614 -0.37244296 -0.70925254 -0.6459645  -0.477873    0.31134975
 -0.11581115  0.15754333  0.26849505 -0.15046091  0.49522701  0.4908081
 -0.42920813 -0.39845002 -0.13546982  0.00633225  0.30827367  0.0368475
 -0.40139386 -0.39893657 -0.28564876 -0.2819474  -0.09859901  0.40374127
 -0.24237761  0.20976289  0.18481034 -0.72564799 -0.62623298  0.539473
 -0.35747418  0.41514134 -0.25928563 -0.63744479  0.17127249  0.6329847
 -0.11178122  0.03978505 -0.67219478 -0.16648856  0.06445856  0.09748979
  0.50046438  0.41171151 -0.80701089 -0.64205527 -0.56694794 -0.13137066
 -0.6047678  -0.66878629  0.1413992  -0.12020005]
num_samples: 100
mae: 0.053428086442872884
mse: 0.006081304211700225
rmse: 0.07798271739110035
r-squared: 0.9670851379089258
adj r-squared: 0.9656992489787753
