y_true: [-0.17187756  0.23739474  0.05214312  0.03272184 -0.03127975  0.54075539
 -0.51780546  0.49302694 -0.0562344   0.19216624 -0.35577402 -0.88265258
 -0.25487226 -0.93134081 -0.52722806  0.316971    0.3325434  -0.25386405
 -0.04683136 -0.20571823 -0.37102532  0.02165594 -0.28266513 -0.3478339
  0.17005242 -0.05530716 -0.48771933 -0.77421987 -0.26969931  0.38518256
  0.42286041  0.33139315  0.21020304  0.48351195  0.33925742 -0.15428315
  0.05069892 -0.19886112  0.02379217 -0.45230359  0.0524573  -0.2092216
  0.19495517  0.06992246  0.08009232 -0.02744388 -0.15985195  0.03340589
 -0.64731479 -0.08591453 -0.25703293  0.13559173  0.1982841   0.09776589
 -0.73632991 -0.32043144 -0.35900256 -0.19721739  0.38416538  0.02187891
  0.02320733  0.44300112 -0.3187263   0.47608879 -0.15224274 -0.14135581
 -0.06650849 -0.29512709 -0.11005259 -0.02427793 -0.25228783  0.44536263
  0.24341547 -0.03987206 -0.46293601 -0.06821831 -0.10450935  0.11953704
  0.13784732 -0.20142071 -0.03767175 -0.12417635  0.67493904 -0.31035364
 -1.          0.01423685 -0.37688631 -0.11957238 -0.50359231  0.39636794
 -0.00865249  0.20558654 -0.12899223 -0.4195419   0.2094288   0.28327984
  0.16670516  0.19793317  0.0066037  -0.88874519]
y_pred: [-0.08735241  0.07216523  0.12008927  0.00708209  0.11178834  0.21406993
 -0.40920368  0.0826197  -0.1802426  -0.10818563 -0.11026401 -0.38618514
 -0.17616922 -0.4109534  -0.12064128  0.03651506  0.16336809 -0.23258883
  0.16336809 -0.1309922   0.05540604  0.0428156  -0.08317599 -0.07690591
  0.19795655 -0.01184882 -0.11441796 -0.35901621 -0.10818563  0.25242907
  0.18985894  0.16950381  0.19997679  0.02810989  0.12216191 -0.00553879
  0.01549498 -0.25828522 -0.0202606  -0.00764224  0.03021155 -0.18430986
  0.05121101  0.03441421  0.03231305  0.16336809 -0.00764224  0.05540604
 -0.11856787 -0.13305907 -0.04547408 -0.17616922  0.04491509 -0.06853643
 -0.22061604 -0.02236315 -0.27974817 -0.00974554  0.0533088  -0.09569594
  0.02600791  0.0888838   0.04071579  0.21406993 -0.18634109 -0.03077119
 -0.15981647 -0.14955072 -0.06015729  0.00497865 -0.34426951  0.05540604
  0.02390568  0.15311407  0.00708209 -0.16186559  0.03021155 -0.01184882
  0.10139043 -0.09152577 -0.3218289   0.13044164  0.14694558 -0.19647323
 -0.34055567  0.10971068 -0.26024738 -0.23059812 -0.37900281  0.24000409
  0.16746001 -0.02236315 -0.04967157 -0.47187841  0.17154615 -0.07690591
  0.06588479  0.21206197  0.09305596 -0.36450091]
num_samples: 100
mae: 0.19144102093763649
mse: 0.06011829275610493
rmse: 0.2451903194583851
r-squared: 0.4808327770900044
adj r-squared: 0.4224993812574206
