y_true: [-0.17187756  0.23739474  0.05214312  0.03272184 -0.03127975  0.54075539
 -0.51780546  0.49302694 -0.0562344   0.19216624 -0.35577402 -0.88265258
 -0.25487226 -0.93134081 -0.52722806  0.316971    0.3325434  -0.25386405
 -0.04683136 -0.20571823 -0.37102532  0.02165594 -0.28266513 -0.3478339
  0.17005242 -0.05530716 -0.48771933 -0.77421987 -0.26969931  0.38518256
  0.42286041  0.33139315  0.21020304  0.48351195  0.33925742 -0.15428315
  0.05069892 -0.19886112  0.02379217 -0.45230359  0.0524573  -0.2092216
  0.19495517  0.06992246  0.08009232 -0.02744388 -0.15985195  0.03340589
 -0.64731479 -0.08591453 -0.25703293  0.13559173  0.1982841   0.09776589
 -0.73632991 -0.32043144 -0.35900256 -0.19721739  0.38416538  0.02187891
  0.02320733  0.44300112 -0.3187263   0.47608879 -0.15224274 -0.14135581
 -0.06650849 -0.29512709 -0.11005259 -0.02427793 -0.25228783  0.44536263
  0.24341547 -0.03987206 -0.46293601 -0.06821831 -0.10450935  0.11953704
  0.13784732 -0.20142071 -0.03767175 -0.12417635  0.67493904 -0.31035364
 -1.          0.01423685 -0.37688631 -0.11957238 -0.50359231  0.39636794
 -0.00865249  0.20558654 -0.12899223 -0.4195419   0.2094288   0.28327984
  0.16670516  0.19793317  0.0066037  -0.88874519]
y_pred: [-0.02092729  0.00723044  0.09345163  0.05143816  0.06547028  0.22460018
 -0.3512843   0.09544511 -0.17597617 -0.02092729 -0.1010443  -0.34598336
 -0.17207503 -0.39116314 -0.05105844  0.03939414  0.12524791 -0.12091085
  0.19189127 -0.10502457  0.06547028  0.09743791 -0.06909611 -0.06108418
  0.20155941 -0.01690575 -0.15445465 -0.26208389 -0.15641756  0.26866919
  0.20155941  0.13710903  0.1528624   0.08746645  0.15089728 -0.06509115
 -0.01489478 -0.20312338 -0.09706073  0.0172864   0.0674729  -0.16621323
  0.0494318   0.18024024  0.13118313  0.15482627 -0.09307414  0.09544511
 -0.13673541 -0.09506781 -0.04503787 -0.13673541  0.08147503 -0.06509115
 -0.1387088  -0.04303026 -0.28441817 -0.00483837 -0.01087244  0.01125312
  0.10540111  0.11335078  0.06547028  0.19382791 -0.14855869 -0.07309873
 -0.11496031 -0.06509115  0.0192972   0.00119615 -0.33531493  0.0454178
 -0.03700548  0.18607228  0.09544511 -0.05907993  0.06947498 -0.00081538
  0.11732025 -0.03298739 -0.2917963   0.11335078  0.11930359 -0.22041447
 -0.28995499  0.08147503 -0.25080881 -0.13080889 -0.34775281  0.20155941
  0.13710903  0.07347737  0.00320755 -0.39626223  0.09345163 -0.03298739
  0.05143816  0.18412969  0.12722732 -0.32095608]
num_samples: 100
mae: 0.19779961808992083
mse: 0.06551653549518557
rmse: 0.2559619805658363
r-squared: 0.4342148416337793
adj r-squared: 0.37064347552521515
best_epoch: 28
