y_true: [-0.65018821  0.53281015  0.49665552 -0.1984587   0.30947819 -0.24304697
 -0.03290847 -0.09715477 -0.1452079   0.87052011  0.374596   -0.11506206
 -0.32727876  0.2752631   0.21259516  0.17342159 -0.34828225  0.06260063
 -0.0344236   0.13040362  0.9176057  -0.62353426 -0.6736809   0.9054938
  0.20312536  0.21343169  0.1654294  -0.84784466 -0.28151184 -0.26691633
 -0.19216131 -0.53667438 -0.11245651  0.38323104 -0.12755869 -0.35350382
  0.33923489 -0.74991912  0.44715691 -0.39361614  0.03660766  0.36901128
  0.51410341 -0.34599361 -0.8176707   0.59257859  0.11401354  0.83219773
 -0.7777136  -0.78979379 -0.12351869 -0.01369487  0.13337448 -0.00933307
  0.42925584 -0.42058    -0.60312909  0.55884045 -0.13076673  0.22588012
  0.01613788  0.10222853  0.37742126 -0.65572703 -0.26911494  0.10164671
 -0.1739611   0.42433637 -0.29183999  0.21348637  0.49122152  0.15828159
 -0.85824412 -0.45555675  0.21682617 -0.29688942 -0.31875274 -0.68433672
  0.27176446 -0.15195391 -0.60094184  0.36716241  0.01092578 -0.04855493
  1.          0.05589242 -0.09750014  0.06800747 -0.32690504  0.3710416
  0.37066382 -0.24479263 -0.23817019 -1.         -0.73131692 -0.76803148
 -0.35190848 -0.11656986 -0.3688519   0.19657342]
y_pred: [-0.47639477  0.25519133  0.34030387 -0.20748457  0.29095545 -0.32189459
  0.00817447 -0.05273091 -0.23596829  0.60762662  0.45395905  0.03873096
 -0.20819771  0.53866661  0.50751698  0.2956436  -0.36691418 -0.02161834
 -0.10609355  0.14730135  0.64216483 -0.63812119 -0.63281715  0.77345657
  0.18865666  0.01095471 -0.02147447 -0.71244311 -0.2765103  -0.36867705
 -0.03887786 -0.4785178  -0.02994221  0.32977331 -0.11775123 -0.40630946
  0.40527052 -0.67931932  0.34537458 -0.46571055 -0.11058699  0.2386926
  0.4119226  -0.06270261 -0.43010578  0.5991717   0.18658729  0.58521205
 -0.68748188 -0.44902545 -0.18873267 -0.01232682  0.25398496  0.02662821
  0.38256031 -0.43037674 -0.40644532  0.57527113 -0.19484659  0.19613853
  0.05053193  0.01279271  0.33037326 -0.63751757 -0.22088167  0.44987723
 -0.11593807  0.37661284 -0.23577902  0.2566337   0.42725331  0.14585789
 -0.68811387 -0.51507086  0.08306618 -0.42776573 -0.26215124 -0.67030448
  0.14545394 -0.3525694  -0.59366816  0.31070575 -0.1272486   0.02250362
  0.71050888 -0.05180658 -0.07810454  0.21772456 -0.37483826  0.3283295
  0.288443   -0.17427261 -0.06293278 -0.59141254 -0.61108619 -0.62959033
 -0.36267385 -0.17120436 -0.39789337  0.12952997]
num_samples: 100
mae: 0.10446659956127405
mse: 0.01926945635581577
rmse: 0.1388144673865652
r-squared: 0.9011431647057209
adj r-squared: 0.8969807716406986
best_epoch: 26
