y_true: [-0.65018821  0.53281015  0.49665552 -0.1984587   0.30947819 -0.24304697
 -0.03290847 -0.09715477 -0.1452079   0.87052011  0.374596   -0.11506206
 -0.32727876  0.2752631   0.21259516  0.17342159 -0.34828225  0.06260063
 -0.0344236   0.13040362  0.9176057  -0.62353426 -0.6736809   0.9054938
  0.20312536  0.21343169  0.1654294  -0.84784466 -0.28151184 -0.26691633
 -0.19216131 -0.53667438 -0.11245651  0.38323104 -0.12755869 -0.35350382
  0.33923489 -0.74991912  0.44715691 -0.39361614  0.03660766  0.36901128
  0.51410341 -0.34599361 -0.8176707   0.59257859  0.11401354  0.83219773
 -0.7777136  -0.78979379 -0.12351869 -0.01369487  0.13337448 -0.00933307
  0.42925584 -0.42058    -0.60312909  0.55884045 -0.13076673  0.22588012
  0.01613788  0.10222853  0.37742126 -0.65572703 -0.26911494  0.10164671
 -0.1739611   0.42433637 -0.29183999  0.21348637  0.49122152  0.15828159
 -0.85824412 -0.45555675  0.21682617 -0.29688942 -0.31875274 -0.68433672
  0.27176446 -0.15195391 -0.60094184  0.36716241  0.01092578 -0.04855493
  1.          0.05589242 -0.09750014  0.06800747 -0.32690504  0.3710416
  0.37066382 -0.24479263 -0.23817019 -1.         -0.73131692 -0.76803148
 -0.35190848 -0.11656986 -0.3688519   0.19657342]
y_pred: [-0.4844538   0.29431081  0.45173749 -0.14488345  0.26532301 -0.37352076
 -0.0531584  -0.16224809 -0.22392565  0.63934231  0.39393866 -0.02728825
 -0.28260979  0.54461497  0.49865261  0.32769337 -0.47391424  0.05500039
 -0.14792497  0.25644866  0.59624881 -0.64107108 -0.62363833  0.71146381
  0.29359397  0.10831355  0.14042145 -0.69924396 -0.34432217 -0.26357326
 -0.03879087 -0.36812165 -0.05538575  0.36389899 -0.08923487 -0.40775025
  0.37195072 -0.72387767  0.42197931 -0.40223053  0.04651623  0.32707015
  0.48883471 -0.21820383 -0.40450189  0.59167552  0.1612788   0.5817396
 -0.65226614 -0.5018034  -0.07146733  0.07859495  0.28280276 -0.12365206
  0.50818121 -0.43834591 -0.53894418  0.63947928 -0.05370995  0.33862564
  0.02810599  0.10323884  0.45373464 -0.63319331 -0.27102977  0.43511507
 -0.04358113  0.42712861 -0.25727436  0.34379616  0.46300387  0.11649245
 -0.6395964  -0.42733604  0.17121716 -0.47830114 -0.27675989 -0.66384101
  0.0560784  -0.34859353 -0.59430611  0.42354244 -0.01250688  0.04418846
  0.70213926  0.01999395 -0.05491143  0.10950428 -0.35177609  0.37749362
  0.40101483 -0.14471102 -0.11631906 -0.5800243  -0.63227808 -0.70896947
 -0.45655704 -0.26635998 -0.46494612  0.0278867 ]
num_samples: 100
mae: 0.09820053676143288
mse: 0.018125241574067964
rmse: 0.13463001735893806
r-squared: 0.9070132551811267
adj r-squared: 0.9030980238203321
