epoch,batch,train_batch_loss
0,0,0.6203683018684387
0,1,0.7861078977584839
0,2,0.6724897027015686
0,3,0.6803702116012573
0,4,0.8601802587509155
0,5,0.6864210963249207
0,6,0.8492569923400879
0,7,0.8248614072799683
0,8,0.623643696308136
0,9,0.712945818901062
0,10,0.6135035157203674
0,11,0.7307983636856079
0,12,0.6634455919265747
0,13,0.6305564045906067
0,14,0.6282011270523071
0,15,0.6271478533744812
0,16,0.6625674962997437
0,17,0.7068917155265808
0,18,0.5972229242324829
0,19,0.764265775680542
1,0,0.7308954000473022
1,1,0.623956024646759
1,2,0.7724198698997498
1,3,0.6382198929786682
1,4,0.6750100255012512
1,5,0.6371492743492126
1,6,0.5713872909545898
1,7,0.7430802583694458
1,8,0.7588686347007751
1,9,0.5636192560195923
1,10,0.6459831595420837
1,11,0.5451775193214417
1,12,0.7050127983093262
1,13,0.6763514876365662
1,14,0.7331197261810303
1,15,0.673926055431366
1,16,0.6620579957962036
1,17,0.6228401064872742
1,18,0.6492356061935425
1,19,0.7023395895957947
2,0,0.6022560000419617
2,1,0.6630470156669617
2,2,0.6200456023216248
2,3,0.6578347682952881
2,4,0.6929048299789429
2,5,0.6192336678504944
2,6,0.6777982115745544
2,7,0.662345826625824
2,8,0.7023824453353882
2,9,0.6782060861587524
2,10,0.6482935547828674
2,11,0.6421345472335815
2,12,0.6420555114746094
2,13,0.6427060961723328
2,14,0.6181122064590454
2,15,0.6214824914932251
2,16,0.6371527910232544
2,17,0.6486327648162842
2,18,0.6526251435279846
2,19,0.6463609933853149
3,0,0.6425255537033081
3,1,0.6037282943725586
3,2,0.6214146018028259
3,3,0.6529468894004822
3,4,0.6476127505302429
3,5,0.6312729120254517
3,6,0.5925503969192505
3,7,0.6225947737693787
3,8,0.6227362751960754
3,9,0.6586557030677795
3,10,0.630204975605011
3,11,0.6735768914222717
3,12,0.5806001424789429
3,13,0.6388782262802124
3,14,0.646442711353302
3,15,0.6797090172767639
3,16,0.6914694905281067
3,17,0.7305199503898621
3,18,0.636962354183197
3,19,0.6351932883262634
4,0,0.5955352187156677
4,1,0.6255602836608887
4,2,0.5967609286308289
4,3,0.6394001841545105
4,4,0.6627076268196106
4,5,0.5833412408828735
4,6,0.6127262711524963
4,7,0.6813376545906067
4,8,0.6201082468032837
4,9,0.6434371471405029
4,10,0.6252705454826355
4,11,0.586144208908081
4,12,0.6693023443222046
4,13,0.6153863072395325
4,14,0.5901521444320679
4,15,0.6045712232589722
4,16,0.6892926096916199
4,17,0.647757351398468
4,18,0.6206926107406616
4,19,0.658725380897522
5,0,0.6614435315132141
5,1,0.6032930016517639
5,2,0.6590429544448853
5,3,0.6024340391159058
5,4,0.5942252278327942
5,5,0.6207325458526611
5,6,0.6239770650863647
5,7,0.6155770421028137
5,8,0.6248132586479187
5,9,0.632522702217102
5,10,0.6693806648254395
5,11,0.6508826017379761
5,12,0.6216451525688171
5,13,0.6118144989013672
5,14,0.6001523733139038
5,15,0.6191200017929077
5,16,0.6106833815574646
5,17,0.6473392248153687
5,18,0.6449316740036011
5,19,0.6439313888549805
6,0,0.6377898454666138
6,1,0.5666569471359253
6,2,0.6619786620140076
6,3,0.618969738483429
6,4,0.6373711824417114
6,5,0.6009583473205566
6,6,0.6097884774208069
6,7,0.6349828839302063
6,8,0.6998236775398254
6,9,0.6065155267715454
6,10,0.6368704438209534
6,11,0.6224290728569031
6,12,0.5833116173744202
6,13,0.6110858917236328
6,14,0.7111421227455139
6,15,0.5516177415847778
6,16,0.6153329014778137
6,17,0.6239718198776245
6,18,0.5671522617340088
6,19,0.6187933087348938
7,0,0.5828243494033813
7,1,0.6804405450820923
7,2,0.61905837059021
7,3,0.6364806294441223
7,4,0.5561336278915405
7,5,0.6839578747749329
7,6,0.5996271371841431
7,7,0.5918949842453003
7,8,0.5908167362213135
7,9,0.6170259714126587
7,10,0.5802404284477234
7,11,0.5909218788146973
7,12,0.5927208065986633
7,13,0.5985535383224487
7,14,0.6117033362388611
7,15,0.5964268445968628
7,16,0.6283147931098938
7,17,0.5924664735794067
7,18,0.6152894496917725
7,19,0.5442573428153992
8,0,0.5979883670806885
8,1,0.6101425886154175
8,2,0.6231217980384827
8,3,0.6254259347915649
8,4,0.5619907379150391
8,5,0.639750063419342
8,6,0.632851243019104
8,7,0.5824947953224182
8,8,0.590920090675354
8,9,0.5913852453231812
8,10,0.6519161462783813
8,11,0.632133960723877
8,12,0.5908068418502808
8,13,0.587867796421051
8,14,0.6042085886001587
8,15,0.6479114294052124
8,16,0.6119294166564941
8,17,0.6424914598464966
8,18,0.5714475512504578
8,19,0.5732923150062561
9,0,0.6686790585517883
9,1,0.5482279062271118
9,2,0.5371674299240112
9,3,0.5684580206871033
9,4,0.5825871825218201
9,5,0.6543153524398804
9,6,0.5736244320869446
9,7,0.6291379928588867
9,8,0.6023211479187012
9,9,0.5652546286582947
9,10,0.6061598062515259
9,11,0.5912244915962219
9,12,0.6255208253860474
9,13,0.6267678737640381
9,14,0.5877968072891235
9,15,0.6351528167724609
9,16,0.5817060470581055
9,17,0.5871912240982056
9,18,0.62579745054245
9,19,0.6611568927764893
10,0,0.5698259472846985
10,1,0.6093263030052185
10,2,0.5769907236099243
10,3,0.5932759046554565
10,4,0.6256930828094482
10,5,0.5661412477493286
10,6,0.5839358568191528
10,7,0.6180828809738159
10,8,0.6090309619903564
10,9,0.6234837770462036
10,10,0.5968890190124512
10,11,0.6357735395431519
10,12,0.5940767526626587
10,13,0.5875058174133301
10,14,0.5967181324958801
10,15,0.620936393737793
10,16,0.5568391680717468
10,17,0.628531277179718
10,18,0.6578613519668579
10,19,0.5639110803604126
11,0,0.5457364320755005
11,1,0.5646771192550659
11,2,0.5978769063949585
11,3,0.6458666324615479
11,4,0.6497026681900024
11,5,0.5687234997749329
11,6,0.5642855763435364
11,7,0.6088411211967468
11,8,0.5699283480644226
11,9,0.6160475015640259
11,10,0.576972246170044
11,11,0.6410311460494995
11,12,0.6151626706123352
11,13,0.5620676279067993
11,14,0.6007459759712219
11,15,0.5773948431015015
11,16,0.5901543498039246
11,17,0.6634759306907654
11,18,0.6164103746414185
11,19,0.585628867149353
12,0,0.5517492890357971
12,1,0.5784746408462524
12,2,0.5932193398475647
12,3,0.6206073760986328
12,4,0.5700002908706665
12,5,0.6430174112319946
12,6,0.5337932705879211
12,7,0.6260903477668762
12,8,0.5484256744384766
12,9,0.5764171481132507
12,10,0.6162570714950562
12,11,0.638219952583313
12,12,0.6242715716362
12,13,0.6136140823364258
12,14,0.5974324345588684
12,15,0.5939040184020996
12,16,0.5861855745315552
12,17,0.6308788061141968
12,18,0.6239234805107117
12,19,0.5932486057281494
13,0,0.5950161218643188
13,1,0.5653806924819946
13,2,0.5994859933853149
13,3,0.5694999694824219
13,4,0.6140909194946289
13,5,0.5709304809570312
13,6,0.6457496881484985
13,7,0.6070197820663452
13,8,0.5668656229972839
13,9,0.5572103261947632
13,10,0.6382969617843628
13,11,0.5993362069129944
13,12,0.5616551637649536
13,13,0.5591787099838257
13,14,0.622219979763031
13,15,0.580594539642334
13,16,0.655142605304718
13,17,0.6220300793647766
13,18,0.6006865501403809
13,19,0.5585271716117859
14,0,0.6759153008460999
14,1,0.570935845375061
14,2,0.6070815920829773
14,3,0.6006671786308289
14,4,0.5701595544815063
14,5,0.5635190010070801
14,6,0.6458189487457275
14,7,0.5652039051055908
14,8,0.6029544472694397
14,9,0.5872097611427307
14,10,0.5608481764793396
14,11,0.5909557342529297
14,12,0.5925904512405396
14,13,0.6165214776992798
14,14,0.5873626470565796
14,15,0.5468679666519165
14,16,0.6369396448135376
14,17,0.6102350950241089
14,18,0.6083605289459229
14,19,0.554065465927124
15,0,0.5715318918228149
15,1,0.6120318174362183
15,2,0.659838080406189
15,3,0.5325384736061096
15,4,0.5515453219413757
15,5,0.5569067001342773
15,6,0.5558212995529175
15,7,0.5879206657409668
15,8,0.6554736495018005
15,9,0.6101021766662598
15,10,0.6217100024223328
15,11,0.5686852335929871
15,12,0.6481012105941772
15,13,0.5616933703422546
15,14,0.5777818560600281
15,15,0.6401842832565308
15,16,0.6046966910362244
15,17,0.5765344500541687
15,18,0.5397526025772095
15,19,0.5685551166534424
16,0,0.5396966338157654
16,1,0.6171250939369202
16,2,0.5879302024841309
16,3,0.5467911958694458
16,4,0.6052737236022949
16,5,0.6422672867774963
16,6,0.5763436555862427
16,7,0.5808215737342834
16,8,0.5792189240455627
16,9,0.5785633325576782
16,10,0.5908282399177551
16,11,0.6274174451828003
16,12,0.6276533007621765
16,13,0.681167483329773
16,14,0.5858281254768372
16,15,0.5299845933914185
16,16,0.5907732844352722
16,17,0.622148871421814
16,18,0.5911493301391602
16,19,0.5871937274932861
17,0,0.5907269716262817
17,1,0.6109458208084106
17,2,0.7177903652191162
17,3,0.5853500366210938
17,4,0.5846506953239441
17,5,0.5382518768310547
17,6,0.5624139308929443
17,7,0.6061884164810181
17,8,0.5787268877029419
17,9,0.5509148836135864
17,10,0.564028263092041
17,11,0.6043744087219238
17,12,0.6063455939292908
17,13,0.5873923897743225
17,14,0.5674161911010742
17,15,0.6056263446807861
17,16,0.5430759787559509
17,17,0.5808628797531128
17,18,0.6235669255256653
17,19,0.5979956388473511
18,0,0.5789877772331238
18,1,0.5664678812026978
18,2,0.5365122556686401
18,3,0.5892444849014282
18,4,0.5634949803352356
18,5,0.5781381726264954
18,6,0.6167616844177246
18,7,0.5538509488105774
18,8,0.6172297596931458
18,9,0.642357587814331
18,10,0.6054599285125732
18,11,0.6152005195617676
18,12,0.6144739985466003
18,13,0.5898060202598572
18,14,0.5418996214866638
18,15,0.59748774766922
18,16,0.6173442602157593
18,17,0.6017624735832214
18,18,0.5447467565536499
18,19,0.6522703170776367
19,0,0.5992895364761353
19,1,0.5904586911201477
19,2,0.654662013053894
19,3,0.5942187309265137
19,4,0.6081426739692688
19,5,0.6379836797714233
19,6,0.6111489534378052
19,7,0.5495849847793579
19,8,0.5849990844726562
19,9,0.6457812786102295
19,10,0.6023781895637512
19,11,0.6176623702049255
19,12,0.577272891998291
19,13,0.5953893661499023
19,14,0.5758531093597412
19,15,0.5856514573097229
19,16,0.5782866477966309
19,17,0.5792568325996399
19,18,0.5728930830955505
19,19,0.561486542224884