y_true: [-0.09306899 -0.27258253  0.16008958 -0.21116664  0.43398401 -0.47863573
  0.13426128  0.4431476   0.03394356 -0.66466618 -0.90634233 -0.45854884
  0.14801385 -0.60822886 -0.3242591  -0.41356704  0.07069704 -0.14115196
  0.10566022 -0.31720424  0.31918573  0.12998202  0.18358937 -0.52108032
  0.14270498 -0.47245744  1.         -0.2601712   0.28752375 -0.50259739
 -0.25498039 -0.44466028 -0.36699945 -0.20722339  0.19620712  0.28771925
  0.10925925  0.18319859  0.14105712  0.08759619 -0.5333789  -0.27776584
  0.35615945  0.71544284  0.10306858 -0.28524476  0.41363949 -0.27164999
 -0.78121418 -0.14312677 -0.13701206  0.28922158 -0.16102125  0.03250793
 -0.17595549 -0.22449546 -0.36383826 -0.44776741 -0.5605303  -0.36122587
 -0.92949069 -0.2962257  -0.30238786  0.31293711 -0.5221343  -0.51151502
 -0.04999832 -0.57095283 -0.15971498 -0.41722029 -0.30357891  0.41096601
 -0.89337683 -0.11942037  0.07071843 -0.6897741  -0.21217309 -0.16200756
 -0.24971506 -0.62025106  0.52128953 -0.12497903 -1.         -0.48076969
  0.53718424  0.1669915   0.20092726 -0.25984648 -0.06745447 -0.49520519
 -0.58735007  0.4650262  -0.58803445 -0.02626549  0.4374218  -0.15792395
 -0.15446329  0.09326684 -0.38089329 -0.714634  ]
y_pred: [-0.17970407 -0.17736584 -0.178546   -0.1778124  -0.18065827 -0.17055078
 -0.17963381 -0.18463857 -0.18079363 -0.1779158  -0.17033404 -0.17257948
 -0.18200172 -0.17606044 -0.1743186  -0.17075217 -0.17819968 -0.17947309
 -0.17923714 -0.17684197 -0.17629848 -0.17555952 -0.17866395 -0.17151789
 -0.17740597 -0.17377238 -0.18460587 -0.17731981 -0.17578606 -0.17206684
 -0.17649885 -0.17179446 -0.17266034 -0.17390758 -0.1839941  -0.17742787
 -0.17484808 -0.17946668 -0.17763612 -0.18139528 -0.17944601 -0.17962562
 -0.17993447 -0.18535776 -0.18433644 -0.17830548 -0.1793732  -0.17576641
 -0.17541586 -0.17753609 -0.17127223 -0.18136457 -0.17552255 -0.17525643
 -0.17777327 -0.17914067 -0.16970785 -0.1768102  -0.17181216 -0.17956953
 -0.17154031 -0.17223006 -0.1769751  -0.17748258 -0.1713087  -0.17235376
 -0.17895767 -0.17629473 -0.17496587 -0.18204993 -0.17732789 -0.18239464
 -0.17141849 -0.18378103 -0.17484488 -0.17178893 -0.1749509  -0.17092711
 -0.17652252 -0.17132163 -0.18297479 -0.17910931 -0.1708124  -0.17201716
 -0.17632501 -0.17884912 -0.1784455  -0.17623645 -0.17737243 -0.17563263
 -0.17267476 -0.17842361 -0.16969296 -0.18009396 -0.18359119 -0.1800186
 -0.17409384 -0.17222393 -0.17111655 -0.17283109]
num_samples: 100
mae: 0.3124084614403546
mse: 0.15047652565982358
rmse: 0.38791303878552935
r-squared: -0.01901758945665999
adj r-squared: -0.1086015533649376
