y_true: [-0.09306899 -0.27258253  0.16008958 -0.21116664  0.43398401 -0.47863573
  0.13426128  0.4431476   0.03394356 -0.66466618 -0.90634233 -0.45854884
  0.14801385 -0.60822886 -0.3242591  -0.41356704  0.07069704 -0.14115196
  0.10566022 -0.31720424  0.31918573  0.12998202  0.18358937 -0.52108032
  0.14270498 -0.47245744  1.         -0.2601712   0.28752375 -0.50259739
 -0.25498039 -0.44466028 -0.36699945 -0.20722339  0.19620712  0.28771925
  0.10925925  0.18319859  0.14105712  0.08759619 -0.5333789  -0.27776584
  0.35615945  0.71544284  0.10306858 -0.28524476  0.41363949 -0.27164999
 -0.78121418 -0.14312677 -0.13701206  0.28922158 -0.16102125  0.03250793
 -0.17595549 -0.22449546 -0.36383826 -0.44776741 -0.5605303  -0.36122587
 -0.92949069 -0.2962257  -0.30238786  0.31293711 -0.5221343  -0.51151502
 -0.04999832 -0.57095283 -0.15971498 -0.41722029 -0.30357891  0.41096601
 -0.89337683 -0.11942037  0.07071843 -0.6897741  -0.21217309 -0.16200756
 -0.24971506 -0.62025106  0.52128953 -0.12497903 -1.         -0.48076969
  0.53718424  0.1669915   0.20092726 -0.25984648 -0.06745447 -0.49520519
 -0.58735007  0.4650262  -0.58803445 -0.02626549  0.4374218  -0.15792395
 -0.15446329  0.09326684 -0.38089329 -0.714634  ]
y_pred: [-0.12584881 -0.10885428 -0.10075565 -0.11621746 -0.13094006 -0.08485625
 -0.10380433 -0.12932077 -0.10462498 -0.10043646 -0.08194225 -0.09018242
 -0.12006819 -0.10492849 -0.0932568  -0.08433852 -0.10149912 -0.1182848
 -0.09842347 -0.10612024 -0.1198515  -0.10509241 -0.10573752 -0.08766353
 -0.10722533 -0.08879392 -0.12512484 -0.10788391 -0.12736511 -0.09121417
 -0.11297422 -0.09328697 -0.08974741 -0.09606524 -0.12251655 -0.12219279
 -0.09681465 -0.11128942 -0.110947   -0.12280671 -0.1129268  -0.11670043
 -0.11571973 -0.12244593 -0.13583864 -0.117968   -0.11523204 -0.09786677
 -0.09599411 -0.10158859 -0.08442818 -0.11819963 -0.10043925 -0.09144058
 -0.10760462 -0.115537   -0.08827841 -0.09353344 -0.09478095 -0.11750038
 -0.09152862 -0.08739959 -0.10144211 -0.10997543 -0.08816627 -0.08893441
 -0.10381661 -0.09621757 -0.09051249 -0.13203463 -0.10587274 -0.11166424
 -0.09204169 -0.12950841 -0.09701562 -0.09757058 -0.09676782 -0.08913574
 -0.10682002 -0.09856912 -0.1194566  -0.10723709 -0.08303861 -0.08615143
 -0.11634615 -0.1098855  -0.108695   -0.09729133 -0.09934299 -0.10608617
 -0.10075566 -0.10034116 -0.08252294 -0.11034488 -0.12937373 -0.11514418
 -0.09004218 -0.08765843 -0.08892494 -0.08907032]
num_samples: 100
mae: 0.3251682719029486
mse: 0.15626899656703616
rmse: 0.3953087357585665
r-squared: -0.0582438389662312
adj r-squared: -0.15127626436985575
best_epoch: 6
