y_true: [-0.65018821  0.53281015  0.49665552 -0.1984587   0.30947819 -0.24304697
 -0.03290847 -0.09715477 -0.1452079   0.87052011  0.374596   -0.11506206
 -0.32727876  0.2752631   0.21259516  0.17342159 -0.34828225  0.06260063
 -0.0344236   0.13040362  0.9176057  -0.62353426 -0.6736809   0.9054938
  0.20312536  0.21343169  0.1654294  -0.84784466 -0.28151184 -0.26691633
 -0.19216131 -0.53667438 -0.11245651  0.38323104 -0.12755869 -0.35350382
  0.33923489 -0.74991912  0.44715691 -0.39361614  0.03660766  0.36901128
  0.51410341 -0.34599361 -0.8176707   0.59257859  0.11401354  0.83219773
 -0.7777136  -0.78979379 -0.12351869 -0.01369487  0.13337448 -0.00933307
  0.42925584 -0.42058    -0.60312909  0.55884045 -0.13076673  0.22588012
  0.01613788  0.10222853  0.37742126 -0.65572703 -0.26911494  0.10164671
 -0.1739611   0.42433637 -0.29183999  0.21348637  0.49122152  0.15828159
 -0.85824412 -0.45555675  0.21682617 -0.29688942 -0.31875274 -0.68433672
  0.27176446 -0.15195391 -0.60094184  0.36716241  0.01092578 -0.04855493
  1.          0.05589242 -0.09750014  0.06800747 -0.32690504  0.3710416
  0.37066382 -0.24479263 -0.23817019 -1.         -0.73131692 -0.76803148
 -0.35190848 -0.11656986 -0.3688519   0.19657342]
y_pred: [-0.38428468  0.25842035  0.22749397 -0.13785052  0.22838271 -0.36600432
 -0.10386802 -0.10460984 -0.37456131  0.55379933  0.0736427  -0.04347121
 -0.48978537  0.10526929  0.361085    0.39808923 -0.49821588  0.10240215
 -0.04822485  0.23571426  0.58058095 -0.62522936 -0.614604    0.6583119
  0.29591241  0.44590232  0.29118142 -0.67390662 -0.40163192 -0.44735792
 -0.37843937 -0.37150332 -0.29553631  0.30532199 -0.14011806 -0.41542354
  0.49581146 -0.6291092   0.51858366 -0.50166625 -0.14229465  0.01793694
  0.42913568 -0.37866998 -0.44938964  0.68199861  0.05180534  0.56515211
 -0.68954885 -0.43966988 -0.06844532  0.21834894  0.06092867 -0.11290342
  0.45069185 -0.33415189 -0.58639252  0.5345633  -0.25115344  0.1091373
 -0.11938578  0.1463601   0.44252625 -0.57579792 -0.21824466  0.15513067
 -0.3569029   0.44398236 -0.41278309  0.41538274  0.52410024  0.23574148
 -0.59216028 -0.48493636  0.31774825 -0.50968391 -0.39974755 -0.67606843
 -0.54499191 -0.38307554 -0.64031816  0.39458433  0.2023522  -0.12469415
  0.66077799  0.14673644 -0.17958987 -0.12267315 -0.34319061  0.4502053
  0.12688325 -0.49879745 -0.19742456 -0.6783244  -0.54953319 -0.66292679
 -0.07877658  0.08285867 -0.49673271  0.39539981]
num_samples: 100
mae: 0.14412069981917738
mse: 0.03426627177097258
rmse: 0.18511151171921367
r-squared: 0.8242059805911616
adj r-squared: 0.8168041271423684
