y_true: [-0.65018821  0.53281015  0.49665552 -0.1984587   0.30947819 -0.24304697
 -0.03290847 -0.09715477 -0.1452079   0.87052011  0.374596   -0.11506206
 -0.32727876  0.2752631   0.21259516  0.17342159 -0.34828225  0.06260063
 -0.0344236   0.13040362  0.9176057  -0.62353426 -0.6736809   0.9054938
  0.20312536  0.21343169  0.1654294  -0.84784466 -0.28151184 -0.26691633
 -0.19216131 -0.53667438 -0.11245651  0.38323104 -0.12755869 -0.35350382
  0.33923489 -0.74991912  0.44715691 -0.39361614  0.03660766  0.36901128
  0.51410341 -0.34599361 -0.8176707   0.59257859  0.11401354  0.83219773
 -0.7777136  -0.78979379 -0.12351869 -0.01369487  0.13337448 -0.00933307
  0.42925584 -0.42058    -0.60312909  0.55884045 -0.13076673  0.22588012
  0.01613788  0.10222853  0.37742126 -0.65572703 -0.26911494  0.10164671
 -0.1739611   0.42433637 -0.29183999  0.21348637  0.49122152  0.15828159
 -0.85824412 -0.45555675  0.21682617 -0.29688942 -0.31875274 -0.68433672
  0.27176446 -0.15195391 -0.60094184  0.36716241  0.01092578 -0.04855493
  1.          0.05589242 -0.09750014  0.06800747 -0.32690504  0.3710416
  0.37066382 -0.24479263 -0.23817019 -1.         -0.73131692 -0.76803148
 -0.35190848 -0.11656986 -0.3688519   0.19657342]
y_pred: [-0.38122827  0.24348475  0.32242942 -0.26106626  0.25838003 -0.31887263
 -0.07915886 -0.05135133 -0.37249324  0.53941399  0.2098912   0.01766791
 -0.44366303  0.12982857  0.32433629  0.28842509 -0.43676487 -0.02216172
 -0.07679386  0.23137859  0.56518483 -0.61752278 -0.62961739  0.6678009
  0.28129616  0.40344751  0.23255654 -0.6836834  -0.45766354 -0.43387404
 -0.36952525 -0.37818396 -0.32095248  0.23950595 -0.07278825 -0.35278937
  0.47309425 -0.60548794  0.49640235 -0.49432471 -0.03008306  0.1532066
  0.45225722 -0.36939657 -0.43334714  0.64904869  0.02216049  0.58146614
 -0.6971193  -0.45592135 -0.02949225  0.13559939  0.01138642 -0.12626019
  0.46361184 -0.36112371 -0.56302804  0.55156577 -0.1380062   0.24046631
 -0.04798514  0.14830695  0.45003277 -0.62323451 -0.22184914  0.07614281
 -0.26300487  0.47200772 -0.40013921  0.26413095  0.49444366  0.23460163
 -0.6272788  -0.4980821   0.2608054  -0.5338909  -0.36366674 -0.6562022
 -0.53783727 -0.30191058 -0.61978072  0.27468297  0.16965772 -0.13506271
  0.69012499  0.19833332 -0.0892724  -0.14244068 -0.33118072  0.46734339
  0.11902915 -0.43963894 -0.22917655 -0.65728921 -0.56680936 -0.66633141
 -0.14720321  0.10714199 -0.47836506  0.2737405 ]
num_samples: 100
mae: 0.12598466025665403
mse: 0.028660056691074392
rmse: 0.169292813465529
r-squared: 0.8529671802090496
adj r-squared: 0.8467763246389044
best_epoch: 29
