y_true: [-0.09306899 -0.27258253  0.16008958 -0.21116664  0.43398401 -0.47863573
  0.13426128  0.4431476   0.03394356 -0.66466618 -0.90634233 -0.45854884
  0.14801385 -0.60822886 -0.3242591  -0.41356704  0.07069704 -0.14115196
  0.10566022 -0.31720424  0.31918573  0.12998202  0.18358937 -0.52108032
  0.14270498 -0.47245744  1.         -0.2601712   0.28752375 -0.50259739
 -0.25498039 -0.44466028 -0.36699945 -0.20722339  0.19620712  0.28771925
  0.10925925  0.18319859  0.14105712  0.08759619 -0.5333789  -0.27776584
  0.35615945  0.71544284  0.10306858 -0.28524476  0.41363949 -0.27164999
 -0.78121418 -0.14312677 -0.13701206  0.28922158 -0.16102125  0.03250793
 -0.17595549 -0.22449546 -0.36383826 -0.44776741 -0.5605303  -0.36122587
 -0.92949069 -0.2962257  -0.30238786  0.31293711 -0.5221343  -0.51151502
 -0.04999832 -0.57095283 -0.15971498 -0.41722029 -0.30357891  0.41096601
 -0.89337683 -0.11942037  0.07071843 -0.6897741  -0.21217309 -0.16200756
 -0.24971506 -0.62025106  0.52128953 -0.12497903 -1.         -0.48076969
  0.53718424  0.1669915   0.20092726 -0.25984648 -0.06745447 -0.49520519
 -0.58735007  0.4650262  -0.58803445 -0.02626549  0.4374218  -0.15792395
 -0.15446329  0.09326684 -0.38089329 -0.714634  ]
y_pred: [-0.17497434 -0.18316641 -0.21588127 -0.18704177 -0.18620238 -0.20794451
 -0.20322575 -0.18388537 -0.20545872 -0.19877407 -0.19934487 -0.20657724
 -0.18978319 -0.19511773 -0.20013334 -0.20441206 -0.19651988 -0.20722656
 -0.198653   -0.1872302  -0.17463271 -0.22011948 -0.20136423 -0.20042621
 -0.19581611 -0.19967826 -0.20820823 -0.19216375 -0.17877626 -0.19825113
 -0.17977722 -0.19584058 -0.20080453 -0.19007498 -0.19917715 -0.20363456
 -0.19900919 -0.1908237  -0.19672801 -0.19707623 -0.18830277 -0.19012353
 -0.19254592 -0.19324328 -0.18637605 -0.17866211 -0.19221681 -0.19921736
 -0.19645491 -0.199237   -0.18872577 -0.20253055 -0.19460028 -0.2159819
 -0.20197533 -0.18917499 -0.19321765 -0.19722366 -0.19439884 -0.18866935
 -0.19166093 -0.20576811 -0.20127898 -0.20134361 -0.19448607 -0.2080241
 -0.21819985 -0.19260608 -0.21337326 -0.17731254 -0.1883031  -0.20509067
 -0.20642337 -0.18306762 -0.20705584 -0.1944745  -0.19072059 -0.20257159
 -0.18913512 -0.18361279 -0.1897244  -0.19427568 -0.19599557 -0.19965166
 -0.20129193 -0.17961466 -0.19684678 -0.191943   -0.21653737 -0.19027694
 -0.20107166 -0.20325473 -0.1963807  -0.19565308 -0.18790436 -0.18507071
 -0.20206268 -0.20902278 -0.19563697 -0.19852993]
num_samples: 100
mae: 0.3122011055238545
mse: 0.15013398104048445
rmse: 0.3874712647932546
r-squared: -0.01669789878896477
adj r-squared: -0.10607793384733522
