y_true: [-0.09306899 -0.27258253  0.16008958 -0.21116664  0.43398401 -0.47863573
  0.13426128  0.4431476   0.03394356 -0.66466618 -0.90634233 -0.45854884
  0.14801385 -0.60822886 -0.3242591  -0.41356704  0.07069704 -0.14115196
  0.10566022 -0.31720424  0.31918573  0.12998202  0.18358937 -0.52108032
  0.14270498 -0.47245744  1.         -0.2601712   0.28752375 -0.50259739
 -0.25498039 -0.44466028 -0.36699945 -0.20722339  0.19620712  0.28771925
  0.10925925  0.18319859  0.14105712  0.08759619 -0.5333789  -0.27776584
  0.35615945  0.71544284  0.10306858 -0.28524476  0.41363949 -0.27164999
 -0.78121418 -0.14312677 -0.13701206  0.28922158 -0.16102125  0.03250793
 -0.17595549 -0.22449546 -0.36383826 -0.44776741 -0.5605303  -0.36122587
 -0.92949069 -0.2962257  -0.30238786  0.31293711 -0.5221343  -0.51151502
 -0.04999832 -0.57095283 -0.15971498 -0.41722029 -0.30357891  0.41096601
 -0.89337683 -0.11942037  0.07071843 -0.6897741  -0.21217309 -0.16200756
 -0.24971506 -0.62025106  0.52128953 -0.12497903 -1.         -0.48076969
  0.53718424  0.1669915   0.20092726 -0.25984648 -0.06745447 -0.49520519
 -0.58735007  0.4650262  -0.58803445 -0.02626549  0.4374218  -0.15792395
 -0.15446329  0.09326684 -0.38089329 -0.714634  ]
y_pred: [-0.09645846 -0.10086884 -0.1189623  -0.0936737  -0.10648028 -0.09726018
 -0.10812961 -0.11074705 -0.1096116  -0.09818488 -0.09157995 -0.09737714
 -0.10197721 -0.09949066 -0.10910457 -0.09603583 -0.10866211 -0.11990844
 -0.09542128 -0.09043194 -0.10120197 -0.11993681 -0.10788416 -0.09381645
 -0.09500486 -0.09898815 -0.1021136  -0.0991713  -0.09651621 -0.09536728
 -0.08985543 -0.09243178 -0.0996265  -0.11209761 -0.11677515 -0.10904615
 -0.10426842 -0.10005835 -0.09710772 -0.11077275 -0.10895253 -0.1010304
 -0.10630099 -0.11469866 -0.10755152 -0.09336784 -0.10983701 -0.09757295
 -0.10060828 -0.10696571 -0.10123543 -0.11054584 -0.09868352 -0.10599686
 -0.10388451 -0.08934472 -0.08977994 -0.10038588 -0.10080134 -0.11772845
 -0.09312888 -0.10343576 -0.10353024 -0.10130664 -0.08677299 -0.102859
 -0.11263552 -0.09635163 -0.10509109 -0.10007079 -0.11260655 -0.11191386
 -0.09809122 -0.10080423 -0.10806161 -0.10263243 -0.0959877  -0.09716483
 -0.1103607  -0.07926117 -0.10865246 -0.10382957 -0.09454155 -0.09145812
 -0.10265096 -0.09177528 -0.11228518 -0.09665699 -0.11939406 -0.09332624
 -0.096395   -0.1036585  -0.08427697 -0.10920423 -0.12195392 -0.09992808
 -0.10214519 -0.10471479 -0.0844266  -0.10122584]
num_samples: 100
mae: 0.32300892340019344
mse: 0.15324876351617767
rmse: 0.39147000334147913
r-squared: -0.03779101026362852
adj r-squared: -0.12902538479229908
best_epoch: 6
