y_true: [-0.17187756  0.23739474  0.05214312  0.03272184 -0.03127975  0.54075539
 -0.51780546  0.49302694 -0.0562344   0.19216624 -0.35577402 -0.88265258
 -0.25487226 -0.93134081 -0.52722806  0.316971    0.3325434  -0.25386405
 -0.04683136 -0.20571823 -0.37102532  0.02165594 -0.28266513 -0.3478339
  0.17005242 -0.05530716 -0.48771933 -0.77421987 -0.26969931  0.38518256
  0.42286041  0.33139315  0.21020304  0.48351195  0.33925742 -0.15428315
  0.05069892 -0.19886112  0.02379217 -0.45230359  0.0524573  -0.2092216
  0.19495517  0.06992246  0.08009232 -0.02744388 -0.15985195  0.03340589
 -0.64731479 -0.08591453 -0.25703293  0.13559173  0.1982841   0.09776589
 -0.73632991 -0.32043144 -0.35900256 -0.19721739  0.38416538  0.02187891
  0.02320733  0.44300112 -0.3187263   0.47608879 -0.15224274 -0.14135581
 -0.06650849 -0.29512709 -0.11005259 -0.02427793 -0.25228783  0.44536263
  0.24341547 -0.03987206 -0.46293601 -0.06821831 -0.10450935  0.11953704
  0.13784732 -0.20142071 -0.03767175 -0.12417635  0.67493904 -0.31035364
 -1.          0.01423685 -0.37688631 -0.11957238 -0.50359231  0.39636794
 -0.00865249  0.20558654 -0.12899223 -0.4195419   0.2094288   0.28327984
  0.16670516  0.19793317  0.0066037  -0.88874519]
y_pred: [-0.23197292  0.03699923  0.2607905  -0.09836718 -0.12256882  0.05580564
 -0.48416534  0.21815899  0.1965152   0.21456595 -0.15767214 -0.48416534
 -0.12256882 -0.28472489 -0.36228621  0.14160445 -0.07217404 -0.36392248
  0.06707136 -0.24441747 -0.12256882 -0.03082535 -0.09836718 -0.23731583
 -0.01010249 -0.28991231 -0.21406341 -0.48560703 -0.24972653  0.09328679
  0.17650488 -0.00821786 -0.02329184  0.22532727  0.22532727 -0.13554215
 -0.26381019 -0.03835536  0.09702217 -0.05340131 -0.14108825 -0.03835536
  0.05016728 -0.16501482  0.13790859  0.04076304 -0.17964478  0.0294686
 -0.28818503 -0.30366194 -0.04023718  0.10821152  0.02758533 -0.03647321
 -0.38338071 -0.11327614 -0.19419575 -0.11513629  0.4436937  -0.03270818
 -0.11699566  0.31945333  0.28693932  0.17467822  0.07644655 -0.18146808
 -0.04776155 -0.10023338  0.0426445  -0.10582762 -0.3801606   0.32788974
  0.29899999  0.12865226 -0.31049004 -0.16134568 -0.083414    0.13790859
 -0.09650031 -0.25502068 -0.37207004 -0.13369156  0.39343041 -0.01764004
 -0.37854713  0.0426445   0.12679826  0.15818571 -0.17233935  0.19107333
  0.05580564 -0.2301888  -0.30366194 -0.48416534 -0.00444844  0.31266743
  0.11565603  0.07832005  0.08767882 -0.45478424]
num_samples: 100
mae: 0.1861085744900629
mse: 0.054437960268523974
rmse: 0.23331943825691845
r-squared: 0.5298867722649316
adj r-squared: 0.47706506128346327
best_epoch: 28
