y_true: [-0.17187756  0.23739474  0.05214312  0.03272184 -0.03127975  0.54075539
 -0.51780546  0.49302694 -0.0562344   0.19216624 -0.35577402 -0.88265258
 -0.25487226 -0.93134081 -0.52722806  0.316971    0.3325434  -0.25386405
 -0.04683136 -0.20571823 -0.37102532  0.02165594 -0.28266513 -0.3478339
  0.17005242 -0.05530716 -0.48771933 -0.77421987 -0.26969931  0.38518256
  0.42286041  0.33139315  0.21020304  0.48351195  0.33925742 -0.15428315
  0.05069892 -0.19886112  0.02379217 -0.45230359  0.0524573  -0.2092216
  0.19495517  0.06992246  0.08009232 -0.02744388 -0.15985195  0.03340589
 -0.64731479 -0.08591453 -0.25703293  0.13559173  0.1982841   0.09776589
 -0.73632991 -0.32043144 -0.35900256 -0.19721739  0.38416538  0.02187891
  0.02320733  0.44300112 -0.3187263   0.47608879 -0.15224274 -0.14135581
 -0.06650849 -0.29512709 -0.11005259 -0.02427793 -0.25228783  0.44536263
  0.24341547 -0.03987206 -0.46293601 -0.06821831 -0.10450935  0.11953704
  0.13784732 -0.20142071 -0.03767175 -0.12417635  0.67493904 -0.31035364
 -1.          0.01423685 -0.37688631 -0.11957238 -0.50359231  0.39636794
 -0.00865249  0.20558654 -0.12899223 -0.4195419   0.2094288   0.28327984
  0.16670516  0.19793317  0.0066037  -0.88874519]
y_pred: [-0.19086081  0.11241037  0.24471641 -0.06953008 -0.12413801  0.08039062
 -0.44651154  0.19222412  0.18855929  0.24828804 -0.21093075 -0.44651154
 -0.09408096 -0.25941566 -0.35071033  0.17937435 -0.12039217 -0.35570273
  0.04630694 -0.22361173 -0.14094917  0.08039062 -0.06763767 -0.2398047
 -0.02970531 -0.29278302 -0.2523081  -0.48810723 -0.20000438  0.08982842
  0.21591103  0.0614733   0.07472087  0.25185293  0.24650307 -0.09031051
 -0.22541727  0.05199724  0.08605514 -0.01260119 -0.06953008  0.07850126
  0.05010083 -0.15211223  0.22134246  0.09925015 -0.10349485  0.06904633
 -0.25052702 -0.30317795 -0.02400536  0.15720534  0.14419836  0.05957891
 -0.39810306 -0.04299697 -0.21999612 -0.17616253  0.45530859  0.00260895
 -0.08087353  0.34191602  0.2818709   0.19222412  0.08039062 -0.24874412
  0.02731978 -0.11101278  0.01401617 -0.03920071 -0.35071033  0.35361564
  0.313063    0.15720534 -0.32715112 -0.1724754  -0.11851795  0.16831113
 -0.0259055  -0.27178594 -0.37710044 -0.08276213  0.41042104  0.00260895
 -0.37219709  0.02541975  0.10301398  0.0954835  -0.21818601  0.24650307
  0.12178669 -0.17063002 -0.24159589 -0.47936884 -0.00689771  0.38966063
  0.20136267  0.14233604  0.13487677 -0.39489818]
num_samples: 100
mae: 0.18269768315833063
mse: 0.053402580693744754
rmse: 0.2310899839753873
r-squared: 0.538828063074313
adj r-squared: 0.487010991509629
