y_true: [-0.65018821  0.53281015  0.49665552 -0.1984587   0.30947819 -0.24304697
 -0.03290847 -0.09715477 -0.1452079   0.87052011  0.374596   -0.11506206
 -0.32727876  0.2752631   0.21259516  0.17342159 -0.34828225  0.06260063
 -0.0344236   0.13040362  0.9176057  -0.62353426 -0.6736809   0.9054938
  0.20312536  0.21343169  0.1654294  -0.84784466 -0.28151184 -0.26691633
 -0.19216131 -0.53667438 -0.11245651  0.38323104 -0.12755869 -0.35350382
  0.33923489 -0.74991912  0.44715691 -0.39361614  0.03660766  0.36901128
  0.51410341 -0.34599361 -0.8176707   0.59257859  0.11401354  0.83219773
 -0.7777136  -0.78979379 -0.12351869 -0.01369487  0.13337448 -0.00933307
  0.42925584 -0.42058    -0.60312909  0.55884045 -0.13076673  0.22588012
  0.01613788  0.10222853  0.37742126 -0.65572703 -0.26911494  0.10164671
 -0.1739611   0.42433637 -0.29183999  0.21348637  0.49122152  0.15828159
 -0.85824412 -0.45555675  0.21682617 -0.29688942 -0.31875274 -0.68433672
  0.27176446 -0.15195391 -0.60094184  0.36716241  0.01092578 -0.04855493
  1.          0.05589242 -0.09750014  0.06800747 -0.32690504  0.3710416
  0.37066382 -0.24479263 -0.23817019 -1.         -0.73131692 -0.76803148
 -0.35190848 -0.11656986 -0.3688519   0.19657342]
y_pred: [-0.38995558  0.32842273  0.3674663  -0.22276649  0.21073307 -0.2455332
 -0.03018    -0.30652791 -0.19847964  0.51805252  0.27941599 -0.19726449
 -0.41747329  0.51439077  0.16369455  0.09649783 -0.37864763  0.0085917
 -0.06496868 -0.00768602  0.56655169 -0.57686484 -0.50202709  0.4955633
  0.13895234  0.17656678 -0.01560991 -0.65848064 -0.31987727 -0.31626293
  0.13124855 -0.43350253 -0.06132955  0.3282387  -0.26109782 -0.42910135
  0.34465039 -0.57574475  0.32677844 -0.42938957  0.02153456  0.39584893
  0.38928142 -0.02091026 -0.22062075  0.45461798  0.00702372  0.52790278
 -0.53820908 -0.43765268 -0.16467784 -0.05087469  0.24794862 -0.12286852
  0.40809956 -0.49661422 -0.54797292  0.25027213 -0.12680721  0.19821711
  0.1185941   0.16848131  0.18548356 -0.5544706  -0.28173745  0.13869445
 -0.23046947  0.30338448 -0.10443138  0.10637181  0.41832009  0.07913423
 -0.65855235 -0.5195272   0.14350966 -0.30700085 -0.15714924 -0.56764638
  0.43527439 -0.27221486 -0.54748601  0.41868383 -0.04530602 -0.08466334
  0.61456889  0.09459859 -0.08560374  0.1569836  -0.37267163  0.29568291
  0.46902618 -0.24282363  0.24472833 -0.62112498 -0.53787023 -0.64043468
 -0.34119013 -0.2160708  -0.41191486  0.09148066]
num_samples: 100
mae: 0.1229724736744538
mse: 0.028384963613426874
rmse: 0.1684783772874931
r-squared: 0.8543784722852472
adj r-squared: 0.8482470395393629
best_epoch: 20
