y_true: [-0.65018821  0.53281015  0.49665552 -0.1984587   0.30947819 -0.24304697
 -0.03290847 -0.09715477 -0.1452079   0.87052011  0.374596   -0.11506206
 -0.32727876  0.2752631   0.21259516  0.17342159 -0.34828225  0.06260063
 -0.0344236   0.13040362  0.9176057  -0.62353426 -0.6736809   0.9054938
  0.20312536  0.21343169  0.1654294  -0.84784466 -0.28151184 -0.26691633
 -0.19216131 -0.53667438 -0.11245651  0.38323104 -0.12755869 -0.35350382
  0.33923489 -0.74991912  0.44715691 -0.39361614  0.03660766  0.36901128
  0.51410341 -0.34599361 -0.8176707   0.59257859  0.11401354  0.83219773
 -0.7777136  -0.78979379 -0.12351869 -0.01369487  0.13337448 -0.00933307
  0.42925584 -0.42058    -0.60312909  0.55884045 -0.13076673  0.22588012
  0.01613788  0.10222853  0.37742126 -0.65572703 -0.26911494  0.10164671
 -0.1739611   0.42433637 -0.29183999  0.21348637  0.49122152  0.15828159
 -0.85824412 -0.45555675  0.21682617 -0.29688942 -0.31875274 -0.68433672
  0.27176446 -0.15195391 -0.60094184  0.36716241  0.01092578 -0.04855493
  1.          0.05589242 -0.09750014  0.06800747 -0.32690504  0.3710416
  0.37066382 -0.24479263 -0.23817019 -1.         -0.73131692 -0.76803148
 -0.35190848 -0.11656986 -0.3688519   0.19657342]
y_pred: [-0.31403032  0.40194374  0.3787249  -0.19657859  0.32500917 -0.25523368
  0.01919107 -0.13750321 -0.08380938  0.5521245   0.13788916 -0.05216605
 -0.33062646  0.54411191  0.31211782  0.36458871 -0.30575269  0.15245025
  0.11527043 -0.0417794   0.62596256 -0.57642633 -0.55910099  0.5943107
  0.27789888  0.37288943  0.15721209 -0.58478451 -0.24665086 -0.21895275
  0.03812311 -0.43519089 -0.0348842   0.5065046  -0.12159191 -0.34499368
  0.42109722 -0.57521915  0.27931166 -0.38231876  0.11262016  0.4891918
  0.5519827  -0.04736642 -0.3086611   0.55615681 -0.0257379   0.69444007
 -0.48737681 -0.40992692 -0.07225484  0.075383    0.28610662 -0.07381574
  0.50358868 -0.384532   -0.45451576  0.42000702  0.02102415  0.28882116
  0.06850996  0.31192425  0.33071071 -0.53550231 -0.28659156  0.15974359
 -0.26751617  0.38494927 -0.02493602  0.25180849  0.52497125  0.16860829
 -0.61043185 -0.44479322  0.21950047 -0.32537454 -0.24003604 -0.56446528
  0.42420486 -0.13458161 -0.47531781  0.45413569  0.14261062 -0.03416051
  0.75542867  0.27950311  0.10133892  0.19654699 -0.29360899  0.33894879
  0.50346661 -0.17285889  0.00229944 -0.54972106 -0.55807507 -0.56628507
 -0.19660014 -0.04583969 -0.32264504  0.3161729 ]
num_samples: 100
mae: 0.12262044336413964
mse: 0.025636941608917593
rmse: 0.16011540091108536
r-squared: 0.8684764703640999
adj r-squared: 0.8629386375373251
