y_true: [-0.09306899 -0.27258253  0.16008958 -0.21116664  0.43398401 -0.47863573
  0.13426128  0.4431476   0.03394356 -0.66466618 -0.90634233 -0.45854884
  0.14801385 -0.60822886 -0.3242591  -0.41356704  0.07069704 -0.14115196
  0.10566022 -0.31720424  0.31918573  0.12998202  0.18358937 -0.52108032
  0.14270498 -0.47245744  1.         -0.2601712   0.28752375 -0.50259739
 -0.25498039 -0.44466028 -0.36699945 -0.20722339  0.19620712  0.28771925
  0.10925925  0.18319859  0.14105712  0.08759619 -0.5333789  -0.27776584
  0.35615945  0.71544284  0.10306858 -0.28524476  0.41363949 -0.27164999
 -0.78121418 -0.14312677 -0.13701206  0.28922158 -0.16102125  0.03250793
 -0.17595549 -0.22449546 -0.36383826 -0.44776741 -0.5605303  -0.36122587
 -0.92949069 -0.2962257  -0.30238786  0.31293711 -0.5221343  -0.51151502
 -0.04999832 -0.57095283 -0.15971498 -0.41722029 -0.30357891  0.41096601
 -0.89337683 -0.11942037  0.07071843 -0.6897741  -0.21217309 -0.16200756
 -0.24971506 -0.62025106  0.52128953 -0.12497903 -1.         -0.48076969
  0.53718424  0.1669915   0.20092726 -0.25984648 -0.06745447 -0.49520519
 -0.58735007  0.4650262  -0.58803445 -0.02626549  0.4374218  -0.15792395
 -0.15446329  0.09326684 -0.38089329 -0.714634  ]
y_pred: [0.44921875 0.52148438 0.47363281 0.26464844 0.36230469 0.42578125
 0.45605469 0.42773438 0.45605469 0.41894531 0.47070312 0.421875
 0.52832031 0.33105469 0.35253906 0.25683594 0.43066406 0.48828125
 0.46875    0.39746094 0.42382812 0.58105469 0.4453125  0.41015625
 0.40234375 0.31933594 0.54296875 0.40722656 0.5234375  0.3515625
 0.43261719 0.35253906 0.34472656 0.40820312 0.42773438 0.50390625
 0.40039062 0.41210938 0.4375     0.44726562 0.43652344 0.45703125
 0.45605469 0.40527344 0.41113281 0.3125     0.60644531 0.39746094
 0.53613281 0.36132812 0.22363281 0.44628906 0.37695312 0.43457031
 0.45019531 0.23046875 0.41699219 0.38964844 0.54589844 0.39355469
 0.32910156 0.31738281 0.27050781 0.50390625 0.35253906 0.46289062
 0.40625    0.39746094 0.32324219 0.3203125  0.22363281 0.56738281
 0.37597656 0.34863281 0.48632812 0.21484375 0.29589844 0.46191406
 0.46484375 0.37792969 0.38378906 0.39355469 0.41601562 0.20507812
 0.48730469 0.28710938 0.59667969 0.37988281 0.53417969 0.38085938
 0.48339844 0.43164062 0.27441406 0.32421875 0.58789062 0.47851562
 0.39746094 0.40820312 0.24902344 0.46386719]
num_samples: 100
mae: 0.5804581443779171
mse: 0.44206694131052954
rmse: 0.664881148259243
r-squared: -1.993649587119679
adj r-squared: -2.2568275728005296
