y_true: [-0.09306899 -0.27258253  0.16008958 -0.21116664  0.43398401 -0.47863573
  0.13426128  0.4431476   0.03394356 -0.66466618 -0.90634233 -0.45854884
  0.14801385 -0.60822886 -0.3242591  -0.41356704  0.07069704 -0.14115196
  0.10566022 -0.31720424  0.31918573  0.12998202  0.18358937 -0.52108032
  0.14270498 -0.47245744  1.         -0.2601712   0.28752375 -0.50259739
 -0.25498039 -0.44466028 -0.36699945 -0.20722339  0.19620712  0.28771925
  0.10925925  0.18319859  0.14105712  0.08759619 -0.5333789  -0.27776584
  0.35615945  0.71544284  0.10306858 -0.28524476  0.41363949 -0.27164999
 -0.78121418 -0.14312677 -0.13701206  0.28922158 -0.16102125  0.03250793
 -0.17595549 -0.22449546 -0.36383826 -0.44776741 -0.5605303  -0.36122587
 -0.92949069 -0.2962257  -0.30238786  0.31293711 -0.5221343  -0.51151502
 -0.04999832 -0.57095283 -0.15971498 -0.41722029 -0.30357891  0.41096601
 -0.89337683 -0.11942037  0.07071843 -0.6897741  -0.21217309 -0.16200756
 -0.24971506 -0.62025106  0.52128953 -0.12497903 -1.         -0.48076969
  0.53718424  0.1669915   0.20092726 -0.25984648 -0.06745447 -0.49520519
 -0.58735007  0.4650262  -0.58803445 -0.02626549  0.4374218  -0.15792395
 -0.15446329  0.09326684 -0.38089329 -0.714634  ]
y_pred: [0.38964844 0.3203125  0.45214844 0.30664062 0.33789062 0.44238281
 0.43945312 0.38183594 0.43945312 0.54101562 0.48046875 0.52636719
 0.51660156 0.38671875 0.44726562 0.32910156 0.47363281 0.55859375
 0.43457031 0.34179688 0.4375     0.55371094 0.44140625 0.35839844
 0.34375    0.4296875  0.40039062 0.45703125 0.50488281 0.39941406
 0.33691406 0.34765625 0.40722656 0.3046875  0.41992188 0.55078125
 0.30957031 0.35058594 0.390625   0.3984375  0.45898438 0.48925781
 0.42089844 0.34472656 0.41210938 0.31152344 0.66601562 0.3828125
 0.45703125 0.40234375 0.35351562 0.421875   0.39941406 0.51464844
 0.39550781 0.30273438 0.48046875 0.37011719 0.42382812 0.39453125
 0.26464844 0.46582031 0.29394531 0.47851562 0.42675781 0.38964844
 0.36328125 0.47753906 0.43652344 0.3203125  0.33203125 0.56445312
 0.37109375 0.35253906 0.44140625 0.25976562 0.390625   0.44726562
 0.5546875  0.34863281 0.375      0.34765625 0.47460938 0.32421875
 0.50292969 0.30957031 0.60253906 0.484375   0.49902344 0.48925781
 0.49707031 0.43554688 0.28710938 0.32324219 0.50097656 0.40820312
 0.38867188 0.52539062 0.30957031 0.48535156]
num_samples: 100
mae: 0.5928311912529171
mse: 0.4626190394529274
rmse: 0.6801610393523929
r-squared: -2.1328271061081754
adj r-squared: -2.4082404780737288
best_epoch: 12
