y_true: [-0.65018821  0.53281015  0.49665552 -0.1984587   0.30947819 -0.24304697
 -0.03290847 -0.09715477 -0.1452079   0.87052011  0.374596   -0.11506206
 -0.32727876  0.2752631   0.21259516  0.17342159 -0.34828225  0.06260063
 -0.0344236   0.13040362  0.9176057  -0.62353426 -0.6736809   0.9054938
  0.20312536  0.21343169  0.1654294  -0.84784466 -0.28151184 -0.26691633
 -0.19216131 -0.53667438 -0.11245651  0.38323104 -0.12755869 -0.35350382
  0.33923489 -0.74991912  0.44715691 -0.39361614  0.03660766  0.36901128
  0.51410341 -0.34599361 -0.8176707   0.59257859  0.11401354  0.83219773
 -0.7777136  -0.78979379 -0.12351869 -0.01369487  0.13337448 -0.00933307
  0.42925584 -0.42058    -0.60312909  0.55884045 -0.13076673  0.22588012
  0.01613788  0.10222853  0.37742126 -0.65572703 -0.26911494  0.10164671
 -0.1739611   0.42433637 -0.29183999  0.21348637  0.49122152  0.15828159
 -0.85824412 -0.45555675  0.21682617 -0.29688942 -0.31875274 -0.68433672
  0.27176446 -0.15195391 -0.60094184  0.36716241  0.01092578 -0.04855493
  1.          0.05589242 -0.09750014  0.06800747 -0.32690504  0.3710416
  0.37066382 -0.24479263 -0.23817019 -1.         -0.73131692 -0.76803148
 -0.35190848 -0.11656986 -0.3688519   0.19657342]
y_pred: [-0.32322091  0.33024102  0.34012726 -0.21503063  0.48929617 -0.30436748
  0.11810118 -0.37767926 -0.13957708  0.55131149  0.03257886  0.095823
 -0.49140242  0.1541609   0.39577577  0.34763184 -0.40492025 -0.09218457
  0.21281943 -0.16442859  0.38280484 -0.5664615  -0.53998953  0.56437749
  0.29120839  0.17125532 -0.04479615 -0.64262867 -0.25214505 -0.41686419
 -0.08778845 -0.55812037 -0.1717632   0.57068384 -0.37397709 -0.47497013
  0.48975578 -0.65251583  0.21332099 -0.50054151  0.22688188  0.55534977
  0.56742954 -0.34761661 -0.27255222  0.52058947 -0.11138609  0.57281339
 -0.61929351 -0.59134269 -0.11684624  0.06989691  0.15198334 -0.0608479
  0.5331341  -0.54505843 -0.64869076  0.55136526 -0.01651369  0.30337077
  0.08638784  0.18967703  0.23375537 -0.60674858 -0.27066669  0.16557948
 -0.48772526  0.3937479  -0.23634902  0.34150597  0.51443458  0.25280187
 -0.62691301 -0.51204765  0.17959298 -0.41824871 -0.3850694  -0.57320768
  0.49559036 -0.27392238 -0.61086518  0.27667382  0.06028492 -0.09410828
  0.56640178  0.34868059  0.16566834 -0.01909376 -0.40321359  0.28971651
  0.43729195 -0.37315324  0.05204554 -0.62053335 -0.61115086 -0.63517308
 -0.2828474  -0.10280807 -0.4949007   0.18179224]
num_samples: 100
mae: 0.14095902163535357
mse: 0.03237713461606116
rmse: 0.17993647383468744
r-squared: 0.8338976977378685
adj r-squared: 0.8269039165899893
