y_true: [-0.65018821  0.53281015  0.49665552 -0.1984587   0.30947819 -0.24304697
 -0.03290847 -0.09715477 -0.1452079   0.87052011  0.374596   -0.11506206
 -0.32727876  0.2752631   0.21259516  0.17342159 -0.34828225  0.06260063
 -0.0344236   0.13040362  0.9176057  -0.62353426 -0.6736809   0.9054938
  0.20312536  0.21343169  0.1654294  -0.84784466 -0.28151184 -0.26691633
 -0.19216131 -0.53667438 -0.11245651  0.38323104 -0.12755869 -0.35350382
  0.33923489 -0.74991912  0.44715691 -0.39361614  0.03660766  0.36901128
  0.51410341 -0.34599361 -0.8176707   0.59257859  0.11401354  0.83219773
 -0.7777136  -0.78979379 -0.12351869 -0.01369487  0.13337448 -0.00933307
  0.42925584 -0.42058    -0.60312909  0.55884045 -0.13076673  0.22588012
  0.01613788  0.10222853  0.37742126 -0.65572703 -0.26911494  0.10164671
 -0.1739611   0.42433637 -0.29183999  0.21348637  0.49122152  0.15828159
 -0.85824412 -0.45555675  0.21682617 -0.29688942 -0.31875274 -0.68433672
  0.27176446 -0.15195391 -0.60094184  0.36716241  0.01092578 -0.04855493
  1.          0.05589242 -0.09750014  0.06800747 -0.32690504  0.3710416
  0.37066382 -0.24479263 -0.23817019 -1.         -0.73131692 -0.76803148
 -0.35190848 -0.11656986 -0.3688519   0.19657342]
y_pred: [-3.85692775e-01  3.44447434e-01  3.09716672e-01 -2.31699884e-01
  4.58580285e-01 -3.08642775e-01  1.06874287e-01 -3.36790770e-01
 -1.74191460e-01  5.47775626e-01  4.95915376e-02  4.54527847e-02
 -4.35571581e-01  1.86384797e-01  4.58363503e-01  2.70171225e-01
 -3.75012010e-01 -4.97024246e-02  1.57395482e-01 -5.52928969e-02
  4.41903234e-01 -5.81245363e-01 -4.94411111e-01  5.53342819e-01
  2.65667319e-01  1.56950891e-01  6.93202019e-05 -6.18550777e-01
 -2.63969660e-01 -4.09044057e-01 -5.49521632e-02 -4.97282058e-01
 -2.49175161e-01  5.66449702e-01 -2.93037146e-01 -4.37250316e-01
  4.91289437e-01 -6.46920383e-01  1.74237803e-01 -4.93791431e-01
  2.10419431e-01  5.50321877e-01  5.67341030e-01 -3.01866174e-01
 -3.00684184e-01  4.99218732e-01 -1.57459781e-01  5.66461384e-01
 -5.71936250e-01 -6.13475502e-01 -6.21509142e-02  3.67168151e-02
  1.92010090e-01 -9.43984613e-02  5.00637591e-01 -5.25397003e-01
 -6.31449759e-01  4.82527822e-01 -5.72233237e-02  2.82883435e-01
  1.39859006e-01  2.14444280e-01  2.70573825e-01 -5.97469687e-01
 -1.90799832e-01  1.71229869e-01 -4.72641349e-01  3.82489860e-01
 -3.71679366e-01  3.32441866e-01  5.14943600e-01  2.11398169e-01
 -5.82074642e-01 -5.27834117e-01  1.78409368e-01 -3.57054919e-01
 -3.35780025e-01 -5.72962523e-01  4.81794417e-01 -2.96034932e-01
 -6.24508142e-01  2.76540190e-01  1.07096508e-02 -1.19154677e-01
  5.62612951e-01  3.17339182e-01  1.23782091e-01 -5.17256418e-03
 -3.51176023e-01  3.65398675e-01  4.21042025e-01 -4.47932243e-01
 -3.55462730e-03 -6.12507045e-01 -5.89349926e-01 -6.29541516e-01
 -2.61701345e-01 -1.67444840e-01 -5.02017796e-01  1.73883274e-01]
num_samples: 100
mae: 0.13662185850087552
mse: 0.02960744667705339
rmse: 0.17206814544549898
r-squared: 0.8481068471475459
adj r-squared: 0.841711345974811
best_epoch: 28
