epoch,batch,train_batch_loss
0,0,0.7328844666481018
0,1,0.7526242733001709
0,2,0.7088000774383545
0,3,0.6754534840583801
0,4,0.7142173051834106
0,5,0.6960188150405884
0,6,0.6947816610336304
0,7,0.6905472874641418
0,8,0.6917544603347778
0,9,0.6945617198944092
0,10,0.6901717782020569
0,11,0.700020968914032
0,12,0.6880074739456177
0,13,0.6952754259109497
0,14,0.6786853671073914
0,15,0.6767478585243225
0,16,0.6960124969482422
0,17,0.7148470878601074
0,18,0.7050234079360962
0,19,0.6874963045120239
1,0,0.6894053816795349
1,1,0.6994813680648804
1,2,0.6940308809280396
1,3,0.7040045261383057
1,4,0.7020248174667358
1,5,0.6981239318847656
1,6,0.6974122524261475
1,7,0.6841696500778198
1,8,0.695209264755249
1,9,0.689670979976654
1,10,0.6953197717666626
1,11,0.6864102482795715
1,12,0.6926863193511963
1,13,0.6892780661582947
1,14,0.6925383806228638
1,15,0.6899310350418091
1,16,0.6902663111686707
1,17,0.6969496011734009
1,18,0.686524510383606
1,19,0.6922163963317871
2,0,0.6932700276374817
2,1,0.6956089735031128
2,2,0.6923485994338989
2,3,0.6931444406509399
2,4,0.6869364976882935
2,5,0.6888670921325684
2,6,0.6907941699028015
2,7,0.6868892908096313
2,8,0.7016729116439819
2,9,0.6881127953529358
2,10,0.6925912499427795
2,11,0.6934134364128113
2,12,0.6872221827507019
2,13,0.687163770198822
2,14,0.6827864646911621
2,15,0.6899200677871704
2,16,0.694076418876648
2,17,0.6840885877609253
2,18,0.695658266544342
2,19,0.694884181022644
3,0,0.6908156275749207
3,1,0.6917988061904907
3,2,0.6894863843917847
3,3,0.6909677982330322
3,4,0.6978490352630615
3,5,0.6926947236061096
3,6,0.6880403161048889
3,7,0.6850902438163757
3,8,0.686510443687439
3,9,0.6898057460784912
3,10,0.6875396966934204
3,11,0.6913555264472961
3,12,0.6854025721549988
3,13,0.6895574927330017
3,14,0.68609219789505
3,15,0.6910682916641235
3,16,0.6909259557723999
3,17,0.6862701177597046
3,18,0.6845309138298035
3,19,0.6849778294563293
4,0,0.6859163641929626
4,1,0.6867437958717346
4,2,0.6917413473129272
4,3,0.6875278353691101
4,4,0.6903682351112366
4,5,0.6920831799507141
4,6,0.6921318173408508
4,7,0.6854583024978638
4,8,0.6783542037010193
4,9,0.6851674318313599
4,10,0.6891176700592041
4,11,0.6853150725364685
4,12,0.6805583834648132
4,13,0.6791580319404602
4,14,0.6826201677322388
4,15,0.686885416507721
4,16,0.6781430244445801
4,17,0.6892126202583313
4,18,0.7013067007064819
4,19,0.689062774181366
5,0,0.6745039224624634
5,1,0.6925837397575378
5,2,0.6810861825942993
5,3,0.68828284740448
5,4,0.6667492985725403
5,5,0.6761994957923889
5,6,0.6778165102005005
5,7,0.6903471946716309
5,8,0.6712205410003662
5,9,0.6798343062400818
5,10,0.6767457723617554
5,11,0.6965810656547546
5,12,0.654493510723114
5,13,0.7029134035110474
5,14,0.6987658739089966
5,15,0.6914476156234741
5,16,0.6964580416679382
5,17,0.674207866191864
5,18,0.6800512075424194
5,19,0.6901193261146545
6,0,0.6694626808166504
6,1,0.6669759154319763
6,2,0.6835781931877136
6,3,0.6997122168540955
6,4,0.6865578889846802
6,5,0.6481422185897827
6,6,0.6531863808631897
6,7,0.6890317797660828
6,8,0.6797001957893372
6,9,0.6699093580245972
6,10,0.6929536461830139
6,11,0.6964339017868042
6,12,0.6534500122070312
6,13,0.7030618786811829
6,14,0.6694030165672302
6,15,0.6876829862594604
6,16,0.7023962140083313
6,17,0.6953691244125366
6,18,0.6861532926559448
6,19,0.6708167791366577
7,0,0.6691319942474365
7,1,0.6608726382255554
7,2,0.6565181016921997
7,3,0.7050403356552124
7,4,0.6899078488349915
7,5,0.6767507195472717
7,6,0.6471324563026428
7,7,0.6573147773742676
7,8,0.6642841100692749
7,9,0.6568028926849365
7,10,0.6898128986358643
7,11,0.6694197058677673
7,12,0.6648480892181396
7,13,0.6857462525367737
7,14,0.6766804456710815
7,15,0.7039902806282043
7,16,0.6755580902099609
7,17,0.6691498160362244
7,18,0.6856294870376587
7,19,0.67363440990448
8,0,0.6652512550354004
8,1,0.6499496698379517
8,2,0.6801245212554932
8,3,0.6790891885757446
8,4,0.6641082763671875
8,5,0.6617451906204224
8,6,0.6564127206802368
8,7,0.6724261045455933
8,8,0.6657171249389648
8,9,0.6896963119506836
8,10,0.6555761098861694
8,11,0.6640495657920837
8,12,0.6403006911277771
8,13,0.6690489053726196
8,14,0.6281814575195312
8,15,0.6121587753295898
8,16,0.6621519327163696
8,17,0.7446923851966858
8,18,0.6955119967460632
8,19,0.646786630153656
9,0,0.65657639503479
9,1,0.6739869713783264
9,2,0.6537967920303345
9,3,0.706456184387207
9,4,0.6866399049758911
9,5,0.657701313495636
9,6,0.6851793527603149
9,7,0.6385985016822815
9,8,0.6609996557235718
9,9,0.6580652594566345
9,10,0.6647537350654602
9,11,0.6359975337982178
9,12,0.6504610776901245
9,13,0.6489485502243042
9,14,0.6624963283538818
9,15,0.6561872363090515
9,16,0.6391279101371765
9,17,0.6863332986831665
9,18,0.6376504302024841
9,19,0.6699981689453125
10,0,0.6561563014984131
10,1,0.6710848212242126
10,2,0.6719479560852051
10,3,0.6568236351013184
10,4,0.6394168138504028
10,5,0.6456543803215027
10,6,0.6533703207969666
10,7,0.64637291431427
10,8,0.7000118494033813
10,9,0.6331793069839478
10,10,0.6600546836853027
10,11,0.6744670867919922
10,12,0.6519616842269897
10,13,0.6586997509002686
10,14,0.6165870428085327
10,15,0.6563583612442017
10,16,0.6642328500747681
10,17,0.6269433498382568
10,18,0.6464061737060547
10,19,0.6855801343917847
11,0,0.655321478843689
11,1,0.6811500787734985
11,2,0.6427831053733826
11,3,0.6704753041267395
11,4,0.6897163987159729
11,5,0.6640118956565857
11,6,0.6396894454956055
11,7,0.619112491607666
11,8,0.6219034194946289
11,9,0.647305428981781
11,10,0.6267899870872498
11,11,0.643899142742157
11,12,0.6142321825027466
11,13,0.6571780443191528
11,14,0.6402901411056519
11,15,0.6333733797073364
11,16,0.6509412527084351
11,17,0.6023505926132202
11,18,0.6151650547981262
11,19,0.6254914999008179
12,0,0.6251376867294312
12,1,0.6411224603652954
12,2,0.6651922464370728
12,3,0.6262325048446655
12,4,0.6613098382949829
12,5,0.6708658337593079
12,6,0.6609970331192017
12,7,0.6263642907142639
12,8,0.5687185525894165
12,9,0.6099995374679565
12,10,0.6462160348892212
12,11,0.6367443799972534
12,12,0.5983356237411499
12,13,0.5982339382171631
12,14,0.5894323587417603
12,15,0.6389347910881042
12,16,0.6409353017807007
12,17,0.6405653357505798
12,18,0.7191712260246277
12,19,0.6095627546310425
13,0,0.577846884727478
13,1,0.666205883026123
13,2,0.6029510498046875
13,3,0.6604866981506348
13,4,0.5685823559761047
13,5,0.5878572463989258
13,6,0.5761114954948425
13,7,0.6015068292617798
13,8,0.5939461588859558
13,9,0.5900692343711853
13,10,0.5884830951690674
13,11,0.642130970954895
13,12,0.5519128441810608
13,13,0.65854412317276
13,14,0.684748113155365
13,15,0.6029988527297974
13,16,0.664209246635437
13,17,0.6094859838485718
13,18,0.619728684425354
13,19,0.6711121797561646
14,0,0.5795806050300598
14,1,0.6331322193145752
14,2,0.5799392461776733
14,3,0.6662746071815491
14,4,0.5941917300224304
14,5,0.6059088110923767
14,6,0.62715744972229
14,7,0.6129552721977234
14,8,0.6085212826728821
14,9,0.5643967390060425
14,10,0.6543096899986267
14,11,0.6315192580223083
14,12,0.5655155777931213
14,13,0.6238983869552612
14,14,0.5294513702392578
14,15,0.591499924659729
14,16,0.6289390921592712
14,17,0.6330786347389221
14,18,0.6079651117324829
14,19,0.5918312668800354
15,0,0.614767849445343
15,1,0.5516649484634399
15,2,0.5760354399681091
15,3,0.6924042701721191
15,4,0.6196206212043762
15,5,0.5569608807563782
15,6,0.5390083193778992
15,7,0.5523630380630493
15,8,0.5596604943275452
15,9,0.6029596924781799
15,10,0.6162105202674866
15,11,0.557941734790802
15,12,0.5430997610092163
15,13,0.6052879095077515
15,14,0.6243733167648315
15,15,0.7446527481079102
15,16,0.6004178524017334
15,17,0.5355004668235779
15,18,0.6298792362213135
15,19,0.5621920824050903
16,0,0.5814300775527954
16,1,0.6039868593215942
16,2,0.5222360491752625
16,3,0.6336792707443237
16,4,0.5703431367874146
16,5,0.5179929733276367
16,6,0.6218112111091614
16,7,0.574969470500946
16,8,0.5808667540550232
16,9,0.5943746566772461
16,10,0.622482419013977
16,11,0.5164149403572083
16,12,0.5432730317115784
16,13,0.5428289175033569
16,14,0.609234631061554
16,15,0.5816412568092346
16,16,0.5072160363197327
16,17,0.6558732986450195
16,18,0.5283056497573853
16,19,0.6154879331588745
17,0,0.5488357543945312
17,1,0.5916764736175537
17,2,0.6186176538467407
17,3,0.5488466024398804
17,4,0.5717082023620605
17,5,0.5524622201919556
17,6,0.541681170463562
17,7,0.5853241086006165
17,8,0.6349130868911743
17,9,0.5310500860214233
17,10,0.5457788109779358
17,11,0.5810508728027344
17,12,0.5590715408325195
17,13,0.626508891582489
17,14,0.4968077540397644
17,15,0.5670576095581055
17,16,0.5973490476608276
17,17,0.5421174168586731
17,18,0.49088263511657715
17,19,0.6241098642349243
18,0,0.5931808948516846
18,1,0.6350005865097046
18,2,0.5286280512809753
18,3,0.6522295475006104
18,4,0.6048915982246399
18,5,0.5862041711807251
18,6,0.5249090790748596
18,7,0.566599428653717
18,8,0.5206499099731445
18,9,0.5919817686080933
18,10,0.5197218656539917
18,11,0.5645635724067688
18,12,0.46024221181869507
18,13,0.6102750301361084
18,14,0.5289522409439087
18,15,0.539655327796936
18,16,0.6198217272758484
18,17,0.4583290219306946
18,18,0.4588155150413513
18,19,0.48031720519065857
19,0,0.5247312188148499
19,1,0.5166413187980652
19,2,0.652601957321167
19,3,0.49871206283569336
19,4,0.546416163444519
19,5,0.5897598266601562
19,6,0.5711666345596313
19,7,0.560685396194458
19,8,0.4267842173576355
19,9,0.4755134582519531
19,10,0.5066856741905212
19,11,0.5495691895484924
19,12,0.46930748224258423
19,13,0.49152493476867676
19,14,0.47666436433792114
19,15,0.5778118371963501
19,16,0.6273999810218811
19,17,0.5372663140296936
19,18,0.7063267230987549
19,19,0.4352022707462311