y_true: [-0.65018821  0.53281015  0.49665552 -0.1984587   0.30947819 -0.24304697
 -0.03290847 -0.09715477 -0.1452079   0.87052011  0.374596   -0.11506206
 -0.32727876  0.2752631   0.21259516  0.17342159 -0.34828225  0.06260063
 -0.0344236   0.13040362  0.9176057  -0.62353426 -0.6736809   0.9054938
  0.20312536  0.21343169  0.1654294  -0.84784466 -0.28151184 -0.26691633
 -0.19216131 -0.53667438 -0.11245651  0.38323104 -0.12755869 -0.35350382
  0.33923489 -0.74991912  0.44715691 -0.39361614  0.03660766  0.36901128
  0.51410341 -0.34599361 -0.8176707   0.59257859  0.11401354  0.83219773
 -0.7777136  -0.78979379 -0.12351869 -0.01369487  0.13337448 -0.00933307
  0.42925584 -0.42058    -0.60312909  0.55884045 -0.13076673  0.22588012
  0.01613788  0.10222853  0.37742126 -0.65572703 -0.26911494  0.10164671
 -0.1739611   0.42433637 -0.29183999  0.21348637  0.49122152  0.15828159
 -0.85824412 -0.45555675  0.21682617 -0.29688942 -0.31875274 -0.68433672
  0.27176446 -0.15195391 -0.60094184  0.36716241  0.01092578 -0.04855493
  1.          0.05589242 -0.09750014  0.06800747 -0.32690504  0.3710416
  0.37066382 -0.24479263 -0.23817019 -1.         -0.73131692 -0.76803148
 -0.35190848 -0.11656986 -0.3688519   0.19657342]
y_pred: [0.21191406 0.48535156 0.49707031 0.2109375  0.234375   0.15917969
 0.23632812 0.33496094 0.32128906 0.43847656 0.48925781 0.1640625
 0.27636719 0.51367188 0.16601562 0.20800781 0.19335938 0.2421875
 0.17675781 0.31640625 0.51269531 0.15136719 0.14941406 0.19921875
 0.24023438 0.42285156 0.390625   0.16699219 0.19238281 0.21386719
 0.390625   0.24609375 0.26074219 0.22070312 0.29980469 0.19824219
 0.20703125 0.22753906 0.33300781 0.17773438 0.28515625 0.34179688
 0.24023438 0.31835938 0.29589844 0.24804688 0.44921875 0.32714844
 0.16894531 0.43945312 0.24414062 0.22070312 0.32617188 0.21484375
 0.30566406 0.25878906 0.20898438 0.19042969 0.19140625 0.34472656
 0.26464844 0.30664062 0.24316406 0.18164062 0.19726562 0.21972656
 0.35351562 0.29003906 0.26660156 0.19335938 0.27636719 0.16796875
 0.18066406 0.18847656 0.26855469 0.15625    0.34277344 0.13574219
 0.4921875  0.37109375 0.19921875 0.16308594 0.203125   0.19921875
 0.25683594 0.24707031 0.21484375 0.28027344 0.15722656 0.23339844
 0.52050781 0.23730469 0.54296875 0.15039062 0.2578125  0.16113281
 0.26171875 0.22363281 0.18066406 0.31445312]
num_samples: 100
mae: 0.42304473252967
mse: 0.2693083283731053
rmse: 0.5189492541406195
r-squared: -0.3816149542445473
adj r-squared: -0.4397882154758965
best_epoch: 27
