y_true: [-0.65018821  0.53281015  0.49665552 -0.1984587   0.30947819 -0.24304697
 -0.03290847 -0.09715477 -0.1452079   0.87052011  0.374596   -0.11506206
 -0.32727876  0.2752631   0.21259516  0.17342159 -0.34828225  0.06260063
 -0.0344236   0.13040362  0.9176057  -0.62353426 -0.6736809   0.9054938
  0.20312536  0.21343169  0.1654294  -0.84784466 -0.28151184 -0.26691633
 -0.19216131 -0.53667438 -0.11245651  0.38323104 -0.12755869 -0.35350382
  0.33923489 -0.74991912  0.44715691 -0.39361614  0.03660766  0.36901128
  0.51410341 -0.34599361 -0.8176707   0.59257859  0.11401354  0.83219773
 -0.7777136  -0.78979379 -0.12351869 -0.01369487  0.13337448 -0.00933307
  0.42925584 -0.42058    -0.60312909  0.55884045 -0.13076673  0.22588012
  0.01613788  0.10222853  0.37742126 -0.65572703 -0.26911494  0.10164671
 -0.1739611   0.42433637 -0.29183999  0.21348637  0.49122152  0.15828159
 -0.85824412 -0.45555675  0.21682617 -0.29688942 -0.31875274 -0.68433672
  0.27176446 -0.15195391 -0.60094184  0.36716241  0.01092578 -0.04855493
  1.          0.05589242 -0.09750014  0.06800747 -0.32690504  0.3710416
  0.37066382 -0.24479263 -0.23817019 -1.         -0.73131692 -0.76803148
 -0.35190848 -0.11656986 -0.3688519   0.19657342]
y_pred: [0.24902344 0.43261719 0.49414062 0.15332031 0.21191406 0.15917969
 0.25683594 0.32714844 0.29882812 0.42089844 0.46582031 0.15234375
 0.26757812 0.50683594 0.15429688 0.19042969 0.19042969 0.20898438
 0.17480469 0.34570312 0.48730469 0.16015625 0.16894531 0.18554688
 0.25195312 0.40625    0.39941406 0.18066406 0.17285156 0.17480469
 0.38769531 0.25097656 0.23925781 0.2109375  0.29296875 0.18066406
 0.18164062 0.20410156 0.33398438 0.14941406 0.24902344 0.36621094
 0.25976562 0.34179688 0.29882812 0.24902344 0.43066406 0.32421875
 0.19433594 0.44140625 0.25292969 0.20898438 0.32910156 0.203125
 0.34082031 0.26855469 0.24121094 0.20410156 0.1953125  0.33398438
 0.25292969 0.31835938 0.24902344 0.18554688 0.22753906 0.19042969
 0.33007812 0.29492188 0.26953125 0.17480469 0.29296875 0.15722656
 0.17382812 0.19238281 0.22949219 0.15332031 0.35546875 0.16308594
 0.47558594 0.38867188 0.19433594 0.18652344 0.19238281 0.18652344
 0.23730469 0.26367188 0.17675781 0.27636719 0.15625    0.21875
 0.49023438 0.21679688 0.53320312 0.15429688 0.29394531 0.14941406
 0.25878906 0.2265625  0.19726562 0.31347656]
num_samples: 100
mae: 0.42102628739550707
mse: 0.2707535467765288
rmse: 0.5203398377757836
r-squared: -0.38902926397043514
adj r-squared: -0.4475147066639271
