epoch,batch,train_batch_loss
0,0,0.7490479946136475
0,1,0.7729713916778564
0,2,0.7079741954803467
0,3,0.675219714641571
0,4,0.7056871056556702
0,5,0.6917544007301331
0,6,0.6918467879295349
0,7,0.6922391057014465
0,8,0.6921517848968506
0,9,0.692033052444458
0,10,0.6954479217529297
0,11,0.6861271262168884
0,12,0.7025291919708252
0,13,0.691069483757019
0,14,0.7081907987594604
0,15,0.7069404721260071
0,16,0.6907714605331421
0,17,0.6925157308578491
0,18,0.6953017115592957
0,19,0.690277099609375
1,0,0.6883533596992493
1,1,0.6947471499443054
1,2,0.6920086741447449
1,3,0.694603443145752
1,4,0.6958580613136292
1,5,0.6910910606384277
1,6,0.6924707889556885
1,7,0.694557785987854
1,8,0.6887210011482239
1,9,0.6953971982002258
1,10,0.6888567209243774
1,11,0.6966286897659302
1,12,0.6899347305297852
1,13,0.6939961910247803
1,14,0.6917272806167603
1,15,0.6901942491531372
1,16,0.687458872795105
1,17,0.6842390298843384
1,18,0.6912232041358948
1,19,0.6875194907188416
2,0,0.6894241571426392
2,1,0.6907954812049866
2,2,0.6855128407478333
2,3,0.6902307271957397
2,4,0.6863865852355957
2,5,0.6880972981452942
2,6,0.6890403032302856
2,7,0.6852452158927917
2,8,0.6998944282531738
2,9,0.6884236335754395
2,10,0.6915728449821472
2,11,0.6936339735984802
2,12,0.6835143566131592
2,13,0.6776282787322998
2,14,0.6838247179985046
2,15,0.6873332262039185
2,16,0.6988765001296997
2,17,0.6759872436523438
2,18,0.695816695690155
2,19,0.6919125318527222
3,0,0.6876262426376343
3,1,0.6842522621154785
3,2,0.6878449320793152
3,3,0.6878467202186584
3,4,0.6991993188858032
3,5,0.686992347240448
3,6,0.6875752806663513
3,7,0.6802741289138794
3,8,0.6839183568954468
3,9,0.6797786951065063
3,10,0.686217188835144
3,11,0.6775763034820557
3,12,0.681137204170227
3,13,0.6880136132240295
3,14,0.6875125169754028
3,15,0.675658643245697
3,16,0.6821492910385132
3,17,0.6787035465240479
3,18,0.6819165945053101
3,19,0.7307496666908264
4,0,0.6921982765197754
4,1,0.6864833235740662
4,2,0.6744263172149658
4,3,0.6789748668670654
4,4,0.6876484155654907
4,5,0.6880872845649719
4,6,0.6804588437080383
4,7,0.6861250400543213
4,8,0.7001829743385315
4,9,0.6737093925476074
4,10,0.6793344616889954
4,11,0.6790792942047119
4,12,0.6891482472419739
4,13,0.6754851341247559
4,14,0.6734103560447693
4,15,0.6812090873718262
4,16,0.671301007270813
4,17,0.6957812905311584
4,18,0.7187409996986389
4,19,0.6855728030204773
5,0,0.6632496118545532
5,1,0.698348879814148
5,2,0.6866143345832825
5,3,0.672645628452301
5,4,0.6602178812026978
5,5,0.6772443056106567
5,6,0.6698718070983887
5,7,0.6848036050796509
5,8,0.6555472612380981
5,9,0.6664782166481018
5,10,0.6765278577804565
5,11,0.6801193952560425
5,12,0.6626790761947632
5,13,0.6744509935379028
5,14,0.6944722533226013
5,15,0.6777511835098267
5,16,0.6880031824111938
5,17,0.6585831046104431
5,18,0.6827863454818726
5,19,0.6942934393882751
6,0,0.6715553402900696
6,1,0.7006474733352661
6,2,0.6605226993560791
6,3,0.6710273623466492
6,4,0.6640200614929199
6,5,0.6967535018920898
6,6,0.697417140007019
6,7,0.6649612188339233
6,8,0.6782131791114807
6,9,0.6822925209999084
6,10,0.6760446429252625
6,11,0.669781506061554
6,12,0.667848527431488
6,13,0.6914574503898621
6,14,0.6464163064956665
6,15,0.6863832473754883
6,16,0.684000551700592
6,17,0.678230345249176
6,18,0.6625592112541199
6,19,0.6668949127197266
7,0,0.6660317182540894
7,1,0.6709204316139221
7,2,0.6711205840110779
7,3,0.6742362976074219
7,4,0.6617704033851624
7,5,0.6355063319206238
7,6,0.6644195318222046
7,7,0.6513418555259705
7,8,0.6476687788963318
7,9,0.6772438287734985
7,10,0.6718338131904602
7,11,0.6513988375663757
7,12,0.6703696250915527
7,13,0.6809507608413696
7,14,0.6556084752082825
7,15,0.6934000253677368
7,16,0.6723648309707642
7,17,0.6389456987380981
7,18,0.659988284111023
7,19,0.6652623414993286
8,0,0.667538046836853
8,1,0.6629711389541626
8,2,0.6494895219802856
8,3,0.6756173372268677
8,4,0.641026496887207
8,5,0.6705408692359924
8,6,0.6357427835464478
8,7,0.6683083176612854
8,8,0.6225520372390747
8,9,0.6426858901977539
8,10,0.6277725696563721
8,11,0.6381358504295349
8,12,0.6681727170944214
8,13,0.6833105087280273
8,14,0.674537718296051
8,15,0.626278817653656
8,16,0.6533660292625427
8,17,0.6037444472312927
8,18,0.6721040606498718
8,19,0.6708151698112488
9,0,0.6041661500930786
9,1,0.6766141653060913
9,2,0.6254268884658813
9,3,0.6753227710723877
9,4,0.7290154695510864
9,5,0.7359122037887573
9,6,0.595244288444519
9,7,0.5955714583396912
9,8,0.6180142164230347
9,9,0.6445287466049194
9,10,0.622322142124176
9,11,0.5953654646873474
9,12,0.6276586055755615
9,13,0.6362344026565552
9,14,0.6482924222946167
9,15,0.6423683762550354
9,16,0.6407636404037476
9,17,0.7272635102272034
9,18,0.6150327324867249
9,19,0.6363097429275513
10,0,0.7204824090003967
10,1,0.5863126516342163
10,2,0.6383447051048279
10,3,0.6047070622444153
10,4,0.6043952703475952
10,5,0.6193225383758545
10,6,0.6256418228149414
10,7,0.6682151556015015
10,8,0.66752028465271
10,9,0.5970548391342163
10,10,0.6129512190818787
10,11,0.6281995177268982
10,12,0.6109803318977356
10,13,0.632334291934967
10,14,0.6404463648796082
10,15,0.6409817934036255
10,16,0.5910499691963196
10,17,0.6338902115821838
10,18,0.6019957661628723
10,19,0.6216488480567932
11,0,0.656075119972229
11,1,0.6293667554855347
11,2,0.582991361618042
11,3,0.6985689997673035
11,4,0.6638758778572083
11,5,0.5764011740684509
11,6,0.6507799029350281
11,7,0.6956437826156616
11,8,0.5624994039535522
11,9,0.5725545287132263
11,10,0.6083359122276306
11,11,0.6068339943885803
11,12,0.5909761190414429
11,13,0.6376403570175171
11,14,0.6194807291030884
11,15,0.5694248676300049
11,16,0.6522934436798096
11,17,0.6142095327377319
11,18,0.6368277668952942
11,19,0.605614423751831
12,0,0.5512647032737732
12,1,0.6702656745910645
12,2,0.5892645120620728
12,3,0.6257604956626892
12,4,0.6281989216804504
12,5,0.7007312178611755
12,6,0.6013484597206116
12,7,0.557803213596344
12,8,0.6489622592926025
12,9,0.5705536603927612
12,10,0.6746968030929565
12,11,0.7049307227134705
12,12,0.6400041580200195
12,13,0.6399651169776917
12,14,0.6549205780029297
12,15,0.551262378692627
12,16,0.6364933252334595
12,17,0.5853378772735596
12,18,0.6149724721908569
12,19,0.5610895752906799
13,0,0.7190457582473755
13,1,0.6125763654708862
13,2,0.5414299368858337
13,3,0.5784881711006165
13,4,0.5935910940170288
13,5,0.6458512544631958
13,6,0.5578386783599854
13,7,0.5627785921096802
13,8,0.5557851195335388
13,9,0.5895746946334839
13,10,0.6694475412368774
13,11,0.6223983764648438
13,12,0.5741173028945923
13,13,0.5965492725372314
13,14,0.5621019005775452
13,15,0.5803130865097046
13,16,0.6302767992019653
13,17,0.6128003597259521
13,18,0.6324177980422974
13,19,0.5736402273178101
14,0,0.49673715233802795
14,1,0.538658857345581
14,2,0.531414806842804
14,3,0.5881287455558777
14,4,0.5627402663230896
14,5,0.5648595094680786
14,6,0.5321246385574341
14,7,0.6110351085662842
14,8,0.6608977913856506
14,9,0.5143212676048279
14,10,0.5615649819374084
14,11,0.6345024108886719
14,12,0.5975674986839294
14,13,0.6954938769340515
14,14,0.685230553150177
14,15,0.6903809309005737
14,16,0.6105338335037231
14,17,0.6484159827232361
14,18,0.5612975358963013
14,19,0.5322430729866028
15,0,0.515102207660675
15,1,0.5273119211196899
15,2,0.5287060737609863
15,3,0.46739712357521057
15,4,0.3794800639152527
15,5,0.7625588178634644
15,6,0.5474485158920288
15,7,0.566338062286377
15,8,0.5820215344429016
15,9,0.6254186630249023
15,10,0.5637836456298828
15,11,0.5940871238708496
15,12,0.5540024042129517
15,13,0.5889900922775269
15,14,0.5303522944450378
15,15,0.848580539226532
15,16,0.6032789945602417
15,17,0.6967353224754333
15,18,0.5966426134109497
15,19,0.6013802886009216
16,0,0.5552297830581665
16,1,0.5959748029708862
16,2,0.5629628896713257
16,3,0.6683922410011292
16,4,0.46398401260375977
16,5,0.6146352887153625
16,6,0.7305024862289429
16,7,0.49031466245651245
16,8,0.5502265691757202
16,9,0.6249159574508667
16,10,0.5017666816711426
16,11,0.621368408203125
16,12,0.5754202604293823
16,13,0.4923143982887268
16,14,0.5554589629173279
16,15,0.47180595993995667
16,16,0.4127243161201477
16,17,0.5012917518615723
16,18,0.5061410665512085
16,19,0.6570747494697571
17,0,0.5172657370567322
17,1,0.508983314037323
17,2,0.5766936540603638
17,3,0.5194371342658997
17,4,0.46161922812461853
17,5,0.5910993218421936
17,6,0.5260160565376282
17,7,0.577979326248169
17,8,0.537078857421875
17,9,0.49609994888305664
17,10,0.6020102500915527
17,11,0.4507855474948883
17,12,0.6253159642219543
17,13,0.4594152569770813
17,14,0.6354554891586304
17,15,0.44924354553222656
17,16,0.510043203830719
17,17,0.5727478861808777
17,18,0.6353741884231567
17,19,0.45096832513809204
18,0,0.5745859146118164
18,1,0.5250956416130066
18,2,0.6171196699142456
18,3,0.48961591720581055
18,4,0.44171223044395447
18,5,0.6014031171798706
18,6,0.44652414321899414
18,7,0.4703308641910553
18,8,0.5926996469497681
18,9,0.4931483864784241
18,10,0.6277813911437988
18,11,0.5115430951118469
18,12,0.47441187500953674
18,13,0.6954817771911621
18,14,0.5365978479385376
18,15,0.512366533279419
18,16,0.4585506021976471
18,17,0.6275620460510254
18,18,0.5394132733345032
18,19,0.4870302081108093
19,0,0.5286773443222046
19,1,0.47660762071609497
19,2,0.5008987188339233
19,3,0.5750879645347595
19,4,0.461233913898468
19,5,0.6497212648391724
19,6,0.48023635149002075
19,7,0.5481313467025757
19,8,0.5125051736831665
19,9,0.3427923619747162
19,10,0.501878023147583
19,11,0.41871947050094604
19,12,0.5005683898925781
19,13,0.5732988119125366
19,14,0.443264901638031
19,15,0.43618932366371155
19,16,0.5833233594894409
19,17,0.5171991586685181
19,18,0.509268581867218
19,19,0.4923593997955322