epoch,batch,train_batch_loss
0,0,0.7246496677398682
0,1,0.7408866286277771
0,2,0.659298300743103
0,3,0.6973124146461487
0,4,0.6987690329551697
0,5,0.7126836776733398
0,6,0.6817914843559265
0,7,0.705396831035614
0,8,0.7156296372413635
0,9,0.6825813055038452
0,10,0.68653404712677
0,11,0.6879352331161499
0,12,0.6942649483680725
0,13,0.6951625347137451
0,14,0.7007216811180115
0,15,0.6899284720420837
0,16,0.6975182890892029
0,17,0.6860990524291992
0,18,0.6969208121299744
0,19,0.6908159255981445
1,0,0.6879421472549438
1,1,0.6778366565704346
1,2,0.7114943265914917
1,3,0.6984920501708984
1,4,0.6837621927261353
1,5,0.7028633952140808
1,6,0.6802937984466553
1,7,0.7032062411308289
1,8,0.6858340501785278
1,9,0.7093520760536194
1,10,0.6993152499198914
1,11,0.7086938619613647
1,12,0.6794053316116333
1,13,0.7043049931526184
1,14,0.6875268816947937
1,15,0.691243052482605
1,16,0.6964607834815979
1,17,0.6930118799209595
1,18,0.6925991177558899
1,19,0.6932560801506042
2,0,0.6936084032058716
2,1,0.6923222541809082
2,2,0.6970556974411011
2,3,0.692916989326477
2,4,0.6929285526275635
2,5,0.689894437789917
2,6,0.6967560648918152
2,7,0.6917177438735962
2,8,0.6975725293159485
2,9,0.6977240443229675
2,10,0.6900857090950012
2,11,0.6906777620315552
2,12,0.695219874382019
2,13,0.6898826956748962
2,14,0.6919609904289246
2,15,0.6929036378860474
2,16,0.6889663934707642
2,17,0.6914087533950806
2,18,0.6940175890922546
2,19,0.6899623274803162
3,0,0.6884909272193909
3,1,0.6917341947555542
3,2,0.6915924549102783
3,3,0.6906216144561768
3,4,0.688540518283844
3,5,0.6914241909980774
3,6,0.6909549236297607
3,7,0.6899752616882324
3,8,0.6899648308753967
3,9,0.6897858381271362
3,10,0.6878033876419067
3,11,0.6929539442062378
3,12,0.6932141780853271
3,13,0.6891033053398132
3,14,0.6866609454154968
3,15,0.6904118657112122
3,16,0.6859820485115051
3,17,0.687309741973877
3,18,0.6852708458900452
3,19,0.6885424256324768
4,0,0.683186411857605
4,1,0.6934006810188293
4,2,0.6824118494987488
4,3,0.693374514579773
4,4,0.6698046922683716
4,5,0.6956222057342529
4,6,0.6812599897384644
4,7,0.6774851679801941
4,8,0.696499228477478
4,9,0.6927844285964966
4,10,0.6690796613693237
4,11,0.6796942949295044
4,12,0.6854761838912964
4,13,0.7040542364120483
4,14,0.6673784255981445
4,15,0.6846557855606079
4,16,0.6970730423927307
4,17,0.6693674325942993
4,18,0.6786520481109619
4,19,0.6671298146247864
5,0,0.6618198156356812
5,1,0.7099103927612305
5,2,0.6609479188919067
5,3,0.7054551839828491
5,4,0.6719754934310913
5,5,0.6795471906661987
5,6,0.6825888156890869
5,7,0.6778566241264343
5,8,0.6801748275756836
5,9,0.6771404147148132
5,10,0.6690098643302917
5,11,0.674296498298645
5,12,0.6788324117660522
5,13,0.689845085144043
5,14,0.6794484257698059
5,15,0.6512487530708313
5,16,0.6822901368141174
5,17,0.6637396812438965
5,18,0.676611065864563
5,19,0.6699263453483582
6,0,0.6685692667961121
6,1,0.6723617911338806
6,2,0.6693061590194702
6,3,0.7009544968605042
6,4,0.6926231980323792
6,5,0.6646722555160522
6,6,0.6803184747695923
6,7,0.6773955225944519
6,8,0.6773202419281006
6,9,0.6676579117774963
6,10,0.6679955124855042
6,11,0.6682189702987671
6,12,0.6724086403846741
6,13,0.6762664914131165
6,14,0.6651598215103149
6,15,0.6628202199935913
6,16,0.6645535230636597
6,17,0.6632892489433289
6,18,0.6716939210891724
6,19,0.6731027364730835
7,0,0.6502515077590942
7,1,0.6762970685958862
7,2,0.6882596611976624
7,3,0.6650547981262207
7,4,0.6521562337875366
7,5,0.6626015901565552
7,6,0.6463865041732788
7,7,0.674149215221405
7,8,0.6634359955787659
7,9,0.662070631980896
7,10,0.6229251623153687
7,11,0.6402864456176758
7,12,0.6900051236152649
7,13,0.6913150548934937
7,14,0.6911758780479431
7,15,0.649336040019989
7,16,0.6863043308258057
7,17,0.6895335912704468
7,18,0.7088845372200012
7,19,0.6705320477485657
8,0,0.6588791608810425
8,1,0.6387038826942444
8,2,0.661054253578186
8,3,0.6841715574264526
8,4,0.6457540392875671
8,5,0.6783397197723389
8,6,0.6801797747612
8,7,0.6777181029319763
8,8,0.6489375233650208
8,9,0.6614236235618591
8,10,0.6513870358467102
8,11,0.6815832853317261
8,12,0.6608712673187256
8,13,0.6501215100288391
8,14,0.6633859872817993
8,15,0.6656405925750732
8,16,0.6710151433944702
8,17,0.653138279914856
8,18,0.6452314853668213
8,19,0.6577268242835999
9,0,0.668333888053894
9,1,0.6613632440567017
9,2,0.6588706374168396
9,3,0.6646381616592407
9,4,0.6714200973510742
9,5,0.6511598825454712
9,6,0.6569961309432983
9,7,0.6688544154167175
9,8,0.6451801061630249
9,9,0.6719922423362732
9,10,0.6439277529716492
9,11,0.6633526682853699
9,12,0.6460551023483276
9,13,0.6478102803230286
9,14,0.6590370535850525
9,15,0.6382932066917419
9,16,0.6622747182846069
9,17,0.6453386545181274
9,18,0.648352324962616
9,19,0.6375826597213745
10,0,0.680789053440094
10,1,0.6457188129425049
10,2,0.664085865020752
10,3,0.6516071557998657
10,4,0.6467569470405579
10,5,0.6441724896430969
10,6,0.6525269746780396
10,7,0.6359571218490601
10,8,0.6503497958183289
10,9,0.6382819414138794
10,10,0.6554421782493591
10,11,0.6435428857803345
10,12,0.6517138481140137
10,13,0.6588851809501648
10,14,0.658934473991394
10,15,0.6460729837417603
10,16,0.6424782872200012
10,17,0.6493178009986877
10,18,0.6511334180831909
10,19,0.6499499082565308
11,0,0.6473304033279419
11,1,0.6495465040206909
11,2,0.6369643211364746
11,3,0.6356989145278931
11,4,0.6303290128707886
11,5,0.640220046043396
11,6,0.6587220430374146
11,7,0.6594711542129517
11,8,0.6487175822257996
11,9,0.6604156494140625
11,10,0.6289832592010498
11,11,0.629849910736084
11,12,0.6326524615287781
11,13,0.6568823456764221
11,14,0.631015419960022
11,15,0.6489678621292114
11,16,0.6074297428131104
11,17,0.6421244740486145
11,18,0.7020288705825806
11,19,0.6546677350997925
12,0,0.6456315517425537
12,1,0.609893798828125
12,2,0.6355020999908447
12,3,0.6132694482803345
12,4,0.6430902481079102
12,5,0.6405054330825806
12,6,0.6426107883453369
12,7,0.6565638780593872
12,8,0.6558245420455933
12,9,0.6745141744613647
12,10,0.6439031362533569
12,11,0.6632944941520691
12,12,0.6423288583755493
12,13,0.5986722707748413
12,14,0.6582255363464355
12,15,0.6267616152763367
12,16,0.6368733644485474
12,17,0.6317106485366821
12,18,0.6297879219055176
12,19,0.642135739326477
13,0,0.6200059652328491
13,1,0.6278643608093262
13,2,0.6489467024803162
13,3,0.6226431131362915
13,4,0.6346555948257446
13,5,0.6316167712211609
13,6,0.6155663728713989
13,7,0.6408482789993286
13,8,0.621492326259613
13,9,0.6269441843032837
13,10,0.6412340998649597
13,11,0.6341866254806519
13,12,0.6287404894828796
13,13,0.6331894993782043
13,14,0.6795462369918823
13,15,0.6376316547393799
13,16,0.6733322143554688
13,17,0.6267759203910828
13,18,0.6462443470954895
13,19,0.6356873512268066
14,0,0.6039515733718872
14,1,0.65001380443573
14,2,0.6327527761459351
14,3,0.6132956743240356
14,4,0.6834217309951782
14,5,0.6402233242988586
14,6,0.6094504594802856
14,7,0.623653769493103
14,8,0.6253658533096313
14,9,0.6290777325630188
14,10,0.6456221342086792
14,11,0.6507033109664917
14,12,0.615655779838562
14,13,0.6132262945175171
14,14,0.6340796947479248
14,15,0.6475629210472107
14,16,0.6238425970077515
14,17,0.6295022368431091
14,18,0.6164615154266357
14,19,0.613120436668396
15,0,0.6220623850822449
15,1,0.6102913618087769
15,2,0.621305525302887
15,3,0.6303604245185852
15,4,0.6111413836479187
15,5,0.6190239191055298
15,6,0.6057664155960083
15,7,0.6044512391090393
15,8,0.6295698285102844
15,9,0.6375609040260315
15,10,0.6098955273628235
15,11,0.6613160371780396
15,12,0.626783549785614
15,13,0.6082470417022705
15,14,0.6613326668739319
15,15,0.6438722014427185
15,16,0.6230454444885254
15,17,0.6343311667442322
15,18,0.6281707882881165
15,19,0.6332386136054993
16,0,0.5953041315078735
16,1,0.6390825510025024
16,2,0.6240655183792114
16,3,0.6054270267486572
16,4,0.6280787587165833
16,5,0.6178535223007202
16,6,0.6594982147216797
16,7,0.6547508239746094
16,8,0.6455080509185791
16,9,0.622647762298584
16,10,0.608928382396698
16,11,0.6293207406997681
16,12,0.6251850724220276
16,13,0.6153219938278198
16,14,0.6019853353500366
16,15,0.6099562048912048
16,16,0.6362239122390747
16,17,0.6108397245407104
16,18,0.6226685047149658
16,19,0.6050037145614624
17,0,0.6550582647323608
17,1,0.6486514806747437
17,2,0.6392519474029541
17,3,0.6250365972518921
17,4,0.5930691361427307
17,5,0.6668205857276917
17,6,0.6006447076797485
17,7,0.632098913192749
17,8,0.5851007699966431
17,9,0.5945494771003723
17,10,0.6288173198699951
17,11,0.60808265209198
17,12,0.6265401840209961
17,13,0.618735671043396
17,14,0.6235710382461548
17,15,0.6206161975860596
17,16,0.601596474647522
17,17,0.6391322016716003
17,18,0.584654688835144
17,19,0.6183841824531555
18,0,0.5976558327674866
18,1,0.6025363802909851
18,2,0.6145745515823364
18,3,0.6415354609489441
18,4,0.6078659296035767
18,5,0.6460247039794922
18,6,0.6055132746696472
18,7,0.615217387676239
18,8,0.5804300308227539
18,9,0.5905360579490662
18,10,0.5837411880493164
18,11,0.5973034501075745
18,12,0.6005796790122986
18,13,0.6239603757858276
18,14,0.5752195715904236
18,15,0.6728945970535278
18,16,0.5938822031021118
18,17,0.6171042919158936
18,18,0.6517484784126282
18,19,0.619337260723114
19,0,0.6327744722366333
19,1,0.640328586101532
19,2,0.6355395317077637
19,3,0.5777498483657837
19,4,0.6162254810333252
19,5,0.5875558853149414
19,6,0.592136800289154
19,7,0.6337904930114746
19,8,0.6015852689743042
19,9,0.5914197564125061
19,10,0.6265125870704651
19,11,0.5680986642837524
19,12,0.5924570560455322
19,13,0.5716598033905029
19,14,0.6265040636062622
19,15,0.6112414002418518
19,16,0.6705855131149292
19,17,0.5896100401878357
19,18,0.6039916276931763
19,19,0.6019650101661682