y_true: [-0.65018821  0.53281015  0.49665552 -0.1984587   0.30947819 -0.24304697
 -0.03290847 -0.09715477 -0.1452079   0.87052011  0.374596   -0.11506206
 -0.32727876  0.2752631   0.21259516  0.17342159 -0.34828225  0.06260063
 -0.0344236   0.13040362  0.9176057  -0.62353426 -0.6736809   0.9054938
  0.20312536  0.21343169  0.1654294  -0.84784466 -0.28151184 -0.26691633
 -0.19216131 -0.53667438 -0.11245651  0.38323104 -0.12755869 -0.35350382
  0.33923489 -0.74991912  0.44715691 -0.39361614  0.03660766  0.36901128
  0.51410341 -0.34599361 -0.8176707   0.59257859  0.11401354  0.83219773
 -0.7777136  -0.78979379 -0.12351869 -0.01369487  0.13337448 -0.00933307
  0.42925584 -0.42058    -0.60312909  0.55884045 -0.13076673  0.22588012
  0.01613788  0.10222853  0.37742126 -0.65572703 -0.26911494  0.10164671
 -0.1739611   0.42433637 -0.29183999  0.21348637  0.49122152  0.15828159
 -0.85824412 -0.45555675  0.21682617 -0.29688942 -0.31875274 -0.68433672
  0.27176446 -0.15195391 -0.60094184  0.36716241  0.01092578 -0.04855493
  1.          0.05589242 -0.09750014  0.06800747 -0.32690504  0.3710416
  0.37066382 -0.24479263 -0.23817019 -1.         -0.73131692 -0.76803148
 -0.35190848 -0.11656986 -0.3688519   0.19657342]
y_pred: [-0.27617225  0.31085885  0.3856048  -0.18756299  0.47636306 -0.28268728
  0.13578418 -0.28228173 -0.16277476  0.50851679 -0.01421958  0.10661183
 -0.44110373  0.17420498  0.45269933  0.24331012 -0.4389261  -0.01290935
  0.17595622 -0.13204387  0.35664999 -0.53418589 -0.52002585  0.49658009
  0.26838648  0.21734254 -0.0064365  -0.63620669 -0.2377595  -0.35463911
 -0.19902936 -0.48275247 -0.23752268  0.56910241 -0.30513915 -0.40383345
  0.43159986 -0.60154301  0.1926741  -0.44641531  0.20693773  0.53726804
  0.57048059 -0.32386652 -0.3203491   0.48967355 -0.18422873  0.57232541
 -0.62249029 -0.57634532 -0.11618608  0.11422848  0.23537651 -0.10903922
  0.52086455 -0.516671   -0.59904802  0.46712208 -0.03492419  0.27446207
  0.12474915  0.17147216  0.27969769 -0.58112746 -0.16335355  0.15632372
 -0.39874202  0.40540013 -0.30886585  0.31601715  0.53937775  0.24309658
 -0.55685157 -0.54722923  0.17755857 -0.40147832 -0.39226899 -0.57558507
  0.43788648 -0.2616165  -0.58326125  0.30487722  0.09894087 -0.05074995
  0.53925169  0.30937028  0.2421221  -0.03485608 -0.33380219  0.30990693
  0.412682   -0.38047418  0.07684039 -0.57219261 -0.58560389 -0.61887622
 -0.30372679 -0.05248375 -0.4458169   0.21917413]
num_samples: 100
mae: 0.1390982604911551
mse: 0.03307207719902306
rmse: 0.18185729899848138
r-squared: 0.8303324791248322
adj r-squared: 0.8231885835090357
