y_true: [-0.65018821  0.53281015  0.49665552 -0.1984587   0.30947819 -0.24304697
 -0.03290847 -0.09715477 -0.1452079   0.87052011  0.374596   -0.11506206
 -0.32727876  0.2752631   0.21259516  0.17342159 -0.34828225  0.06260063
 -0.0344236   0.13040362  0.9176057  -0.62353426 -0.6736809   0.9054938
  0.20312536  0.21343169  0.1654294  -0.84784466 -0.28151184 -0.26691633
 -0.19216131 -0.53667438 -0.11245651  0.38323104 -0.12755869 -0.35350382
  0.33923489 -0.74991912  0.44715691 -0.39361614  0.03660766  0.36901128
  0.51410341 -0.34599361 -0.8176707   0.59257859  0.11401354  0.83219773
 -0.7777136  -0.78979379 -0.12351869 -0.01369487  0.13337448 -0.00933307
  0.42925584 -0.42058    -0.60312909  0.55884045 -0.13076673  0.22588012
  0.01613788  0.10222853  0.37742126 -0.65572703 -0.26911494  0.10164671
 -0.1739611   0.42433637 -0.29183999  0.21348637  0.49122152  0.15828159
 -0.85824412 -0.45555675  0.21682617 -0.29688942 -0.31875274 -0.68433672
  0.27176446 -0.15195391 -0.60094184  0.36716241  0.01092578 -0.04855493
  1.          0.05589242 -0.09750014  0.06800747 -0.32690504  0.3710416
  0.37066382 -0.24479263 -0.23817019 -1.         -0.73131692 -0.76803148
 -0.35190848 -0.11656986 -0.3688519   0.19657342]
y_pred: [-0.35539362  0.31810004  0.31818822 -0.1981702   0.39824325 -0.29606804
  0.12135371 -0.39359677 -0.2114086   0.46013936 -0.06489912  0.14129145
 -0.42980814  0.15930091  0.4934302   0.39146197 -0.45175922 -0.09989066
  0.14450668 -0.02019959  0.25644529 -0.56205201 -0.51201713  0.50344515
  0.20317644  0.10592481 -0.10396373 -0.60291761 -0.2197274  -0.40418655
 -0.10148887 -0.44569024 -0.25537118  0.49462372 -0.34598175 -0.42684758
  0.49873239 -0.56151462  0.11811769 -0.46821573  0.07579497  0.42107657
  0.4911758  -0.15392058 -0.35071635  0.43182182 -0.19826487  0.49491164
 -0.56298983 -0.44395959 -0.1739039   0.15035716  0.06018699 -0.14054869
  0.34033704 -0.5210703  -0.62441945  0.4967652  -0.0780149   0.20861995
  0.01698819  0.09355317  0.18284416 -0.58199447 -0.18566361  0.34871805
 -0.48514205  0.34630236 -0.10110058  0.25887045  0.42329255  0.22436111
 -0.58001488 -0.50566131  0.18118782 -0.35359392 -0.41596609 -0.59493595
  0.36543187 -0.29226139 -0.55215049  0.13297254  0.13937107 -0.12408393
  0.37822741  0.22384846  0.05886887  0.03163444 -0.30280313  0.16921619
  0.29581982 -0.44317594  0.058482   -0.59261996 -0.53621668 -0.62130052
 -0.1970851  -0.00888098 -0.45136791  0.12839763]
num_samples: 100
mae: 0.15894941826350986
mse: 0.04132584032096138
rmse: 0.20328758034115457
r-squared: 0.7879887364453876
adj r-squared: 0.7790619464009829
best_epoch: 15
