y_true: [-0.65018821  0.53281015  0.49665552 -0.1984587   0.30947819 -0.24304697
 -0.03290847 -0.09715477 -0.1452079   0.87052011  0.374596   -0.11506206
 -0.32727876  0.2752631   0.21259516  0.17342159 -0.34828225  0.06260063
 -0.0344236   0.13040362  0.9176057  -0.62353426 -0.6736809   0.9054938
  0.20312536  0.21343169  0.1654294  -0.84784466 -0.28151184 -0.26691633
 -0.19216131 -0.53667438 -0.11245651  0.38323104 -0.12755869 -0.35350382
  0.33923489 -0.74991912  0.44715691 -0.39361614  0.03660766  0.36901128
  0.51410341 -0.34599361 -0.8176707   0.59257859  0.11401354  0.83219773
 -0.7777136  -0.78979379 -0.12351869 -0.01369487  0.13337448 -0.00933307
  0.42925584 -0.42058    -0.60312909  0.55884045 -0.13076673  0.22588012
  0.01613788  0.10222853  0.37742126 -0.65572703 -0.26911494  0.10164671
 -0.1739611   0.42433637 -0.29183999  0.21348637  0.49122152  0.15828159
 -0.85824412 -0.45555675  0.21682617 -0.29688942 -0.31875274 -0.68433672
  0.27176446 -0.15195391 -0.60094184  0.36716241  0.01092578 -0.04855493
  1.          0.05589242 -0.09750014  0.06800747 -0.32690504  0.3710416
  0.37066382 -0.24479263 -0.23817019 -1.         -0.73131692 -0.76803148
 -0.35190848 -0.11656986 -0.3688519   0.19657342]
y_pred: [0.23828125 0.48242188 0.49316406 0.16992188 0.26074219 0.15722656
 0.23730469 0.328125   0.31933594 0.46777344 0.48046875 0.14941406
 0.27050781 0.54101562 0.15625    0.21582031 0.20898438 0.23828125
 0.20019531 0.32714844 0.52636719 0.171875   0.15429688 0.19824219
 0.265625   0.4375     0.38574219 0.1875     0.20410156 0.19824219
 0.37304688 0.24707031 0.24609375 0.2265625  0.29199219 0.20214844
 0.18457031 0.20898438 0.26660156 0.16601562 0.25976562 0.37402344
 0.25390625 0.30761719 0.28710938 0.28808594 0.42285156 0.35546875
 0.19335938 0.43164062 0.29394531 0.20019531 0.3515625  0.22167969
 0.34960938 0.2734375  0.22167969 0.18261719 0.22460938 0.31445312
 0.26464844 0.35546875 0.22363281 0.19335938 0.20703125 0.1875
 0.33691406 0.32421875 0.24511719 0.20703125 0.31054688 0.17382812
 0.16601562 0.1875     0.28125    0.15136719 0.32421875 0.16601562
 0.49414062 0.40039062 0.18359375 0.17773438 0.21972656 0.23242188
 0.24414062 0.30273438 0.18652344 0.27441406 0.16699219 0.23144531
 0.50097656 0.23144531 0.53808594 0.14746094 0.25585938 0.16210938
 0.25683594 0.24023438 0.16015625 0.3515625 ]
num_samples: 100
mae: 0.4230878517217934
mse: 0.26963898312430185
rmse: 0.5192677374190523
r-squared: -0.3833112907511267
adj r-squared: -0.4415559766774897
