y_true: [-0.27079302  0.0314596  -0.24475779 -0.33439046 -0.54749435 -0.36215019
 -0.59760857  0.567581   -0.41339725 -0.76870453 -0.13897198  0.362317
 -0.04601016 -0.60187769 -0.47038746 -0.57148504  0.04315306  0.00371694
 -0.23411669 -0.04688296  0.02478985 -0.73951358  0.29082549 -0.2335614
 -0.71634096 -0.67021996  0.01114647  0.20699455  0.17926787  0.37541875
 -0.0095522  -0.45048049  0.56988609  0.12043587 -0.90454811 -0.02399085
  0.4563233  -0.9405508  -0.49176502 -0.63810027 -0.52872151 -0.49979213
 -0.04193095 -0.12381945  0.06306481  0.3647415   0.10814625 -0.02837755
 -0.32563058 -0.17429189 -0.5751183  -0.22767118 -0.41901684 -0.03810739
  0.19795781 -0.39096567  0.27365428 -0.06943613  0.08796959  0.51963568
 -0.8030321  -0.2437817   0.50738358  0.38700655 -0.07172345  0.10957605
  0.57900435  0.47627172  0.23556054 -0.10572622 -0.58156937 -0.33561954
 -0.0367484   0.49354813 -0.74966329 -0.44773164  0.24200381 -0.14814551
 -0.16037636 -0.64304286 -0.96035725 -0.11172664 -0.41793519 -0.21205878
 -0.25137115  0.64758968 -0.4478865   0.13108763 -0.69575471  1.
 -1.          0.56349117 -0.26835641 -0.67995799 -0.16091205  0.25421804
  0.18703671 -0.44836652  0.41016442  0.43227604]
y_pred: [-0.34133643  0.05233405 -0.34423131 -0.28733853 -0.56094825 -0.42291403
 -0.56539482  0.40432352 -0.48706466 -0.66048616 -0.15707755  0.4462215
 -0.04430532 -0.59525996 -0.55381602 -0.55931175  0.07376032  0.04100376
 -0.29858968 -0.0429605   0.10267908 -0.62784588  0.30500099 -0.26742107
 -0.61081874 -0.60738099  0.04917324  0.28197154  0.3021104   0.42802876
  0.0036061  -0.46421611  0.5350377   0.17682575 -0.68752128 -0.0372514
  0.51094961 -0.67949688 -0.54569829 -0.56773251 -0.5603984  -0.4733358
 -0.0072321  -0.15974386  0.12407947  0.41228238  0.15206893  0.0013146
 -0.42261425 -0.22741303 -0.5565393  -0.26964122 -0.48540017 -0.0403036
  0.23437695 -0.45429033  0.3044199  -0.0631868   0.13614245  0.49310189
 -0.66094041 -0.34198216  0.44347924  0.40644664 -0.06881835  0.2057555
  0.58161134  0.4503803   0.2633203  -0.03865318 -0.6019094  -0.36474979
 -0.03620226  0.52670139 -0.64509207 -0.50093085  0.2711024  -0.17778789
 -0.16777013 -0.63507432 -0.69884014 -0.13262859 -0.48254108 -0.24402831
 -0.33362269  0.56343985 -0.46353304  0.1609726  -0.63053852  0.63966376
 -0.69692647  0.48213604 -0.38096943 -0.64449531 -0.146449    0.27085763
  0.2092218  -0.49529731  0.48107529  0.3929657 ]
num_samples: 100
mae: 0.05936697736033238
mse: 0.00731989741538789
rmse: 0.08555639903238033
r-squared: 0.9592599165227086
adj r-squared: 0.9575445445868226
