y_true: [-0.09306899 -0.27258253  0.16008958 -0.21116664  0.43398401 -0.47863573
  0.13426128  0.4431476   0.03394356 -0.66466618 -0.90634233 -0.45854884
  0.14801385 -0.60822886 -0.3242591  -0.41356704  0.07069704 -0.14115196
  0.10566022 -0.31720424  0.31918573  0.12998202  0.18358937 -0.52108032
  0.14270498 -0.47245744  1.         -0.2601712   0.28752375 -0.50259739
 -0.25498039 -0.44466028 -0.36699945 -0.20722339  0.19620712  0.28771925
  0.10925925  0.18319859  0.14105712  0.08759619 -0.5333789  -0.27776584
  0.35615945  0.71544284  0.10306858 -0.28524476  0.41363949 -0.27164999
 -0.78121418 -0.14312677 -0.13701206  0.28922158 -0.16102125  0.03250793
 -0.17595549 -0.22449546 -0.36383826 -0.44776741 -0.5605303  -0.36122587
 -0.92949069 -0.2962257  -0.30238786  0.31293711 -0.5221343  -0.51151502
 -0.04999832 -0.57095283 -0.15971498 -0.41722029 -0.30357891  0.41096601
 -0.89337683 -0.11942037  0.07071843 -0.6897741  -0.21217309 -0.16200756
 -0.24971506 -0.62025106  0.52128953 -0.12497903 -1.         -0.48076969
  0.53718424  0.1669915   0.20092726 -0.25984648 -0.06745447 -0.49520519
 -0.58735007  0.4650262  -0.58803445 -0.02626549  0.4374218  -0.15792395
 -0.15446329  0.09326684 -0.38089329 -0.714634  ]
y_pred: [0.41601562 0.28320312 0.21484375 0.35351562 0.421875   0.33886719
 0.3125     0.40039062 0.31445312 0.20214844 0.34765625 0.34570312
 0.421875   0.26855469 0.34667969 0.32910156 0.28710938 0.39648438
 0.27636719 0.29785156 0.4921875  0.28320312 0.33789062 0.25097656
 0.34277344 0.41796875 0.56347656 0.21289062 0.49316406 0.26269531
 0.27929688 0.17089844 0.23535156 0.17578125 0.27734375 0.32714844
 0.46289062 0.32226562 0.37011719 0.25976562 0.27050781 0.27441406
 0.38574219 0.38867188 0.41601562 0.30761719 0.33496094 0.265625
 0.37792969 0.26269531 0.46484375 0.43066406 0.34765625 0.39550781
 0.23535156 0.33398438 0.24707031 0.28222656 0.35546875 0.3671875
 0.30175781 0.43847656 0.38574219 0.36914062 0.3515625  0.43457031
 0.34375    0.50585938 0.30664062 0.34179688 0.30859375 0.40429688
 0.39746094 0.36230469 0.17285156 0.38085938 0.33105469 0.30078125
 0.52441406 0.25976562 0.27050781 0.18359375 0.34667969 0.2734375
 0.37402344 0.32519531 0.27832031 0.17480469 0.27734375 0.18457031
 0.37304688 0.46191406 0.35058594 0.25488281 0.35644531 0.33300781
 0.28613281 0.31542969 0.17578125 0.38769531]
num_samples: 100
mae: 0.5083256433717906
mse: 0.3690642819221992
rmse: 0.6075066105995878
r-squared: -1.4992801586149644
adj r-squared: -1.7189970956360598
