y_true: [-0.09306899 -0.27258253  0.16008958 -0.21116664  0.43398401 -0.47863573
  0.13426128  0.4431476   0.03394356 -0.66466618 -0.90634233 -0.45854884
  0.14801385 -0.60822886 -0.3242591  -0.41356704  0.07069704 -0.14115196
  0.10566022 -0.31720424  0.31918573  0.12998202  0.18358937 -0.52108032
  0.14270498 -0.47245744  1.         -0.2601712   0.28752375 -0.50259739
 -0.25498039 -0.44466028 -0.36699945 -0.20722339  0.19620712  0.28771925
  0.10925925  0.18319859  0.14105712  0.08759619 -0.5333789  -0.27776584
  0.35615945  0.71544284  0.10306858 -0.28524476  0.41363949 -0.27164999
 -0.78121418 -0.14312677 -0.13701206  0.28922158 -0.16102125  0.03250793
 -0.17595549 -0.22449546 -0.36383826 -0.44776741 -0.5605303  -0.36122587
 -0.92949069 -0.2962257  -0.30238786  0.31293711 -0.5221343  -0.51151502
 -0.04999832 -0.57095283 -0.15971498 -0.41722029 -0.30357891  0.41096601
 -0.89337683 -0.11942037  0.07071843 -0.6897741  -0.21217309 -0.16200756
 -0.24971506 -0.62025106  0.52128953 -0.12497903 -1.         -0.48076969
  0.53718424  0.1669915   0.20092726 -0.25984648 -0.06745447 -0.49520519
 -0.58735007  0.4650262  -0.58803445 -0.02626549  0.4374218  -0.15792395
 -0.15446329  0.09326684 -0.38089329 -0.714634  ]
y_pred: [0.40722656 0.29394531 0.22851562 0.34570312 0.41210938 0.32421875
 0.39160156 0.3984375  0.33398438 0.22363281 0.36425781 0.36328125
 0.41894531 0.25097656 0.36035156 0.31152344 0.2890625  0.38769531
 0.32519531 0.29296875 0.49023438 0.29199219 0.34960938 0.21875
 0.32714844 0.484375   0.515625   0.23144531 0.51074219 0.29296875
 0.31542969 0.21777344 0.22851562 0.20703125 0.27734375 0.33203125
 0.47265625 0.34863281 0.37011719 0.29882812 0.27539062 0.25878906
 0.37109375 0.35253906 0.3828125  0.32910156 0.32421875 0.27441406
 0.35449219 0.25195312 0.46289062 0.44726562 0.31640625 0.41503906
 0.23632812 0.30761719 0.27050781 0.29003906 0.34277344 0.35351562
 0.31933594 0.46777344 0.35253906 0.40234375 0.37695312 0.39941406
 0.3515625  0.50585938 0.3046875  0.36914062 0.31738281 0.39160156
 0.41796875 0.38769531 0.18359375 0.38476562 0.32714844 0.30175781
 0.48535156 0.27441406 0.2890625  0.20800781 0.34667969 0.296875
 0.40332031 0.36914062 0.2734375  0.18457031 0.3046875  0.19042969
 0.36035156 0.49023438 0.32421875 0.27636719 0.3515625  0.33789062
 0.26855469 0.34179688 0.19335938 0.4375    ]
num_samples: 100
mae: 0.5160759006254375
mse: 0.3756108244801888
rmse: 0.6128709688671742
r-squared: -1.5436129340260538
adj r-squared: -1.7672272578964758
best_epoch: 23
