y_true: [-0.09306899 -0.27258253  0.16008958 -0.21116664  0.43398401 -0.47863573
  0.13426128  0.4431476   0.03394356 -0.66466618 -0.90634233 -0.45854884
  0.14801385 -0.60822886 -0.3242591  -0.41356704  0.07069704 -0.14115196
  0.10566022 -0.31720424  0.31918573  0.12998202  0.18358937 -0.52108032
  0.14270498 -0.47245744  1.         -0.2601712   0.28752375 -0.50259739
 -0.25498039 -0.44466028 -0.36699945 -0.20722339  0.19620712  0.28771925
  0.10925925  0.18319859  0.14105712  0.08759619 -0.5333789  -0.27776584
  0.35615945  0.71544284  0.10306858 -0.28524476  0.41363949 -0.27164999
 -0.78121418 -0.14312677 -0.13701206  0.28922158 -0.16102125  0.03250793
 -0.17595549 -0.22449546 -0.36383826 -0.44776741 -0.5605303  -0.36122587
 -0.92949069 -0.2962257  -0.30238786  0.31293711 -0.5221343  -0.51151502
 -0.04999832 -0.57095283 -0.15971498 -0.41722029 -0.30357891  0.41096601
 -0.89337683 -0.11942037  0.07071843 -0.6897741  -0.21217309 -0.16200756
 -0.24971506 -0.62025106  0.52128953 -0.12497903 -1.         -0.48076969
  0.53718424  0.1669915   0.20092726 -0.25984648 -0.06745447 -0.49520519
 -0.58735007  0.4650262  -0.58803445 -0.02626549  0.4374218  -0.15792395
 -0.15446329  0.09326684 -0.38089329 -0.714634  ]
y_pred: [ 2.51438409e-01 -1.22988991e-01 -1.38620242e-01  2.20302925e-01
  2.66450822e-01 -3.60075116e-01 -4.47753444e-02  2.73889184e-01
 -1.05136134e-01 -2.33208343e-01 -4.66365218e-01 -3.05642039e-01
  1.30810678e-01 -2.12216452e-01 -2.80802846e-01 -3.46932352e-01
 -1.07054606e-01 -2.12574024e-02 -1.73008531e-01  5.94880246e-02
  3.35656375e-01  2.45050155e-02 -2.12612301e-02 -3.73404443e-01
  6.59329966e-02 -3.74318093e-01  1.45645723e-01 -3.14754844e-02
  3.36038858e-01 -3.49444479e-01 -4.92498220e-04 -3.25093299e-01
 -3.02257031e-01 -2.14851573e-01 -1.95227042e-02  1.98343590e-01
 -2.03949988e-01 -4.59101563e-03  1.33958101e-01  2.03265190e-01
 -4.90981415e-02  7.18035996e-02  1.04031377e-01  1.04306377e-01
  2.81114668e-01  2.12495983e-01  5.11885434e-02 -1.44013047e-01
 -3.84981364e-01 -1.76748365e-01 -3.19906414e-01  1.20204009e-01
 -1.30947486e-01 -2.71797240e-01 -1.47273496e-01  1.54741943e-01
 -2.19417319e-01 -3.05495173e-01 -2.39239246e-01 -2.34179143e-02
 -4.40009087e-01 -3.43248516e-01 -2.66019225e-01 -4.36560996e-03
 -2.81341076e-01 -4.02810067e-01 -2.52079636e-01 -3.73716533e-01
 -1.82176083e-01  2.44859442e-01 -1.23732425e-01 -1.14433438e-01
 -4.56651777e-01  2.66319782e-01 -2.54710823e-01 -3.61202598e-01
 -1.32561907e-01 -3.31921667e-01 -1.71914354e-01 -3.26778293e-02
  1.31960288e-01 -1.09632701e-01 -5.21930277e-01 -4.08790767e-01
  1.54739544e-01  1.87589414e-02 -3.05671208e-02 -1.63605601e-01
 -3.45436096e-01 -1.13891400e-01 -1.72676042e-01 -1.52808338e-01
 -4.44005072e-01 -2.68327687e-02  2.51433641e-01  7.07432702e-02
 -2.73803681e-01 -2.01878697e-01 -3.16652507e-01 -4.23244953e-01]
num_samples: 100
mae: 0.2339510395337129
mse: 0.08363178668705246
rmse: 0.28919160894993556
r-squared: 0.4336507883996974
adj r-squared: 0.38386184672055
