y_true: [-0.09306899 -0.27258253  0.16008958 -0.21116664  0.43398401 -0.47863573
  0.13426128  0.4431476   0.03394356 -0.66466618 -0.90634233 -0.45854884
  0.14801385 -0.60822886 -0.3242591  -0.41356704  0.07069704 -0.14115196
  0.10566022 -0.31720424  0.31918573  0.12998202  0.18358937 -0.52108032
  0.14270498 -0.47245744  1.         -0.2601712   0.28752375 -0.50259739
 -0.25498039 -0.44466028 -0.36699945 -0.20722339  0.19620712  0.28771925
  0.10925925  0.18319859  0.14105712  0.08759619 -0.5333789  -0.27776584
  0.35615945  0.71544284  0.10306858 -0.28524476  0.41363949 -0.27164999
 -0.78121418 -0.14312677 -0.13701206  0.28922158 -0.16102125  0.03250793
 -0.17595549 -0.22449546 -0.36383826 -0.44776741 -0.5605303  -0.36122587
 -0.92949069 -0.2962257  -0.30238786  0.31293711 -0.5221343  -0.51151502
 -0.04999832 -0.57095283 -0.15971498 -0.41722029 -0.30357891  0.41096601
 -0.89337683 -0.11942037  0.07071843 -0.6897741  -0.21217309 -0.16200756
 -0.24971506 -0.62025106  0.52128953 -0.12497903 -1.         -0.48076969
  0.53718424  0.1669915   0.20092726 -0.25984648 -0.06745447 -0.49520519
 -0.58735007  0.4650262  -0.58803445 -0.02626549  0.4374218  -0.15792395
 -0.15446329  0.09326684 -0.38089329 -0.714634  ]
y_pred: [ 0.26003113 -0.06388744 -0.11830002  0.21949427  0.27094367 -0.39227232
 -0.08149092  0.2622757  -0.11100812 -0.27076301 -0.49840665 -0.30976495
  0.1617732  -0.22752368 -0.22981337 -0.34464875 -0.09039084 -0.0178097
 -0.19081357  0.03426398  0.33188483  0.00634511 -0.05418741 -0.35592189
 -0.0306505  -0.351686    0.13599801 -0.01138656  0.33377466 -0.32030866
  0.04491986 -0.31080094 -0.33203745 -0.17547153 -0.02950753  0.18607172
 -0.1822038  -0.02093345  0.15935485  0.15371603 -0.03383799  0.0374589
  0.15506391  0.07608315  0.28537056  0.17512013  0.04169593 -0.12671418
 -0.39099741 -0.18152873 -0.31267878  0.12945108 -0.09836076 -0.23619342
 -0.16176872  0.12277648 -0.22746238 -0.30618322 -0.25307184 -0.05285379
 -0.42753512 -0.3534109  -0.27792943  0.00254617 -0.26866037 -0.4278512
 -0.22058144 -0.35193488 -0.18379232  0.25247738 -0.14374343 -0.09516957
 -0.48567101  0.26639706 -0.30151644 -0.38907903 -0.17103992 -0.28484157
 -0.11852592 -0.07519252  0.15258013 -0.09002592 -0.51062477 -0.36612126
  0.15447605  0.01345044 -0.02933088 -0.18916501 -0.33838406 -0.08092646
 -0.13621099 -0.07926048 -0.42579937 -0.01831577  0.26360378  0.04706323
 -0.2629869  -0.16137573 -0.27547562 -0.40869796]
num_samples: 100
mae: 0.23386817686725409
mse: 0.08197960705790347
rmse: 0.28632081142994736
r-squared: 0.4448392451750143
adj r-squared: 0.3960339040914991
best_epoch: 29
