y_true: [-0.09306899 -0.27258253  0.16008958 -0.21116664  0.43398401 -0.47863573
  0.13426128  0.4431476   0.03394356 -0.66466618 -0.90634233 -0.45854884
  0.14801385 -0.60822886 -0.3242591  -0.41356704  0.07069704 -0.14115196
  0.10566022 -0.31720424  0.31918573  0.12998202  0.18358937 -0.52108032
  0.14270498 -0.47245744  1.         -0.2601712   0.28752375 -0.50259739
 -0.25498039 -0.44466028 -0.36699945 -0.20722339  0.19620712  0.28771925
  0.10925925  0.18319859  0.14105712  0.08759619 -0.5333789  -0.27776584
  0.35615945  0.71544284  0.10306858 -0.28524476  0.41363949 -0.27164999
 -0.78121418 -0.14312677 -0.13701206  0.28922158 -0.16102125  0.03250793
 -0.17595549 -0.22449546 -0.36383826 -0.44776741 -0.5605303  -0.36122587
 -0.92949069 -0.2962257  -0.30238786  0.31293711 -0.5221343  -0.51151502
 -0.04999832 -0.57095283 -0.15971498 -0.41722029 -0.30357891  0.41096601
 -0.89337683 -0.11942037  0.07071843 -0.6897741  -0.21217309 -0.16200756
 -0.24971506 -0.62025106  0.52128953 -0.12497903 -1.         -0.48076969
  0.53718424  0.1669915   0.20092726 -0.25984648 -0.06745447 -0.49520519
 -0.58735007  0.4650262  -0.58803445 -0.02626549  0.4374218  -0.15792395
 -0.15446329  0.09326684 -0.38089329 -0.714634  ]
y_pred: [0.39746094 0.35644531 0.15429688 0.27539062 0.296875   0.25292969
 0.22167969 0.34277344 0.22265625 0.36328125 0.29003906 0.24902344
 0.43945312 0.20800781 0.23828125 0.32226562 0.26171875 0.29296875
 0.30273438 0.27148438 0.390625   0.27636719 0.2734375  0.22753906
 0.22851562 0.23925781 0.60546875 0.25878906 0.44921875 0.21679688
 0.25976562 0.18945312 0.18554688 0.31640625 0.37890625 0.29589844
 0.29492188 0.28808594 0.23535156 0.20703125 0.2265625  0.28613281
 0.3359375  0.39160156 0.359375   0.35546875 0.4921875  0.171875
 0.32910156 0.16503906 0.37207031 0.34765625 0.38769531 0.27832031
 0.15625    0.25488281 0.21289062 0.32519531 0.38574219 0.30566406
 0.35253906 0.28222656 0.34765625 0.3984375  0.36425781 0.3515625
 0.31445312 0.28027344 0.29980469 0.34472656 0.33203125 0.41894531
 0.26855469 0.41894531 0.3046875  0.36816406 0.27050781 0.47167969
 0.35449219 0.25976562 0.52441406 0.34472656 0.32617188 0.22949219
 0.41210938 0.37695312 0.37207031 0.30078125 0.35644531 0.328125
 0.23828125 0.34765625 0.33300781 0.39941406 0.38964844 0.2265625
 0.49316406 0.38476562 0.29882812 0.30273438]
num_samples: 100
mae: 0.49017022354528306
mse: 0.34557888513374363
rmse: 0.5878595794352114
r-squared: -1.3402385252580955
adj r-squared: -1.54597378022584
best_epoch: 19
