y_true: [-0.65018821  0.53281015  0.49665552 -0.1984587   0.30947819 -0.24304697
 -0.03290847 -0.09715477 -0.1452079   0.87052011  0.374596   -0.11506206
 -0.32727876  0.2752631   0.21259516  0.17342159 -0.34828225  0.06260063
 -0.0344236   0.13040362  0.9176057  -0.62353426 -0.6736809   0.9054938
  0.20312536  0.21343169  0.1654294  -0.84784466 -0.28151184 -0.26691633
 -0.19216131 -0.53667438 -0.11245651  0.38323104 -0.12755869 -0.35350382
  0.33923489 -0.74991912  0.44715691 -0.39361614  0.03660766  0.36901128
  0.51410341 -0.34599361 -0.8176707   0.59257859  0.11401354  0.83219773
 -0.7777136  -0.78979379 -0.12351869 -0.01369487  0.13337448 -0.00933307
  0.42925584 -0.42058    -0.60312909  0.55884045 -0.13076673  0.22588012
  0.01613788  0.10222853  0.37742126 -0.65572703 -0.26911494  0.10164671
 -0.1739611   0.42433637 -0.29183999  0.21348637  0.49122152  0.15828159
 -0.85824412 -0.45555675  0.21682617 -0.29688942 -0.31875274 -0.68433672
  0.27176446 -0.15195391 -0.60094184  0.36716241  0.01092578 -0.04855493
  1.          0.05589242 -0.09750014  0.06800747 -0.32690504  0.3710416
  0.37066382 -0.24479263 -0.23817019 -1.         -0.73131692 -0.76803148
 -0.35190848 -0.11656986 -0.3688519   0.19657342]
y_pred: [-0.40313798  0.34046501  0.25688016 -0.22004697  0.24572976 -0.38125041
 -0.17345724 -0.03399314 -0.39695391  0.4624778   0.17113052 -0.02970251
 -0.44696608  0.08633854  0.41274112  0.32968861 -0.45427939 -0.01305781
 -0.05497303  0.26026791  0.54393947 -0.64087689 -0.5916177   0.62324613
  0.13126867  0.36947995  0.23251891 -0.68136346 -0.43134767 -0.47900647
 -0.31953588 -0.32139307 -0.2981995   0.30197355 -0.18170106 -0.38756555
  0.46587664 -0.60656065  0.489519   -0.53830612 -0.12052023  0.03905531
  0.38398898 -0.34703594 -0.48864731  0.64024335  0.02569327  0.50929672
 -0.69171607 -0.39540038 -0.16834831  0.03588788  0.09749151 -0.07240991
  0.40169415 -0.33646467 -0.55074954  0.51659811 -0.22453569  0.17716461
 -0.03662114  0.21924011  0.40648726 -0.62758023 -0.26734924  0.17791973
 -0.29351884  0.39917371 -0.4484013   0.27822387  0.50419241  0.1956052
 -0.61772996 -0.42069528  0.25064164 -0.47327629 -0.36215177 -0.663284
 -0.52742893 -0.27812144 -0.64006853  0.25544292  0.16686828 -0.24144335
  0.58431762  0.14699379 -0.18054257 -0.23506382 -0.30988896  0.41093433
  0.16336443 -0.42407554 -0.15059151 -0.64778358 -0.50923556 -0.66156399
 -0.10021359  0.09296484 -0.41603217  0.38174346]
num_samples: 100
mae: 0.13709175462834536
mse: 0.03307981513499283
rmse: 0.1818785725009761
r-squared: 0.8302927816965522
adj r-squared: 0.8231472146100912
