y_true: [-0.65018821  0.53281015  0.49665552 -0.1984587   0.30947819 -0.24304697
 -0.03290847 -0.09715477 -0.1452079   0.87052011  0.374596   -0.11506206
 -0.32727876  0.2752631   0.21259516  0.17342159 -0.34828225  0.06260063
 -0.0344236   0.13040362  0.9176057  -0.62353426 -0.6736809   0.9054938
  0.20312536  0.21343169  0.1654294  -0.84784466 -0.28151184 -0.26691633
 -0.19216131 -0.53667438 -0.11245651  0.38323104 -0.12755869 -0.35350382
  0.33923489 -0.74991912  0.44715691 -0.39361614  0.03660766  0.36901128
  0.51410341 -0.34599361 -0.8176707   0.59257859  0.11401354  0.83219773
 -0.7777136  -0.78979379 -0.12351869 -0.01369487  0.13337448 -0.00933307
  0.42925584 -0.42058    -0.60312909  0.55884045 -0.13076673  0.22588012
  0.01613788  0.10222853  0.37742126 -0.65572703 -0.26911494  0.10164671
 -0.1739611   0.42433637 -0.29183999  0.21348637  0.49122152  0.15828159
 -0.85824412 -0.45555675  0.21682617 -0.29688942 -0.31875274 -0.68433672
  0.27176446 -0.15195391 -0.60094184  0.36716241  0.01092578 -0.04855493
  1.          0.05589242 -0.09750014  0.06800747 -0.32690504  0.3710416
  0.37066382 -0.24479263 -0.23817019 -1.         -0.73131692 -0.76803148
 -0.35190848 -0.11656986 -0.3688519   0.19657342]
y_pred: [-0.39840245  0.30468339  0.26531637 -0.18863755  0.29163051 -0.34231174
 -0.09981672 -0.04434912 -0.43655691  0.55343682  0.12039112  0.04902658
 -0.42617691  0.23482132  0.3877739   0.36904272 -0.47134143  0.01223288
 -0.06064964  0.22439277  0.54451525 -0.60623825 -0.5823139   0.62414986
  0.25247008  0.33424658  0.33729699 -0.6822024  -0.36174572 -0.45460364
 -0.32311374 -0.31443346 -0.28869188  0.36737525 -0.18360093 -0.35362232
  0.47851068 -0.61768466  0.58343053 -0.47013354 -0.03648295  0.00605197
  0.44993708 -0.33613959 -0.45970008  0.58539224  0.12936702  0.56745821
 -0.67780906 -0.32066229 -0.07861763  0.123022   -0.02109331 -0.07251393
  0.36444584 -0.34318173 -0.54982352  0.52394104 -0.20810312  0.15008755
 -0.03610618  0.16608284  0.42631203 -0.56961244 -0.16198437  0.18570232
 -0.34896994  0.39820948 -0.3372305   0.24294971  0.55152762  0.18256299
 -0.62024724 -0.37408459  0.28838339 -0.48323491 -0.39528537 -0.63491964
 -0.52612948 -0.27223837 -0.61672378  0.36720461  0.24023707 -0.11309909
  0.61630803  0.15956424 -0.00867754 -0.11652561 -0.35485581  0.4330163
  0.14421609 -0.36767358 -0.18283042 -0.6509921  -0.47003677 -0.66034365
  0.09763247  0.14270015 -0.37950629  0.46553755]
num_samples: 100
mae: 0.13615771770942955
mse: 0.034309702429067813
rmse: 0.1852287840187583
r-squared: 0.8239831711182443
adj r-squared: 0.8165719362179598
best_epoch: 28
