epoch,batch,train_batch_loss
0,0,0.17849016189575195
0,1,0.11351938545703888
0,2,0.21436429023742676
0,3,0.14222095906734467
0,4,0.1790788769721985
0,5,0.24063082039356232
0,6,0.18338808417320251
0,7,0.1371166855096817
0,8,0.2376672327518463
0,9,0.298805832862854
1,0,0.21498796343803406
1,1,0.0944274514913559
1,2,0.17774143815040588
1,3,0.21660427749156952
1,4,0.2378540337085724
1,5,0.05384926125407219
1,6,0.2971472144126892
1,7,0.14491528272628784
1,8,0.27509838342666626
1,9,0.25729504227638245
2,0,0.1926099807024002
2,1,0.19636376202106476
2,2,0.17339372634887695
2,3,0.24019482731819153
2,4,0.2453303039073944
2,5,0.19717100262641907
2,6,0.11843694746494293
2,7,0.21747426688671112
2,8,0.18793551623821259
2,9,0.11959250271320343
3,0,0.12824416160583496
3,1,0.22865207493305206
3,2,0.1588110327720642
3,3,0.3340238928794861
3,4,0.27664613723754883
3,5,0.074089914560318
3,6,0.11696108430624008
3,7,0.0938195213675499
3,8,0.10428033769130707
3,9,0.2398209273815155
4,0,0.1273798644542694
4,1,0.16286544501781464
4,2,0.13020870089530945
4,3,0.24640099704265594
4,4,0.24737966060638428
4,5,0.21939659118652344
4,6,0.18208178877830505
4,7,0.18033094704151154
4,8,0.14238038659095764
4,9,0.06772689521312714
5,0,0.062282584607601166
5,1,0.2946569323539734
5,2,0.0801730751991272
5,3,0.22047939896583557
5,4,0.2172248661518097
5,5,0.046385303139686584
5,6,0.17200875282287598
5,7,0.1676034778356552
5,8,0.16909852623939514
5,9,0.16739115118980408
6,0,0.12468546628952026
6,1,0.23041470348834991
6,2,0.11381685733795166
6,3,0.10632485151290894
6,4,0.14051453769207
6,5,0.08075980842113495
6,6,0.16328683495521545
6,7,0.1444343626499176
6,8,0.18877145648002625
6,9,0.22332683205604553
7,0,0.21952369809150696
7,1,0.2123839408159256
7,2,0.042985737323760986
7,3,0.11677916347980499
7,4,0.07136239111423492
7,5,0.10399166494607925
7,6,0.1463688760995865
7,7,0.20641598105430603
7,8,0.17944031953811646
7,9,0.08261168003082275
8,0,0.11292652040719986
8,1,0.11158943176269531
8,2,0.09713727980852127
8,3,0.10574056208133698
8,4,0.2559751868247986
8,5,0.026437601074576378
8,6,0.04216311126947403
8,7,0.16837278008460999
8,8,0.20067815482616425
8,9,0.1509498953819275
9,0,0.19635477662086487
9,1,0.1324487030506134
9,2,0.13702644407749176
9,3,0.05039731785655022
9,4,0.15808424353599548
9,5,0.1806192845106125
9,6,0.09699086844921112
9,7,0.10257060825824738
9,8,0.03782554343342781
9,9,0.10448366403579712
10,0,0.08402740210294724
10,1,0.25930002331733704
10,2,0.15417155623435974
10,3,0.08364072442054749
10,4,0.1225190982222557
10,5,0.07521487772464752
10,6,0.15843501687049866
10,7,0.032998330891132355
10,8,0.034257400780916214
10,9,0.037481509149074554
11,0,0.15342505276203156
11,1,0.07919228076934814
11,2,0.03517318516969681
11,3,0.05612402409315109
11,4,0.10752654075622559
11,5,0.12411967664957047
11,6,0.11029668152332306
11,7,0.07945704460144043
11,8,0.12529905140399933
11,9,0.0913500040769577
12,0,0.10620413720607758
12,1,0.1485743224620819
12,2,0.10867013782262802
12,3,0.05995289236307144
12,4,0.030041798949241638
12,5,0.10455136001110077
12,6,0.11342976987361908
12,7,0.10731542110443115
12,8,0.044115595519542694
12,9,0.07788994908332825
13,0,0.07674260437488556
13,1,0.1301708072423935
13,2,0.08923614025115967
13,3,0.15813960134983063
13,4,0.03239321708679199
13,5,0.07674255222082138
13,6,0.06971320509910583
13,7,0.04464928060770035
13,8,0.09164820611476898
13,9,0.03990676626563072
14,0,0.09874097257852554
14,1,0.0517403781414032
14,2,0.0322633720934391
14,3,0.11269410699605942
14,4,0.02397529035806656
14,5,0.16006657481193542
14,6,0.08094976842403412
14,7,0.053226374089717865
14,8,0.07894910871982574
14,9,0.05960138514637947
15,0,0.062302470207214355
15,1,0.032998912036418915
15,2,0.12646803259849548
15,3,0.10661844909191132
15,4,0.08285216242074966
15,5,0.05893963575363159
15,6,0.012410781346261501
15,7,0.06060640886425972
15,8,0.08061563223600388
15,9,0.05713760852813721
16,0,0.11120881140232086
16,1,0.06174132227897644
16,2,0.08480114489793777
16,3,0.0342198871076107
16,4,0.03525365889072418
16,5,0.036789409816265106
16,6,0.06478921324014664
16,7,0.04444151371717453
16,8,0.04771451652050018
16,9,0.08409704267978668
17,0,0.05992104858160019
17,1,0.013331128284335136
17,2,0.067936010658741
17,3,0.06146695464849472
17,4,0.07574082911014557
17,5,0.056574560701847076
17,6,0.028449976816773415
17,7,0.07689772546291351
17,8,0.05515030026435852
17,9,0.047893960028886795
18,0,0.06313055008649826
18,1,0.08127901703119278
18,2,0.06148303300142288
18,3,0.05236781761050224
18,4,0.056587446480989456
18,5,0.03334071487188339
18,6,0.042721938341856
18,7,0.05175291746854782
18,8,0.0444980263710022
18,9,0.03242664784193039
19,0,0.036117132753133774
19,1,0.04435453563928604
19,2,0.04541836306452751
19,3,0.10520833730697632
19,4,0.022662248462438583
19,5,0.04261177033185959
19,6,0.04536815732717514
19,7,0.044376518577337265
19,8,0.05666501075029373
19,9,0.05982007831335068
20,0,0.05331189185380936
20,1,0.02430766448378563
20,2,0.04273665323853493
20,3,0.04915777966380119
20,4,0.04690819978713989
20,5,0.04256763309240341
20,6,0.018716271966695786
20,7,0.04827043041586876
20,8,0.03216797113418579
20,9,0.09834478795528412
21,0,0.04894658178091049
21,1,0.030400916934013367
21,2,0.0681963860988617
21,3,0.02376902848482132
21,4,0.10004397481679916
21,5,0.0323018953204155
21,6,0.04119935631752014
21,7,0.024033073335886
21,8,0.030986133962869644
21,9,0.06491655856370926
22,0,0.041168212890625
22,1,0.10512081533670425
22,2,0.06446675956249237
22,3,0.04104401916265488
22,4,0.06294028460979462
22,5,0.06002826616168022
22,6,0.025305483490228653
22,7,0.015997599810361862
22,8,0.027411360293626785
22,9,0.022275259718298912
23,0,0.03734683245420456
23,1,0.04583178833127022
23,2,0.026711052283644676
23,3,0.027882123365998268
23,4,0.10498344898223877
23,5,0.06594683229923248
23,6,0.05424834042787552
23,7,0.024893764406442642
23,8,0.008172895759344101
23,9,0.06668709218502045
24,0,0.10249730199575424
24,1,0.02509031817317009
24,2,0.032889947295188904
24,3,0.039620574563741684
24,4,0.029844537377357483
24,5,0.037780147045850754
24,6,0.041415490210056305
24,7,0.028883617371320724
24,8,0.034020472317934036
24,9,0.04397817328572273
25,0,0.03705042228102684
25,1,0.049609776586294174
25,2,0.030040467157959938
25,3,0.04472203552722931
25,4,0.03276180848479271
25,5,0.09261654317378998
25,6,0.029312942177057266
25,7,0.01664031483232975
25,8,0.037213120609521866
25,9,0.0318063460290432
26,0,0.0865359753370285
26,1,0.011252613738179207
26,2,0.01965905912220478
26,3,0.028981178998947144
26,4,0.027606386691331863
26,5,0.03575393185019493
26,6,0.05644361302256584
26,7,0.05804246664047241
26,8,0.04024970903992653
26,9,0.005570312030613422
27,0,0.028340771794319153
27,1,0.030246693640947342
27,2,0.03856733813881874
27,3,0.03519253805279732
27,4,0.06645213067531586
27,5,0.05110648274421692
27,6,0.022952597588300705
27,7,0.02750483714044094
27,8,0.03858804702758789
27,9,0.03729687258601189
28,0,0.009297588840126991
28,1,0.05597052723169327
28,2,0.08418243378400803
28,3,0.025707002729177475
28,4,0.05496818572282791
28,5,0.027044087648391724
28,6,0.04373861476778984
28,7,0.03459228202700615
28,8,0.02944386564195156
28,9,0.01551034115254879
29,0,0.0883864313364029
29,1,0.0586913600564003
29,2,0.016827089712023735
29,3,0.017193634063005447
29,4,0.02245325967669487
29,5,0.035829462110996246
29,6,0.03038385510444641
29,7,0.03380002826452255
29,8,0.02500300109386444
29,9,0.03148854151368141