y_true: [-0.65018821  0.53281015  0.49665552 -0.1984587   0.30947819 -0.24304697
 -0.03290847 -0.09715477 -0.1452079   0.87052011  0.374596   -0.11506206
 -0.32727876  0.2752631   0.21259516  0.17342159 -0.34828225  0.06260063
 -0.0344236   0.13040362  0.9176057  -0.62353426 -0.6736809   0.9054938
  0.20312536  0.21343169  0.1654294  -0.84784466 -0.28151184 -0.26691633
 -0.19216131 -0.53667438 -0.11245651  0.38323104 -0.12755869 -0.35350382
  0.33923489 -0.74991912  0.44715691 -0.39361614  0.03660766  0.36901128
  0.51410341 -0.34599361 -0.8176707   0.59257859  0.11401354  0.83219773
 -0.7777136  -0.78979379 -0.12351869 -0.01369487  0.13337448 -0.00933307
  0.42925584 -0.42058    -0.60312909  0.55884045 -0.13076673  0.22588012
  0.01613788  0.10222853  0.37742126 -0.65572703 -0.26911494  0.10164671
 -0.1739611   0.42433637 -0.29183999  0.21348637  0.49122152  0.15828159
 -0.85824412 -0.45555675  0.21682617 -0.29688942 -0.31875274 -0.68433672
  0.27176446 -0.15195391 -0.60094184  0.36716241  0.01092578 -0.04855493
  1.          0.05589242 -0.09750014  0.06800747 -0.32690504  0.3710416
  0.37066382 -0.24479263 -0.23817019 -1.         -0.73131692 -0.76803148
 -0.35190848 -0.11656986 -0.3688519   0.19657342]
y_pred: [0.1484375  0.40136719 0.38964844 0.14746094 0.28710938 0.13183594
 0.1796875  0.26464844 0.20703125 0.44042969 0.31347656 0.16210938
 0.1796875  0.3828125  0.36132812 0.34472656 0.10351562 0.29785156
 0.16113281 0.36035156 0.45019531 0.04492188 0.07324219 0.51757812
 0.24121094 0.39941406 0.33789062 0.09472656 0.08203125 0.12207031
 0.16796875 0.08886719 0.15136719 0.38574219 0.20800781 0.09082031
 0.4140625  0.05859375 0.42382812 0.08105469 0.17382812 0.31738281
 0.42285156 0.14550781 0.21679688 0.37402344 0.33984375 0.49902344
 0.09667969 0.13183594 0.18945312 0.23242188 0.20410156 0.18652344
 0.31933594 0.13085938 0.125      0.43652344 0.12597656 0.28320312
 0.18457031 0.31542969 0.37695312 0.05175781 0.13867188 0.28710938
 0.25878906 0.30078125 0.10449219 0.24316406 0.36621094 0.21582031
 0.12597656 0.07226562 0.27832031 0.06738281 0.2578125  0.07324219
 0.32519531 0.25097656 0.07128906 0.34765625 0.23144531 0.13867188
 0.37988281 0.27539062 0.19042969 0.21875    0.09863281 0.296875
 0.32910156 0.15234375 0.36523438 0.17285156 0.16796875 0.09570312
 0.16113281 0.19921875 0.07519531 0.35058594]
num_samples: 100
mae: 0.3518749806471169
mse: 0.19766778113481134
rmse: 0.44459844931669673
r-squared: -0.014082126750399437
adj r-squared: -0.05678032156094237
best_epoch: 18
