y_true: [-0.65018821  0.53281015  0.49665552 -0.1984587   0.30947819 -0.24304697
 -0.03290847 -0.09715477 -0.1452079   0.87052011  0.374596   -0.11506206
 -0.32727876  0.2752631   0.21259516  0.17342159 -0.34828225  0.06260063
 -0.0344236   0.13040362  0.9176057  -0.62353426 -0.6736809   0.9054938
  0.20312536  0.21343169  0.1654294  -0.84784466 -0.28151184 -0.26691633
 -0.19216131 -0.53667438 -0.11245651  0.38323104 -0.12755869 -0.35350382
  0.33923489 -0.74991912  0.44715691 -0.39361614  0.03660766  0.36901128
  0.51410341 -0.34599361 -0.8176707   0.59257859  0.11401354  0.83219773
 -0.7777136  -0.78979379 -0.12351869 -0.01369487  0.13337448 -0.00933307
  0.42925584 -0.42058    -0.60312909  0.55884045 -0.13076673  0.22588012
  0.01613788  0.10222853  0.37742126 -0.65572703 -0.26911494  0.10164671
 -0.1739611   0.42433637 -0.29183999  0.21348637  0.49122152  0.15828159
 -0.85824412 -0.45555675  0.21682617 -0.29688942 -0.31875274 -0.68433672
  0.27176446 -0.15195391 -0.60094184  0.36716241  0.01092578 -0.04855493
  1.          0.05589242 -0.09750014  0.06800747 -0.32690504  0.3710416
  0.37066382 -0.24479263 -0.23817019 -1.         -0.73131692 -0.76803148
 -0.35190848 -0.11656986 -0.3688519   0.19657342]
y_pred: [0.16992188 0.44140625 0.42675781 0.15820312 0.31542969 0.11816406
 0.26074219 0.21289062 0.21386719 0.46582031 0.29003906 0.19433594
 0.15722656 0.39257812 0.38183594 0.34960938 0.1015625  0.3203125
 0.21484375 0.36914062 0.42773438 0.04296875 0.05273438 0.52929688
 0.27539062 0.35449219 0.27441406 0.07226562 0.11132812 0.10351562
 0.18652344 0.0703125  0.20605469 0.39355469 0.16796875 0.06933594
 0.37402344 0.04101562 0.40527344 0.07714844 0.19433594 0.359375
 0.421875   0.15429688 0.16796875 0.39453125 0.3671875  0.4765625
 0.07226562 0.09667969 0.17285156 0.22167969 0.25       0.16015625
 0.32324219 0.09667969 0.09472656 0.45507812 0.15820312 0.33007812
 0.20996094 0.28515625 0.38378906 0.03710938 0.17382812 0.32617188
 0.234375   0.34570312 0.12304688 0.28027344 0.37597656 0.24707031
 0.07519531 0.05664062 0.29492188 0.09375    0.21972656 0.05761719
 0.36523438 0.20605469 0.0625     0.32714844 0.20800781 0.18554688
 0.38476562 0.29394531 0.1796875  0.27441406 0.08984375 0.32617188
 0.35449219 0.16699219 0.30371094 0.14746094 0.15332031 0.05859375
 0.12109375 0.19238281 0.07714844 0.30078125]
num_samples: 100
mae: 0.3482639447040856
mse: 0.19004448889326025
rmse: 0.43594092362757164
r-squared: 0.02502715228723784
adj r-squared: -0.016024336037509856
