epoch,batch,train_batch_loss
0,0,0.9099329113960266
0,1,0.6525007486343384
0,2,0.4814603924751282
0,3,0.7174491882324219
0,4,0.4640370309352875
0,5,1.0465654134750366
0,6,0.5251399278640747
0,7,0.4453202188014984
0,8,0.8324134945869446
0,9,0.7204266786575317
1,0,0.41365474462509155
1,1,0.6036535501480103
1,2,1.562013030052185
1,3,0.4830140471458435
1,4,0.7422748804092407
1,5,0.5300220847129822
1,6,0.6191064715385437
1,7,0.43482446670532227
1,8,0.515907883644104
1,9,0.49398642778396606
2,0,0.48130249977111816
2,1,0.5334195494651794
2,2,0.37279677391052246
2,3,0.6008758544921875
2,4,0.7363623380661011
2,5,0.5906119346618652
2,6,0.6381696462631226
2,7,0.35619470477104187
2,8,0.5906322002410889
2,9,1.0161514282226562
3,0,0.15976616740226746
3,1,0.6720293760299683
3,2,0.8064069747924805
3,3,0.5535776615142822
3,4,0.46387022733688354
3,5,0.6764874458312988
3,6,0.23356325924396515
3,7,0.48225268721580505
3,8,0.32520759105682373
3,9,0.9690389633178711
4,0,0.6447302103042603
4,1,0.6496531367301941
4,2,0.4350365698337555
4,3,0.15414582192897797
4,4,0.7795659899711609
4,5,0.2747856378555298
4,6,0.40412911772727966
4,7,0.588090717792511
4,8,0.323969304561615
4,9,0.5077274441719055
5,0,0.36805275082588196
5,1,0.807681679725647
5,2,0.4764384329319
5,3,0.6059446930885315
5,4,0.39436477422714233
5,5,0.18366000056266785
5,6,0.7622541189193726
5,7,0.42785707116127014
5,8,0.15657657384872437
5,9,0.09664406627416611
6,0,0.281229704618454
6,1,0.337500661611557
6,2,0.20845434069633484
6,3,0.5195949077606201
6,4,0.35405999422073364
6,5,0.626990795135498
6,6,0.08025453984737396
6,7,0.24643640220165253
6,8,0.3858199715614319
6,9,0.6826992034912109
7,0,0.30906710028648376
7,1,0.5902804136276245
7,2,0.16086603701114655
7,3,0.2184489667415619
7,4,0.5255991220474243
7,5,0.4104958176612854
7,6,0.42265114188194275
7,7,0.19808810949325562
7,8,0.3149276375770569
7,9,0.19621016085147858
8,0,0.17061538994312286
8,1,0.22840097546577454
8,2,0.4189135432243347
8,3,0.7420235872268677
8,4,0.334052711725235
8,5,0.3687158226966858
8,6,0.12326399236917496
8,7,0.21963830292224884
8,8,0.14595192670822144
8,9,0.2652415633201599
9,0,0.5877851247787476
9,1,0.38409075140953064
9,2,0.2601888179779053
9,3,0.19383689761161804
9,4,0.3222929835319519
9,5,0.18807324767112732
9,6,0.07122993469238281
9,7,0.2155696153640747
9,8,0.17978426814079285
9,9,0.36180251836776733
10,0,0.2637906074523926
10,1,0.21466036140918732
10,2,0.3357221484184265
10,3,0.3506997525691986
10,4,0.1342448890209198
10,5,0.3052925765514374
10,6,0.37133336067199707
10,7,0.295600950717926
10,8,0.1666562855243683
10,9,0.08628091216087341
11,0,0.31103503704071045
11,1,0.26590150594711304
11,2,0.11062002182006836
11,3,0.18703551590442657
11,4,0.19187729060649872
11,5,0.28259649872779846
11,6,0.1712622195482254
11,7,0.3842315375804901
11,8,0.3773117959499359
11,9,0.09860674291849136
12,0,0.24467304348945618
12,1,0.3328365683555603
12,2,0.3877432942390442
12,3,0.22979895770549774
12,4,0.08130429685115814
12,5,0.2049572914838791
12,6,0.18771526217460632
12,7,0.21317753195762634
12,8,0.2958493232727051
12,9,0.09899432957172394
13,0,0.25966131687164307
13,1,0.1019337922334671
13,2,0.4063531756401062
13,3,0.38773342967033386
13,4,0.3208434581756592
13,5,0.208822101354599
13,6,0.07250959426164627
13,7,0.23216605186462402
13,8,0.07918676733970642
13,9,0.11293236166238785
14,0,0.06632696092128754
14,1,0.19272322952747345
14,2,0.24801453948020935
14,3,0.14955678582191467
14,4,0.20299096405506134
14,5,0.125692218542099
14,6,0.49445995688438416
14,7,0.30118316411972046
14,8,0.14926907420158386
14,9,0.18017113208770752
15,0,0.3187406361103058
15,1,0.21460671722888947
15,2,0.15759094059467316
15,3,0.21741214394569397
15,4,0.22757987678050995
15,5,0.2408267706632614
15,6,0.2859247326850891
15,7,0.06119215488433838
15,8,0.11936353147029877
15,9,0.23705029487609863
16,0,0.25411805510520935
16,1,0.3190510869026184
16,2,0.16920830309391022
16,3,0.3594313859939575
16,4,0.21407286822795868
16,5,0.09813765436410904
16,6,0.22717174887657166
16,7,0.10190187394618988
16,8,0.18365034461021423
16,9,0.1071598157286644
17,0,0.05412869527935982
17,1,0.2521776556968689
17,2,0.2829662561416626
17,3,0.18919411301612854
17,4,0.24484212696552277
17,5,0.19513139128684998
17,6,0.3348025977611542
17,7,0.2239062488079071
17,8,0.13916483521461487
17,9,0.07890202850103378
18,0,0.1643759310245514
18,1,0.08063772320747375
18,2,0.22205683588981628
18,3,0.3504101634025574
18,4,0.26493534445762634
18,5,0.13193470239639282
18,6,0.14315377175807953
18,7,0.16739530861377716
18,8,0.20617279410362244
18,9,0.2448149472475052
19,0,0.31099411845207214
19,1,0.21089759469032288
19,2,0.0981186032295227
19,3,0.4279294013977051
19,4,0.1602141112089157
19,5,0.22522616386413574
19,6,0.09103595465421677
19,7,0.15263521671295166
19,8,0.13839900493621826
19,9,0.1697988510131836
20,0,0.2178671807050705
20,1,0.2667348086833954
20,2,0.15821239352226257
20,3,0.14197634160518646
20,4,0.3965713381767273
20,5,0.06707661598920822
20,6,0.3345071077346802
20,7,0.21412983536720276
20,8,0.08130161464214325
20,9,0.08520223200321198
21,0,0.37351712584495544
21,1,0.30137795209884644
21,2,0.11581947654485703
21,3,0.1862206757068634
21,4,0.1398046612739563
21,5,0.2195117473602295
21,6,0.2085147649049759
21,7,0.10850701481103897
21,8,0.04702627286314964
21,9,0.24080464243888855
22,0,0.3068123161792755
22,1,0.1488836109638214
22,2,0.20726926624774933
22,3,0.13161364197731018
22,4,0.17280283570289612
22,5,0.1957569122314453
22,6,0.2263726443052292
22,7,0.03511742502450943
22,8,0.3532923460006714
22,9,0.14162611961364746
23,0,0.1315746009349823
23,1,0.34235820174217224
23,2,0.12041632831096649
23,3,0.2299221009016037
23,4,0.2646401524543762
23,5,0.09112903475761414
23,6,0.32425355911254883
23,7,0.08865165710449219
23,8,0.1720888316631317
23,9,0.15922968089580536
24,0,0.23959307372570038
24,1,0.16326722502708435
24,2,0.20394548773765564
24,3,0.19869588315486908
24,4,0.16211453080177307
24,5,0.2629142701625824
24,6,0.17647534608840942
24,7,0.058138079941272736
24,8,0.11768420785665512
24,9,0.321543425321579
25,0,0.29821664094924927
25,1,0.3727577328681946
25,2,0.13349327445030212
25,3,0.19660668075084686
25,4,0.22444435954093933
25,5,0.22421327233314514
25,6,0.09690138697624207
25,7,0.08061434328556061
25,8,0.19109737873077393
25,9,0.10250868648290634
26,0,0.08038152009248734
26,1,0.2821895182132721
26,2,0.244493767619133
26,3,0.2042934149503708
26,4,0.22472843527793884
26,5,0.17055444419384003
26,6,0.10238148272037506
26,7,0.12926799058914185
26,8,0.2680853009223938
26,9,0.18655146658420563
27,0,0.15507662296295166
27,1,0.29020482301712036
27,2,0.13945966958999634
27,3,0.25084468722343445
27,4,0.09800650179386139
27,5,0.11865405738353729
27,6,0.17921726405620575
27,7,0.33084622025489807
27,8,0.2093551605939865
27,9,0.12469837814569473
28,0,0.11640797555446625
28,1,0.2234058380126953
28,2,0.20504064857959747
28,3,0.09747344255447388
28,4,0.2165965735912323
28,5,0.0991157591342926
28,6,0.2764776349067688
28,7,0.22265776991844177
28,8,0.17478783428668976
28,9,0.2590489089488983
29,0,0.33168837428092957
29,1,0.21906068921089172
29,2,0.13548532128334045
29,3,0.08927468210458755
29,4,0.19367167353630066
29,5,0.18764381110668182
29,6,0.1898563802242279
29,7,0.1297977864742279
29,8,0.24396923184394836
29,9,0.17903999984264374