y_true: [-0.65018821  0.53281015  0.49665552 -0.1984587   0.30947819 -0.24304697
 -0.03290847 -0.09715477 -0.1452079   0.87052011  0.374596   -0.11506206
 -0.32727876  0.2752631   0.21259516  0.17342159 -0.34828225  0.06260063
 -0.0344236   0.13040362  0.9176057  -0.62353426 -0.6736809   0.9054938
  0.20312536  0.21343169  0.1654294  -0.84784466 -0.28151184 -0.26691633
 -0.19216131 -0.53667438 -0.11245651  0.38323104 -0.12755869 -0.35350382
  0.33923489 -0.74991912  0.44715691 -0.39361614  0.03660766  0.36901128
  0.51410341 -0.34599361 -0.8176707   0.59257859  0.11401354  0.83219773
 -0.7777136  -0.78979379 -0.12351869 -0.01369487  0.13337448 -0.00933307
  0.42925584 -0.42058    -0.60312909  0.55884045 -0.13076673  0.22588012
  0.01613788  0.10222853  0.37742126 -0.65572703 -0.26911494  0.10164671
 -0.1739611   0.42433637 -0.29183999  0.21348637  0.49122152  0.15828159
 -0.85824412 -0.45555675  0.21682617 -0.29688942 -0.31875274 -0.68433672
  0.27176446 -0.15195391 -0.60094184  0.36716241  0.01092578 -0.04855493
  1.          0.05589242 -0.09750014  0.06800747 -0.32690504  0.3710416
  0.37066382 -0.24479263 -0.23817019 -1.         -0.73131692 -0.76803148
 -0.35190848 -0.11656986 -0.3688519   0.19657342]
y_pred: [-0.4544147   0.34743091  0.38729081 -0.12366045  0.30445582 -0.3951973
  0.07808063 -0.09133187 -0.28241625  0.545959    0.29355955  0.04309983
 -0.28965759  0.4094764   0.51221722  0.25421366 -0.35947219  0.06851742
  0.04754202  0.05150189  0.61503023 -0.6685046  -0.61430901  0.73876554
  0.27977961  0.05424346  0.02726763 -0.69642234 -0.2494594  -0.27697128
  0.00745834 -0.489261   -0.09008013  0.38851842 -0.06840108 -0.3215867
  0.36678866 -0.61962515  0.36390713 -0.38564998  0.0605124   0.39600268
  0.41982266 -0.16725002 -0.4475897   0.6067915   0.1335969   0.61865711
 -0.66990703 -0.53224331 -0.12769091 -0.08227801  0.32894963 -0.08332861
  0.44349462 -0.39606741 -0.50408155  0.61630166 -0.10586248  0.27757227
  0.08666289  0.01614457  0.45629236 -0.64150059 -0.23310548  0.41105714
 -0.06521549  0.46551022 -0.33757877  0.18919078  0.52009994  0.19386232
 -0.63408518 -0.50077349  0.1253477  -0.42635652 -0.21438119 -0.64628595
  0.0624794  -0.25851783 -0.49064988  0.32901475  0.03576383  0.00957874
  0.69147098  0.04863924 -0.0311172   0.0682985  -0.31981087  0.51403022
  0.36764073 -0.08699884 -0.1646371  -0.58498716 -0.6697858  -0.59611523
 -0.34005892 -0.24039203 -0.36724493  0.08404773]
num_samples: 100
mae: 0.0967208075011149
mse: 0.01731233614568902
rmse: 0.13157635101221277
r-squared: 0.9111836508871181
adj r-squared: 0.9074440151349967
best_epoch: 28
