y_true: [-0.65018821  0.53281015  0.49665552 -0.1984587   0.30947819 -0.24304697
 -0.03290847 -0.09715477 -0.1452079   0.87052011  0.374596   -0.11506206
 -0.32727876  0.2752631   0.21259516  0.17342159 -0.34828225  0.06260063
 -0.0344236   0.13040362  0.9176057  -0.62353426 -0.6736809   0.9054938
  0.20312536  0.21343169  0.1654294  -0.84784466 -0.28151184 -0.26691633
 -0.19216131 -0.53667438 -0.11245651  0.38323104 -0.12755869 -0.35350382
  0.33923489 -0.74991912  0.44715691 -0.39361614  0.03660766  0.36901128
  0.51410341 -0.34599361 -0.8176707   0.59257859  0.11401354  0.83219773
 -0.7777136  -0.78979379 -0.12351869 -0.01369487  0.13337448 -0.00933307
  0.42925584 -0.42058    -0.60312909  0.55884045 -0.13076673  0.22588012
  0.01613788  0.10222853  0.37742126 -0.65572703 -0.26911494  0.10164671
 -0.1739611   0.42433637 -0.29183999  0.21348637  0.49122152  0.15828159
 -0.85824412 -0.45555675  0.21682617 -0.29688942 -0.31875274 -0.68433672
  0.27176446 -0.15195391 -0.60094184  0.36716241  0.01092578 -0.04855493
  1.          0.05589242 -0.09750014  0.06800747 -0.32690504  0.3710416
  0.37066382 -0.24479263 -0.23817019 -1.         -0.73131692 -0.76803148
 -0.35190848 -0.11656986 -0.3688519   0.19657342]
y_pred: [-0.49349627  0.27565113  0.30180237 -0.23793863  0.26393226 -0.33287674
  0.00417221 -0.164913   -0.26955608  0.59478724  0.3711094  -0.02259636
 -0.30468765  0.49172476  0.53702301  0.29787475 -0.43484622  0.00277539
 -0.07501186  0.19050635  0.63845104 -0.64495331 -0.55711615  0.76584685
  0.2925458   0.05482633  0.11477503 -0.67379075 -0.27355304 -0.27729607
  0.09185489 -0.50491458  0.0059317   0.43386567 -0.02402001 -0.39416891
  0.48044014 -0.66714889  0.3821829  -0.4506323   0.13442165  0.36351028
  0.4648774  -0.21728186 -0.41426319  0.56123859  0.23667969  0.62100035
 -0.62949371 -0.52859771 -0.13682804  0.03527289  0.31781071  0.03935922
  0.48253214 -0.44311035 -0.45482922  0.63397044 -0.04495679  0.31133002
  0.11711746  0.12135761  0.45045927 -0.61530983 -0.2556825   0.45586395
  0.05059273  0.49912187 -0.2610524   0.27195621  0.48968849  0.23137285
 -0.66058797 -0.44591194  0.1460449  -0.3361015  -0.26261306 -0.66995245
  0.06321878 -0.31084475 -0.51203865  0.31931612  0.08511999 -0.08403217
  0.6575501   0.03209231 -0.1037848   0.1595753  -0.29912835  0.43571177
  0.40494826 -0.24669355 -0.12223125 -0.58963263 -0.55837685 -0.6162461
 -0.27980804 -0.13725287 -0.38253516 -0.01582571]
num_samples: 100
mae: 0.10396196595625952
mse: 0.019419065261628263
rmse: 0.13935230626591102
r-squared: 0.900375635892901
adj r-squared: 0.8961809258252337
