epoch,batch,train_batch_loss
0,0,0.6913977861404419
0,1,0.6608140468597412
0,2,0.7825440168380737
0,3,0.7096627354621887
0,4,0.7042385339736938
0,5,0.6795972585678101
0,6,0.7206323146820068
0,7,0.6810604333877563
0,8,0.6702054142951965
0,9,0.7056885957717896
0,10,0.7050685286521912
0,11,0.7009522318840027
0,12,0.6939831376075745
0,13,0.693374514579773
0,14,0.697031557559967
0,15,0.6866573095321655
0,16,0.6992778778076172
0,17,0.6768600344657898
0,18,0.7017571926116943
0,19,0.6797269582748413
1,0,0.6702366471290588
1,1,0.6430362462997437
1,2,0.7552858591079712
1,3,0.7143396735191345
1,4,0.6594117879867554
1,5,0.7250722646713257
1,6,0.6499244570732117
1,7,0.7141729593276978
1,8,0.6686962842941284
1,9,0.7345932126045227
1,10,0.71014803647995
1,11,0.7221025824546814
1,12,0.6668477654457092
1,13,0.7053560614585876
1,14,0.6805815100669861
1,15,0.6884148120880127
1,16,0.6859627962112427
1,17,0.6874435544013977
1,18,0.6941837072372437
1,19,0.6871829032897949
2,0,0.6852134466171265
2,1,0.6837611794471741
2,2,0.6669759750366211
2,3,0.6810899972915649
2,4,0.6715000867843628
2,5,0.6757542490959167
2,6,0.6959003806114197
2,7,0.6883803606033325
2,8,0.7318319082260132
2,9,0.7289611101150513
2,10,0.6827837228775024
2,11,0.6750385761260986
2,12,0.6857292652130127
2,13,0.6732811331748962
2,14,0.6784862279891968
2,15,0.6669068336486816
2,16,0.6852298974990845
2,17,0.6888118982315063
2,18,0.6724238395690918
2,19,0.6717768311500549
3,0,0.6638866662979126
3,1,0.6767561435699463
3,2,0.6422666311264038
3,3,0.6640878319740295
3,4,0.6697776317596436
3,5,0.660082221031189
3,6,0.6720711588859558
3,7,0.6527412533760071
3,8,0.6442199349403381
3,9,0.6534405946731567
3,10,0.6438657641410828
3,11,0.6801158785820007
3,12,0.6703635454177856
3,13,0.6453627943992615
3,14,0.627752423286438
3,15,0.6487665772438049
3,16,0.6257327795028687
3,17,0.654072642326355
3,18,0.6051347851753235
3,19,0.6661187410354614
4,0,0.598050057888031
4,1,0.6959951519966125
4,2,0.6069897413253784
4,3,0.6956361532211304
4,4,0.5470559597015381
4,5,0.6347812414169312
4,6,0.5895731449127197
4,7,0.6061609983444214
4,8,0.5598803758621216
4,9,0.5595910549163818
4,10,0.656892716884613
4,11,0.6007223725318909
4,12,0.6232249140739441
4,13,0.58834308385849
4,14,0.6146849393844604
4,15,0.5163624882698059
4,16,0.5465657711029053
4,17,0.5551157593727112
4,18,0.5573030710220337
4,19,0.5843117237091064
5,0,0.5020905137062073
5,1,0.6994217038154602
5,2,0.4925711154937744
5,3,0.7012723684310913
5,4,0.5206483602523804
5,5,0.5383437275886536
5,6,0.6262222528457642
5,7,0.4525968134403229
5,8,0.4468567967414856
5,9,0.5124672651290894
5,10,0.445944607257843
5,11,0.467312753200531
5,12,0.5572234392166138
5,13,0.5729962587356567
5,14,0.5097588300704956
5,15,0.42980045080184937
5,16,0.5371913313865662
5,17,0.45537686347961426
5,18,0.3550867438316345
5,19,0.45586615800857544
6,0,0.47634825110435486
6,1,0.4719475209712982
6,2,0.5241869688034058
6,3,0.7368994355201721
6,4,0.3677002191543579
6,5,0.40041112899780273
6,6,0.3437259793281555
6,7,0.4276728630065918
6,8,0.46200188994407654
6,9,0.7419584393501282
6,10,0.5509768128395081
6,11,0.43884915113449097
6,12,0.43281370401382446
6,13,0.5212361216545105
6,14,0.3239941895008087
6,15,0.33281978964805603
6,16,0.401132732629776
6,17,0.44533586502075195
6,18,0.5491185188293457
6,19,0.7072566747665405
7,0,0.2640954852104187
7,1,0.6479958295822144
7,2,0.3626815676689148
7,3,0.4608139991760254
7,4,0.3980497419834137
7,5,0.626380980014801
7,6,0.480069637298584
7,7,0.40171724557876587
7,8,0.316339373588562
7,9,0.28603577613830566
7,10,0.20066992938518524
7,11,0.31760209798812866
7,12,0.3589874505996704
7,13,0.46299394965171814
7,14,0.5325172543525696
7,15,0.40390825271606445
7,16,0.3567986786365509
7,17,0.49359187483787537
7,18,0.3836680054664612
7,19,0.30571919679641724
8,0,0.33679816126823425
8,1,0.5438778400421143
8,2,0.39948660135269165
8,3,0.2056201994419098
8,4,0.25353139638900757
8,5,0.4251945912837982
8,6,0.5799350142478943
8,7,0.7641146779060364
8,8,0.2596452832221985
8,9,0.2949112057685852
8,10,0.28403276205062866
8,11,0.7164301872253418
8,12,0.363283634185791
8,13,0.19927115738391876
8,14,0.356365829706192
8,15,0.26364022493362427
8,16,0.5211461782455444
8,17,0.2477441281080246
8,18,0.23116758465766907
8,19,0.2610292434692383
9,0,0.32575723528862
9,1,0.3460307717323303
9,2,0.5143564939498901
9,3,0.548972487449646
9,4,0.34175342321395874
9,5,0.3626772463321686
9,6,0.264088898897171
9,7,0.6037517189979553
9,8,0.33676719665527344
9,9,0.4059801995754242
9,10,0.2350929081439972
9,11,0.35872331261634827
9,12,0.38190656900405884
9,13,0.1718028485774994
9,14,0.613296627998352
9,15,0.25545206665992737
9,16,0.5092021226882935
9,17,0.33685749769210815
9,18,0.29228439927101135
9,19,0.14111287891864777
10,0,0.6810548305511475
10,1,0.355721652507782
10,2,0.3935508131980896
10,3,0.2338556945323944
10,4,0.21470937132835388
10,5,0.41808605194091797
10,6,0.1638948619365692
10,7,0.18377546966075897
10,8,0.39483875036239624
10,9,0.20940208435058594
10,10,0.27650976181030273
10,11,0.2930664122104645
10,12,0.358898401260376
10,13,0.6084388494491577
10,14,0.1698070615530014
10,15,0.38039326667785645
10,16,0.24879400432109833
10,17,0.5308161973953247
10,18,0.3128097653388977
10,19,0.483510822057724
11,0,0.1572524458169937
11,1,0.2690213918685913
11,2,0.41171693801879883
11,3,0.17611655592918396
11,4,0.24095673859119415
11,5,0.2614873945713043
11,6,0.584343433380127
11,7,0.5378339290618896
11,8,0.3394901156425476
11,9,0.674081027507782
11,10,0.3224110007286072
11,11,0.49066123366355896
11,12,0.19905368983745575
11,13,0.35178643465042114
11,14,0.2663218080997467
11,15,0.2835625410079956
11,16,0.10132013261318207
11,17,0.22539512813091278
11,18,0.9011905789375305
11,19,0.5026010274887085
12,0,0.4079628884792328
12,1,0.12197878211736679
12,2,0.3506608009338379
12,3,0.19341470301151276
12,4,0.32039493322372437
12,5,0.2666318416595459
12,6,0.444305419921875
12,7,0.4419567584991455
12,8,0.3054570257663727
12,9,0.5466050505638123
12,10,0.24170200526714325
12,11,0.7496440410614014
12,12,0.09308217465877533
12,13,0.2721203565597534
12,14,0.8693603277206421
12,15,0.2314607799053192
12,16,0.11248370260000229
12,17,0.35251182317733765
12,18,0.1823471337556839
12,19,0.3372977375984192
13,0,0.11136959493160248
13,1,0.36921820044517517
13,2,0.3832099437713623
13,3,0.25053486227989197
13,4,0.449038028717041
13,5,0.16668783128261566
13,6,0.13596567511558533
13,7,0.4100759029388428
13,8,0.25760728120803833
13,9,0.13478906452655792
13,10,0.22497129440307617
13,11,0.17260996997356415
13,12,0.6189995408058167
13,13,0.33481377363204956
13,14,0.5197882056236267
13,15,0.3654930591583252
13,16,0.3544045388698578
13,17,0.5597038865089417
13,18,0.2478535920381546
13,19,0.6513764262199402
14,0,0.3076232969760895
14,1,0.30191802978515625
14,2,0.45898836851119995
14,3,0.0783894807100296
14,4,1.2414195537567139
14,5,0.22963500022888184
14,6,0.10845087468624115
14,7,0.21054670214653015
14,8,0.32145628333091736
14,9,0.5309067964553833
14,10,0.7602444887161255
14,11,0.4819470942020416
14,12,0.2088526040315628
14,13,0.1186012253165245
14,14,0.39364954829216003
14,15,0.3812781274318695
14,16,0.23537573218345642
14,17,0.28094545006752014
14,18,0.22031188011169434
14,19,0.31420058012008667
15,0,0.40990394353866577
15,1,0.1684018224477768
15,2,0.16626788675785065
15,3,0.4494561553001404
15,4,0.2766488194465637
15,5,0.15897008776664734
15,6,0.08940474689006805
15,7,0.17201830446720123
15,8,0.31800854206085205
15,9,0.3669981360435486
15,10,0.17670637369155884
15,11,0.8517546653747559
15,12,0.21115104854106903
15,13,0.1490873396396637
15,14,0.5524997115135193
15,15,0.38696298003196716
15,16,0.43148380517959595
15,17,0.5006598830223083
15,18,0.28649744391441345
15,19,0.3649711310863495
16,0,0.2999219298362732
16,1,0.31452539563179016
16,2,0.30986955761909485
16,3,0.43343406915664673
16,4,0.1941925585269928
16,5,0.11950357258319855
16,6,0.7175824046134949
16,7,0.993942141532898
16,8,0.49113011360168457
16,9,0.43428510427474976
16,10,0.14174741506576538
16,11,0.488349586725235
16,12,0.2867449223995209
16,13,0.37721750140190125
16,14,0.08017368614673615
16,15,0.18717744946479797
16,16,0.42275911569595337
16,17,0.25800400972366333
16,18,0.5141736268997192
16,19,0.22340050339698792
17,0,0.6181988716125488
17,1,0.9436179995536804
17,2,0.7051193714141846
17,3,0.37891653180122375
17,4,0.15270714461803436
17,5,0.6408490538597107
17,6,0.31716030836105347
17,7,0.3564256727695465
17,8,0.17280200123786926
17,9,0.33218926191329956
17,10,0.5833232402801514
17,11,0.3595629334449768
17,12,0.4528017044067383
17,13,0.14455412328243256
17,14,0.357200562953949
17,15,0.09464302659034729
17,16,0.13881497085094452
17,17,0.26456373929977417
17,18,0.15006427466869354
17,19,0.18995405733585358
18,0,0.21544456481933594
18,1,0.324229896068573
18,2,0.6411703824996948
18,3,0.938481330871582
18,4,0.24927444756031036
18,5,0.48808544874191284
18,6,0.281331330537796
18,7,0.26096487045288086
18,8,0.1056542843580246
18,9,0.3409929871559143
18,10,0.156842440366745
18,11,0.3039376139640808
18,12,0.35308000445365906
18,13,0.2543494999408722
18,14,0.23835787177085876
18,15,0.5448854565620422
18,16,0.5026713609695435
18,17,0.2102419137954712
18,18,0.2346467226743698
18,19,0.31787192821502686
19,0,0.3448571562767029
19,1,0.5669697523117065
19,2,0.40993109345436096
19,3,0.33031320571899414
19,4,0.4660770893096924
19,5,0.3361157774925232
19,6,0.38992148637771606
19,7,0.5258284211158752
19,8,0.20556196570396423
19,9,0.23657414317131042
19,10,0.4214387536048889
19,11,0.07364822924137115
19,12,0.07815732806921005
19,13,0.06326337158679962
19,14,0.5975650548934937
19,15,0.1811383068561554
19,16,0.8324652910232544
19,17,0.15162426233291626
19,18,0.46748557686805725
19,19,0.28542760014533997