y_true: [-0.17187756  0.23739474  0.05214312  0.03272184 -0.03127975  0.54075539
 -0.51780546  0.49302694 -0.0562344   0.19216624 -0.35577402 -0.88265258
 -0.25487226 -0.93134081 -0.52722806  0.316971    0.3325434  -0.25386405
 -0.04683136 -0.20571823 -0.37102532  0.02165594 -0.28266513 -0.3478339
  0.17005242 -0.05530716 -0.48771933 -0.77421987 -0.26969931  0.38518256
  0.42286041  0.33139315  0.21020304  0.48351195  0.33925742 -0.15428315
  0.05069892 -0.19886112  0.02379217 -0.45230359  0.0524573  -0.2092216
  0.19495517  0.06992246  0.08009232 -0.02744388 -0.15985195  0.03340589
 -0.64731479 -0.08591453 -0.25703293  0.13559173  0.1982841   0.09776589
 -0.73632991 -0.32043144 -0.35900256 -0.19721739  0.38416538  0.02187891
  0.02320733  0.44300112 -0.3187263   0.47608879 -0.15224274 -0.14135581
 -0.06650849 -0.29512709 -0.11005259 -0.02427793 -0.25228783  0.44536263
  0.24341547 -0.03987206 -0.46293601 -0.06821831 -0.10450935  0.11953704
  0.13784732 -0.20142071 -0.03767175 -0.12417635  0.67493904 -0.31035364
 -1.          0.01423685 -0.37688631 -0.11957238 -0.50359231  0.39636794
 -0.00865249  0.20558654 -0.12899223 -0.4195419   0.2094288   0.28327984
  0.16670516  0.19793317  0.0066037  -0.88874519]
y_pred: [-0.37099814  0.20912994  0.15748116 -0.03432493  0.01394596  0.12027913
 -0.39890417  0.24510641 -0.03776943  0.33503994 -0.15045182 -0.47419363
  0.06558678 -0.48349684 -0.5611124   0.36230385  0.02601224 -0.25129586
 -0.07900969 -0.33017018 -0.14032373 -0.09783009 -0.24157749 -0.26577836
 -0.23669992 -0.14876592 -0.22035627 -0.42326346 -0.28014195  0.41648486
  0.29780334  0.21242566 -0.00502236  0.33656996  0.23046403 -0.1521368
 -0.28490242 -0.08757219 -0.13016623 -0.13016623  0.06215192 -0.01709205
  0.01911795  0.02601224  0.12027913 -0.21213721 -0.18896683  0.05355846
 -0.35904074 -0.17730056 -0.10465723  0.12367674 -0.17061143 -0.13016623
 -0.51456958 -0.15886781 -0.19726762 -0.15550412  0.33197466  0.20912994
  0.15916233  0.31188098 -0.01019544  0.18093127  0.05699685 -0.09612181
  0.04839844 -0.04121298  0.05355846 -0.26577836 -0.23995298  0.07245179
  0.30251059 -0.34999442 -0.36353886 -0.12847063 -0.03949131  0.01739404
  0.19590023 -0.20223461 -0.29280528 -0.28648615  0.07416701 -0.06700288
 -0.41187343  0.22719567  0.06386956  0.07073612 -0.25935608  0.37274441
 -0.13524854 -0.24806195 -0.07215127 -0.36652824  0.2434848   0.0311815
  0.36828119  0.01049754  0.04839844 -0.4018003 ]
num_samples: 100
mae: 0.17151989751961083
mse: 0.04813453393054768
rmse: 0.21939583845312036
r-squared: 0.5843216571672902
adj r-squared: 0.5376162253883341
