y_true: [-0.17187756  0.23739474  0.05214312  0.03272184 -0.03127975  0.54075539
 -0.51780546  0.49302694 -0.0562344   0.19216624 -0.35577402 -0.88265258
 -0.25487226 -0.93134081 -0.52722806  0.316971    0.3325434  -0.25386405
 -0.04683136 -0.20571823 -0.37102532  0.02165594 -0.28266513 -0.3478339
  0.17005242 -0.05530716 -0.48771933 -0.77421987 -0.26969931  0.38518256
  0.42286041  0.33139315  0.21020304  0.48351195  0.33925742 -0.15428315
  0.05069892 -0.19886112  0.02379217 -0.45230359  0.0524573  -0.2092216
  0.19495517  0.06992246  0.08009232 -0.02744388 -0.15985195  0.03340589
 -0.64731479 -0.08591453 -0.25703293  0.13559173  0.1982841   0.09776589
 -0.73632991 -0.32043144 -0.35900256 -0.19721739  0.38416538  0.02187891
  0.02320733  0.44300112 -0.3187263   0.47608879 -0.15224274 -0.14135581
 -0.06650849 -0.29512709 -0.11005259 -0.02427793 -0.25228783  0.44536263
  0.24341547 -0.03987206 -0.46293601 -0.06821831 -0.10450935  0.11953704
  0.13784732 -0.20142071 -0.03767175 -0.12417635  0.67493904 -0.31035364
 -1.          0.01423685 -0.37688631 -0.11957238 -0.50359231  0.39636794
 -0.00865249  0.20558654 -0.12899223 -0.4195419   0.2094288   0.28327984
  0.16670516  0.19793317  0.0066037  -0.88874519]
y_pred: [-0.21679817  0.23127881  0.27549499 -0.01448152  0.04798619  0.21534564
 -0.32540694  0.33491606 -0.0266725   0.38790905 -0.01448152 -0.41350019
  0.12511507 -0.42979473 -0.47464752  0.34569967  0.0934852  -0.13859609
 -0.02362536 -0.31033203 -0.06318316  0.09801684 -0.16836596 -0.1949003
 -0.20514496 -0.12661447 -0.12811427 -0.36037809 -0.20514496  0.39436549
  0.36170468  0.17428595  0.12061051  0.36831167  0.32404402 -0.09348427
 -0.24565592  0.04037851 -0.08440951 -0.09499525  0.14904785 -0.01143298
  0.14755684  0.11610097  0.19636741 -0.1535158  -0.02514896  0.04950714
 -0.33356103 -0.14009102 -0.01143298  0.20076066 -0.07835182 -0.09650584
 -0.42355984 -0.14755593 -0.13859609 -0.03276519  0.38401684  0.23704252
  0.20806472  0.35772291  0.03581154  0.22694531  0.10103565 -0.00381083
  0.11910784  0.01600665  0.14904785 -0.27126238 -0.15649164  0.07532167
  0.29370785 -0.2513774  -0.29788044 -0.01143298  0.03733401  0.12811518
  0.2138914  -0.0813814  -0.21679817 -0.26843539  0.15202786  0.06166554
 -0.33896956  0.21970291  0.12961437  0.138597   -0.16095005  0.402062
 -0.08743608 -0.24278873  0.0007627  -0.31170908  0.28392643  0.07986774
  0.37488171  0.03428891  0.10405266 -0.35905078]
num_samples: 100
mae: 0.1882223780226195
mse: 0.05505163877050696
rmse: 0.2346308563904308
r-squared: 0.5245871912384608
adj r-squared: 0.47117002171469224
best_epoch: 25
