y_true: [-0.09306899 -0.27258253  0.16008958 -0.21116664  0.43398401 -0.47863573
  0.13426128  0.4431476   0.03394356 -0.66466618 -0.90634233 -0.45854884
  0.14801385 -0.60822886 -0.3242591  -0.41356704  0.07069704 -0.14115196
  0.10566022 -0.31720424  0.31918573  0.12998202  0.18358937 -0.52108032
  0.14270498 -0.47245744  1.         -0.2601712   0.28752375 -0.50259739
 -0.25498039 -0.44466028 -0.36699945 -0.20722339  0.19620712  0.28771925
  0.10925925  0.18319859  0.14105712  0.08759619 -0.5333789  -0.27776584
  0.35615945  0.71544284  0.10306858 -0.28524476  0.41363949 -0.27164999
 -0.78121418 -0.14312677 -0.13701206  0.28922158 -0.16102125  0.03250793
 -0.17595549 -0.22449546 -0.36383826 -0.44776741 -0.5605303  -0.36122587
 -0.92949069 -0.2962257  -0.30238786  0.31293711 -0.5221343  -0.51151502
 -0.04999832 -0.57095283 -0.15971498 -0.41722029 -0.30357891  0.41096601
 -0.89337683 -0.11942037  0.07071843 -0.6897741  -0.21217309 -0.16200756
 -0.24971506 -0.62025106  0.52128953 -0.12497903 -1.         -0.48076969
  0.53718424  0.1669915   0.20092726 -0.25984648 -0.06745447 -0.49520519
 -0.58735007  0.4650262  -0.58803445 -0.02626549  0.4374218  -0.15792395
 -0.15446329  0.09326684 -0.38089329 -0.714634  ]
y_pred: [0.53808594 0.35058594 0.19042969 0.328125   0.38085938 0.21679688
 0.20898438 0.50878906 0.22070312 0.23632812 0.20703125 0.20800781
 0.28808594 0.24414062 0.20703125 0.21679688 0.23925781 0.31347656
 0.21582031 0.23632812 0.625      0.21875    0.25390625 0.16308594
 0.2578125  0.32324219 0.43554688 0.3046875  0.60253906 0.1640625
 0.31542969 0.14941406 0.18652344 0.28613281 0.26367188 0.37207031
 0.23730469 0.25488281 0.28125    0.34960938 0.25585938 0.31347656
 0.29394531 0.31835938 0.47070312 0.45117188 0.37695312 0.19335938
 0.2421875  0.1953125  0.31835938 0.33984375 0.23242188 0.18652344
 0.21679688 0.32324219 0.1796875  0.24511719 0.21289062 0.3203125
 0.18066406 0.30664062 0.18554688 0.27636719 0.17773438 0.24121094
 0.16699219 0.28515625 0.23535156 0.45117188 0.29101562 0.30078125
 0.24316406 0.40722656 0.24121094 0.21972656 0.22558594 0.18457031
 0.30273438 0.25683594 0.43066406 0.24902344 0.19140625 0.1953125
 0.33886719 0.31738281 0.33691406 0.20898438 0.20507812 0.25683594
 0.25878906 0.19335938 0.17578125 0.22070312 0.54394531 0.3125
 0.17773438 0.19335938 0.18457031 0.18847656]
num_samples: 100
mae: 0.46255321783944964
mse: 0.30354783861626666
rmse: 0.5509517570679547
r-squared: -1.055606915664682
adj r-squared: -1.236319611547291
