y_true: [-0.09306899 -0.27258253  0.16008958 -0.21116664  0.43398401 -0.47863573
  0.13426128  0.4431476   0.03394356 -0.66466618 -0.90634233 -0.45854884
  0.14801385 -0.60822886 -0.3242591  -0.41356704  0.07069704 -0.14115196
  0.10566022 -0.31720424  0.31918573  0.12998202  0.18358937 -0.52108032
  0.14270498 -0.47245744  1.         -0.2601712   0.28752375 -0.50259739
 -0.25498039 -0.44466028 -0.36699945 -0.20722339  0.19620712  0.28771925
  0.10925925  0.18319859  0.14105712  0.08759619 -0.5333789  -0.27776584
  0.35615945  0.71544284  0.10306858 -0.28524476  0.41363949 -0.27164999
 -0.78121418 -0.14312677 -0.13701206  0.28922158 -0.16102125  0.03250793
 -0.17595549 -0.22449546 -0.36383826 -0.44776741 -0.5605303  -0.36122587
 -0.92949069 -0.2962257  -0.30238786  0.31293711 -0.5221343  -0.51151502
 -0.04999832 -0.57095283 -0.15971498 -0.41722029 -0.30357891  0.41096601
 -0.89337683 -0.11942037  0.07071843 -0.6897741  -0.21217309 -0.16200756
 -0.24971506 -0.62025106  0.52128953 -0.12497903 -1.         -0.48076969
  0.53718424  0.1669915   0.20092726 -0.25984648 -0.06745447 -0.49520519
 -0.58735007  0.4650262  -0.58803445 -0.02626549  0.4374218  -0.15792395
 -0.15446329  0.09326684 -0.38089329 -0.714634  ]
y_pred: [0.515625   0.33105469 0.19042969 0.34472656 0.36816406 0.21875
 0.21679688 0.54101562 0.20507812 0.2421875  0.21386719 0.25
 0.31054688 0.25683594 0.20117188 0.21484375 0.24414062 0.26464844
 0.21484375 0.24511719 0.6171875  0.20898438 0.27246094 0.16503906
 0.27148438 0.33398438 0.44921875 0.30273438 0.56933594 0.17675781
 0.32421875 0.16503906 0.16699219 0.29296875 0.265625   0.29492188
 0.23242188 0.2578125  0.28027344 0.34765625 0.27636719 0.3359375
 0.28515625 0.31445312 0.48144531 0.45410156 0.35058594 0.18554688
 0.22460938 0.19140625 0.35546875 0.32324219 0.23828125 0.19140625
 0.24511719 0.30957031 0.16894531 0.25683594 0.21582031 0.36523438
 0.2109375  0.25585938 0.20703125 0.28320312 0.16601562 0.23046875
 0.20019531 0.30273438 0.25976562 0.44628906 0.29785156 0.28613281
 0.26757812 0.38671875 0.20214844 0.23925781 0.20117188 0.21679688
 0.3125     0.26855469 0.46875    0.25683594 0.17578125 0.17285156
 0.33984375 0.33691406 0.328125   0.20605469 0.21582031 0.234375
 0.28320312 0.19042969 0.20410156 0.23339844 0.50976562 0.32421875
 0.17382812 0.19433594 0.19238281 0.20996094]
num_samples: 100
mae: 0.46475048346444964
mse: 0.3077098041367734
rmse: 0.5547159670829508
r-squared: -1.0837914850087156
adj r-squared: -1.2669819452292619
best_epoch: 27
