y_true: [-0.09306899 -0.27258253  0.16008958 -0.21116664  0.43398401 -0.47863573
  0.13426128  0.4431476   0.03394356 -0.66466618 -0.90634233 -0.45854884
  0.14801385 -0.60822886 -0.3242591  -0.41356704  0.07069704 -0.14115196
  0.10566022 -0.31720424  0.31918573  0.12998202  0.18358937 -0.52108032
  0.14270498 -0.47245744  1.         -0.2601712   0.28752375 -0.50259739
 -0.25498039 -0.44466028 -0.36699945 -0.20722339  0.19620712  0.28771925
  0.10925925  0.18319859  0.14105712  0.08759619 -0.5333789  -0.27776584
  0.35615945  0.71544284  0.10306858 -0.28524476  0.41363949 -0.27164999
 -0.78121418 -0.14312677 -0.13701206  0.28922158 -0.16102125  0.03250793
 -0.17595549 -0.22449546 -0.36383826 -0.44776741 -0.5605303  -0.36122587
 -0.92949069 -0.2962257  -0.30238786  0.31293711 -0.5221343  -0.51151502
 -0.04999832 -0.57095283 -0.15971498 -0.41722029 -0.30357891  0.41096601
 -0.89337683 -0.11942037  0.07071843 -0.6897741  -0.21217309 -0.16200756
 -0.24971506 -0.62025106  0.52128953 -0.12497903 -1.         -0.48076969
  0.53718424  0.1669915   0.20092726 -0.25984648 -0.06745447 -0.49520519
 -0.58735007  0.4650262  -0.58803445 -0.02626549  0.4374218  -0.15792395
 -0.15446329  0.09326684 -0.38089329 -0.714634  ]
y_pred: [ 0.07595341 -0.0954089   0.3095189  -0.16009508  0.47718143 -0.20283328
  0.11576512  0.47394201  0.32004642 -0.1950812  -0.48363626 -0.10226672
  0.41187361 -0.29906616 -0.33416241 -0.33441633  0.03817899  0.2590408
  0.14422499 -0.23728159  0.28792429  0.1159423   0.25179511 -0.28114173
  0.30075145 -0.28832355  0.55117381 -0.2463825   0.32801613 -0.330293
 -0.03002414 -0.23625579 -0.27499408 -0.00933646  0.19941752  0.25824952
  0.15667757  0.27570722  0.25865746  0.37762192 -0.15226929 -0.14463331
  0.14996046  0.34375125  0.21113706 -0.18385048  0.34730953 -0.11928799
 -0.37224299 -0.14598289 -0.34113401  0.39643559 -0.03677758 -0.3020955
  0.18582611  0.00907758 -0.34369087 -0.12192217 -0.39872789  0.01554254
 -0.50469899 -0.44678161 -0.38016948  0.2862044  -0.22355346 -0.36781213
  0.17893107 -0.31326133  0.10306025  0.07595367 -0.1857226   0.50970948
 -0.53677756 -0.07795388  0.15501924 -0.40910307 -0.26152894 -0.11035606
 -0.20476179 -0.3645831   0.40960473  0.11408973 -0.63686156 -0.52310055
  0.34633335  0.09615682  0.16596445 -0.30229387  0.1857767  -0.26304772
 -0.28813115 -0.0392681  -0.67463905  0.02284118  0.41236934  0.18839781
 -0.00758534 -0.25066823 -0.45545921 -0.43980166]
num_samples: 100
mae: 0.17997176627628506
mse: 0.050432064719532786
rmse: 0.22457084565796331
r-squared: 0.6584772223011144
adj r-squared: 0.6284532418440696
