y_true: [-0.09306899 -0.27258253  0.16008958 -0.21116664  0.43398401 -0.47863573
  0.13426128  0.4431476   0.03394356 -0.66466618 -0.90634233 -0.45854884
  0.14801385 -0.60822886 -0.3242591  -0.41356704  0.07069704 -0.14115196
  0.10566022 -0.31720424  0.31918573  0.12998202  0.18358937 -0.52108032
  0.14270498 -0.47245744  1.         -0.2601712   0.28752375 -0.50259739
 -0.25498039 -0.44466028 -0.36699945 -0.20722339  0.19620712  0.28771925
  0.10925925  0.18319859  0.14105712  0.08759619 -0.5333789  -0.27776584
  0.35615945  0.71544284  0.10306858 -0.28524476  0.41363949 -0.27164999
 -0.78121418 -0.14312677 -0.13701206  0.28922158 -0.16102125  0.03250793
 -0.17595549 -0.22449546 -0.36383826 -0.44776741 -0.5605303  -0.36122587
 -0.92949069 -0.2962257  -0.30238786  0.31293711 -0.5221343  -0.51151502
 -0.04999832 -0.57095283 -0.15971498 -0.41722029 -0.30357891  0.41096601
 -0.89337683 -0.11942037  0.07071843 -0.6897741  -0.21217309 -0.16200756
 -0.24971506 -0.62025106  0.52128953 -0.12497903 -1.         -0.48076969
  0.53718424  0.1669915   0.20092726 -0.25984648 -0.06745447 -0.49520519
 -0.58735007  0.4650262  -0.58803445 -0.02626549  0.4374218  -0.15792395
 -0.15446329  0.09326684 -0.38089329 -0.714634  ]
y_pred: [ 0.072758   -0.194417    0.26029873 -0.09901998  0.43870884 -0.29494065
  0.02068008  0.44166523  0.29040059 -0.31294259 -0.57936108 -0.1466257
  0.31200215 -0.40753344 -0.39578947 -0.47619075 -0.07109521  0.21091492
  0.05211275 -0.26477945  0.25923944  0.01031561  0.09810831 -0.37154073
  0.21290165 -0.39275929  0.48305717 -0.26437527  0.22271168 -0.4312351
 -0.07138883 -0.41294143 -0.33968511 -0.10901204 -0.03898699  0.21125109
  0.00576693  0.25870144  0.15397434  0.37687492 -0.12123824 -0.27338839
  0.17419642  0.24951564  0.2539666  -0.21505789  0.2130096  -0.12231174
 -0.32074526 -0.21444203 -0.41116327  0.35575482 -0.13388757 -0.4202069
  0.10505879 -0.0604112  -0.4149313  -0.16171198 -0.40573707 -0.11365331
 -0.55861139 -0.47196561 -0.37986249  0.20623253 -0.36500162 -0.46284679
  0.10924225 -0.45461079  0.02932444  0.00978459 -0.23226805  0.43751791
 -0.56162149 -0.07593363 -0.01349718 -0.4451001  -0.38851789 -0.17365141
 -0.25915048 -0.43223923  0.31953791 -0.00921595 -0.67813891 -0.5556711
  0.29513964 -0.00335472  0.08246215 -0.36753693  0.10844379 -0.34772503
 -0.32185081 -0.03699535 -0.6610626  -0.05807244  0.41135773  0.17910281
 -0.0442942  -0.32900056 -0.45012215 -0.47666386]
num_samples: 100
mae: 0.16400457064621152
mse: 0.04298150068709512
rmse: 0.20731980293038849
r-squared: 0.7089319744103613
adj r-squared: 0.6833435765563272
best_epoch: 27
