epoch,batch,train_batch_loss
0,0,0.7819072008132935
0,1,0.42533808946609497
0,2,0.1950601041316986
0,3,0.12602020800113678
0,4,0.19105958938598633
0,5,0.15466973185539246
0,6,0.111727274954319
0,7,0.22613874077796936
0,8,0.10192626714706421
0,9,0.05562938377261162
1,0,0.16228505969047546
1,1,0.15706898272037506
1,2,0.1846543848514557
1,3,0.10574103891849518
1,4,0.15198463201522827
1,5,0.22473172843456268
1,6,0.1806592047214508
1,7,0.11686332523822784
1,8,0.17672064900398254
1,9,0.10591644048690796
2,0,0.17145761847496033
2,1,0.10223034769296646
2,2,0.14669328927993774
2,3,0.11434642225503922
2,4,0.15174360573291779
2,5,0.1232093796133995
2,6,0.18256810307502747
2,7,0.10866520553827286
2,8,0.10372915118932724
2,9,0.24231509864330292
3,0,0.10248596966266632
3,1,0.13532046973705292
3,2,0.22972962260246277
3,3,0.08657865971326828
3,4,0.13048064708709717
3,5,0.179601788520813
3,6,0.2534816563129425
3,7,0.09093014150857925
3,8,0.06322650611400604
3,9,0.13318373262882233
4,0,0.10753808915615082
4,1,0.18707458674907684
4,2,0.15547388792037964
4,3,0.08536870777606964
4,4,0.19787085056304932
4,5,0.14272770285606384
4,6,0.0728435292840004
4,7,0.1209392324090004
4,8,0.09676380455493927
4,9,0.18474788963794708
5,0,0.10102637112140656
5,1,0.11787641048431396
5,2,0.1952390819787979
5,3,0.10657072067260742
5,4,0.0749715119600296
5,5,0.20358076691627502
5,6,0.10638318955898285
5,7,0.10560611635446548
5,8,0.11450278759002686
5,9,0.15522365272045135
6,0,0.2258388102054596
6,1,0.11540709435939789
6,2,0.12135292589664459
6,3,0.05149416998028755
6,4,0.07529968023300171
6,5,0.14532016217708588
6,6,0.07499861717224121
6,7,0.10954751819372177
6,8,0.155812069773674
6,9,0.19713228940963745
7,0,0.16636623442173004
7,1,0.12600873410701752
7,2,0.09395825117826462
7,3,0.12703506648540497
7,4,0.1453668624162674
7,5,0.16619771718978882
7,6,0.13806025683879852
7,7,0.03135494515299797
7,8,0.16723045706748962
7,9,0.08966560661792755
8,0,0.051795948296785355
8,1,0.1816369593143463
8,2,0.07723847031593323
8,3,0.12846237421035767
8,4,0.06910122185945511
8,5,0.10031453520059586
8,6,0.17519214749336243
8,7,0.1149982362985611
8,8,0.1681511253118515
8,9,0.06629201024770737
9,0,0.10557585954666138
9,1,0.1044151559472084
9,2,0.18299360573291779
9,3,0.12132475525140762
9,4,0.11451829969882965
9,5,0.034558843821287155
9,6,0.07096122205257416
9,7,0.11167142540216446
9,8,0.15698182582855225
9,9,0.06713638454675674
10,0,0.14031609892845154
10,1,0.11671929061412811
10,2,0.025321314111351967
10,3,0.12533418834209442
10,4,0.1196596622467041
10,5,0.1050705686211586
10,6,0.1529199182987213
10,7,0.0992060974240303
10,8,0.02718067727982998
10,9,0.10735466331243515
11,0,0.11251102387905121
11,1,0.09668805450201035
11,2,0.1189199686050415
11,3,0.059652604162693024
11,4,0.1457829475402832
11,5,0.07782690227031708
11,6,0.11346236616373062
11,7,0.06848303973674774
11,8,0.09234803915023804
11,9,0.08194280415773392
12,0,0.06331562995910645
12,1,0.0826369971036911
12,2,0.1092035174369812
12,3,0.0616438090801239
12,4,0.11741216480731964
12,5,0.1790497601032257
12,6,0.2552642822265625
12,7,0.027394667267799377
12,8,0.04346304386854172
12,9,0.13131015002727509
13,0,0.08677608519792557
13,1,0.09859742224216461
13,2,0.10029003769159317
13,3,0.06222187355160713
13,4,0.10924261808395386
13,5,0.1174594983458519
13,6,0.13701316714286804
13,7,0.08968158066272736
13,8,0.039889514446258545
13,9,0.1092362254858017
14,0,0.11635476350784302
14,1,0.07257793098688126
14,2,0.07643310725688934
14,3,0.05872195214033127
14,4,0.23950710892677307
14,5,0.03333071246743202
14,6,0.05347208306193352
14,7,0.07924185693264008
14,8,0.11492429673671722
14,9,0.04600482061505318
15,0,0.05984436348080635
15,1,0.05829644203186035
15,2,0.09572722017765045
15,3,0.0457744300365448
15,4,0.08871527761220932
15,5,0.08569864928722382
15,6,0.07073152810335159
15,7,0.10214118659496307
15,8,0.1403479129076004
15,9,0.11142746359109879
16,0,0.10244812816381454
16,1,0.0691128671169281
16,2,0.051442958414554596
16,3,0.1026449054479599
16,4,0.028795341029763222
16,5,0.06530214846134186
16,6,0.15774938464164734
16,7,0.05090581625699997
16,8,0.06759476661682129
16,9,0.14856305718421936
17,0,0.07889352738857269
17,1,0.13915231823921204
17,2,0.03143807500600815
17,3,0.0380740612745285
17,4,0.08100979030132294
17,5,0.0397820845246315
17,6,0.14768652617931366
17,7,0.11787407100200653
17,8,0.052154045552015305
17,9,0.0496751144528389
18,0,0.06446506828069687
18,1,0.06264393031597137
18,2,0.07818064838647842
18,3,0.034263622015714645
18,4,0.060942113399505615
18,5,0.0362338051199913
18,6,0.21324796974658966
18,7,0.03772403672337532
18,8,0.09264867752790451
18,9,0.0568329319357872
19,0,0.08885107934474945
19,1,0.05452869087457657
19,2,0.044803984463214874
19,3,0.030371805652976036
19,4,0.10699321329593658
19,5,0.052629582583904266
19,6,0.0858471617102623
19,7,0.06779559701681137
19,8,0.052592623978853226
19,9,0.1216357946395874
20,0,0.0722728967666626
20,1,0.07016091048717499
20,2,0.05093090608716011
20,3,0.054273150861263275
20,4,0.061575375497341156
20,5,0.1047745794057846
20,6,0.04338229075074196
20,7,0.054965537041425705
20,8,0.06667571514844894
20,9,0.08292454481124878
21,0,0.014608499594032764
21,1,0.08692711591720581
21,2,0.029818963259458542
21,3,0.03644600138068199
21,4,0.049238480627536774
21,5,0.11581110954284668
21,6,0.09498882293701172
21,7,0.05265375226736069
21,8,0.05167960003018379
21,9,0.06549389660358429
22,0,0.029020225629210472
22,1,0.08655090630054474
22,2,0.12667450308799744
22,3,0.06461211293935776
22,4,0.05094126984477043
22,5,0.05626608803868294
22,6,0.08742699772119522
22,7,0.04457936808466911
22,8,0.011690285988152027
22,9,0.03705594688653946
23,0,0.058196187019348145
23,1,0.09469296038150787
23,2,0.062141239643096924
23,3,0.03980175778269768
23,4,0.05801073834300041
23,5,0.06310788542032242
23,6,0.02759709395468235
23,7,0.021136946976184845
23,8,0.08870217204093933
23,9,0.02916165255010128
24,0,0.041835613548755646
24,1,0.045501288026571274
24,2,0.04480636492371559
24,3,0.04813450202345848
24,4,0.04381224140524864
24,5,0.03483503311872482
24,6,0.04993532970547676
24,7,0.06074089556932449
24,8,0.06390706449747086
24,9,0.07161491364240646
25,0,0.031320080161094666
25,1,0.026003459468483925
25,2,0.09185288846492767
25,3,0.08091996610164642
25,4,0.050345323979854584
25,5,0.022411780431866646
25,6,0.07696665823459625
25,7,0.057817090302705765
25,8,0.05670386552810669
25,9,0.018798338249325752
26,0,0.03944079950451851
26,1,0.019923735409975052
26,2,0.026915449649095535
26,3,0.0669502466917038
26,4,0.08526118844747543
26,5,0.04600024223327637
26,6,0.023915328085422516
26,7,0.06338462233543396
26,8,0.036600034683942795
26,9,0.06846953928470612
27,0,0.08996524661779404
27,1,0.022319447249174118
27,2,0.05281173437833786
27,3,0.03331775218248367
27,4,0.04789448156952858
27,5,0.08250303566455841
27,6,0.014650845900177956
27,7,0.04812648147344589
27,8,0.036025241017341614
27,9,0.026189465075731277
28,0,0.052369315177202225
28,1,0.04359578713774681
28,2,0.048402149230241776
28,3,0.06239005923271179
28,4,0.06226472929120064
28,5,0.07880081236362457
28,6,0.023504158481955528
28,7,0.01832658052444458
28,8,0.019852694123983383
28,9,0.02717561647295952
29,0,0.01860758662223816
29,1,0.027392109856009483
29,2,0.048486363142728806
29,3,0.023768749088048935
29,4,0.03441235050559044
29,5,0.0429929681122303
29,6,0.09854073822498322
29,7,0.03569616749882698
29,8,0.049837756901979446
29,9,0.05555667728185654