epoch,batch,train_batch_loss
0,0,0.6935838460922241
0,1,0.6855266094207764
0,2,0.6825163960456848
0,3,0.6982865929603577
0,4,0.701403796672821
0,5,0.728533148765564
0,6,0.6227805018424988
0,7,0.7032362818717957
0,8,0.8111550211906433
0,9,0.7432487607002258
0,10,0.6933569312095642
0,11,0.7142342329025269
0,12,0.691023051738739
0,13,0.6866512894630432
0,14,0.6951311230659485
0,15,0.6872531175613403
0,16,0.7015120983123779
0,17,0.6913942694664001
0,18,0.6893337965011597
0,19,0.7031799554824829
1,0,0.6714271306991577
1,1,0.7054622173309326
1,2,0.7049096822738647
1,3,0.6691360473632812
1,4,0.7303668260574341
1,5,0.679031491279602
1,6,0.6746811866760254
1,7,0.6814792156219482
1,8,0.6809473037719727
1,9,0.6729282736778259
1,10,0.6812299489974976
1,11,0.6666555404663086
1,12,0.6809115409851074
1,13,0.6940248012542725
1,14,0.6637352108955383
1,15,0.6992349028587341
1,16,0.7069461345672607
1,17,0.6937857270240784
1,18,0.6865596771240234
1,19,0.687796413898468
2,0,0.6940009593963623
2,1,0.6762629747390747
2,2,0.6770552396774292
2,3,0.6776465177536011
2,4,0.6891618371009827
2,5,0.6755420565605164
2,6,0.6687327027320862
2,7,0.6861287355422974
2,8,0.6724282503128052
2,9,0.6834460496902466
2,10,0.6772293448448181
2,11,0.6692479252815247
2,12,0.6723992228507996
2,13,0.6667829751968384
2,14,0.6555317640304565
2,15,0.6835946440696716
2,16,0.6603365540504456
2,17,0.6704108715057373
2,18,0.672195315361023
2,19,0.6789308786392212
3,0,0.679585337638855
3,1,0.6464626789093018
3,2,0.6871493458747864
3,3,0.6593302488327026
3,4,0.6512753367424011
3,5,0.6457217931747437
3,6,0.6724456548690796
3,7,0.6461707949638367
3,8,0.6772748231887817
3,9,0.6691023111343384
3,10,0.6382622718811035
3,11,0.6501380801200867
3,12,0.6595673561096191
3,13,0.6498706936836243
3,14,0.635111927986145
3,15,0.6332759857177734
3,16,0.6766966581344604
3,17,0.6280483603477478
3,18,0.6361469030380249
3,19,0.6321600675582886
4,0,0.6640948057174683
4,1,0.6434355974197388
4,2,0.6615822315216064
4,3,0.635079026222229
4,4,0.5939527750015259
4,5,0.6166906356811523
4,6,0.603550910949707
4,7,0.6039391756057739
4,8,0.6632120013237
4,9,0.553568959236145
4,10,0.6594482660293579
4,11,0.5929927825927734
4,12,0.7059782147407532
4,13,0.7258933186531067
4,14,0.6256450414657593
4,15,0.5936177968978882
4,16,0.62128746509552
4,17,0.6105615496635437
4,18,0.58588045835495
4,19,0.5316738486289978
5,0,0.6297632455825806
5,1,0.6945127844810486
5,2,0.6150535941123962
5,3,0.5164067149162292
5,4,0.6108815670013428
5,5,0.6283062100410461
5,6,0.5959083437919617
5,7,0.5185401439666748
5,8,0.5726604461669922
5,9,0.5815057158470154
5,10,0.607207179069519
5,11,0.5832277536392212
5,12,0.6001952290534973
5,13,0.5675745010375977
5,14,0.5653752088546753
5,15,0.6774036884307861
5,16,0.5173145532608032
5,17,0.6490943431854248
5,18,0.6351004242897034
5,19,0.6694422364234924
6,0,0.586510181427002
6,1,0.5867964625358582
6,2,0.576908528804779
6,3,0.54986971616745
6,4,0.4957222044467926
6,5,0.5313462615013123
6,6,0.5441831946372986
6,7,0.5081409215927124
6,8,0.5073061585426331
6,9,0.6029505729675293
6,10,0.5848113298416138
6,11,0.5204275846481323
6,12,0.5373578071594238
6,13,0.48658305406570435
6,14,0.453244149684906
6,15,0.6019328832626343
6,16,0.533860981464386
6,17,0.46349653601646423
6,18,0.517546534538269
6,19,0.4977042078971863
7,0,0.4242010712623596
7,1,0.45213183760643005
7,2,0.5661126971244812
7,3,0.5042057037353516
7,4,0.5563797354698181
7,5,0.4299963116645813
7,6,0.5757244229316711
7,7,0.42581501603126526
7,8,0.46046000719070435
7,9,0.6557015180587769
7,10,0.42895445227622986
7,11,0.42651820182800293
7,12,0.5479422211647034
7,13,0.6996104121208191
7,14,0.6694491505622864
7,15,0.4323042035102844
7,16,0.43518829345703125
7,17,0.5558090806007385
7,18,0.4141305983066559
7,19,0.548139214515686
8,0,0.5222955346107483
8,1,0.4067220091819763
8,2,0.639762818813324
8,3,0.627221941947937
8,4,0.450894832611084
8,5,0.3199014663696289
8,6,0.4511813521385193
8,7,0.46630987524986267
8,8,0.5240252017974854
8,9,0.4684978127479553
8,10,0.566362738609314
8,11,0.5937948226928711
8,12,0.3198133409023285
8,13,0.3080410957336426
8,14,0.4355848431587219
8,15,0.5571039915084839
8,16,0.42387762665748596
8,17,0.4685472548007965
8,18,0.4504615366458893
8,19,0.36057788133621216
9,0,0.6103266477584839
9,1,0.4138008654117584
9,2,0.4797741770744324
9,3,0.2972477078437805
9,4,0.3585647940635681
9,5,0.29673051834106445
9,6,0.29603397846221924
9,7,0.4755190908908844
9,8,0.2888264060020447
9,9,0.4955202043056488
9,10,0.4586244225502014
9,11,0.42871561646461487
9,12,0.482992023229599
9,13,0.41123032569885254
9,14,0.41596102714538574
9,15,0.3879280686378479
9,16,0.2813374102115631
9,17,0.4724166989326477
9,18,0.3234961926937103
9,19,0.4541189670562744
10,0,0.4260069727897644
10,1,0.26576554775238037
10,2,0.3093384802341461
10,3,0.2919729948043823
10,4,0.23729872703552246
10,5,0.5253256559371948
10,6,0.4971773028373718
10,7,0.6976079940795898
10,8,0.31650510430336
10,9,0.22647924721240997
10,10,0.37286052107810974
10,11,0.34693509340286255
10,12,0.27357935905456543
10,13,0.44127291440963745
10,14,0.5695142149925232
10,15,0.1977381855249405
10,16,0.7285358309745789
10,17,0.5081361532211304
10,18,0.17093348503112793
10,19,0.5811585187911987
11,0,0.345736026763916
11,1,0.6534045934677124
11,2,0.5214859843254089
11,3,0.5381671190261841
11,4,0.3165380358695984
11,5,0.5037367939949036
11,6,0.3738384246826172
11,7,0.36290857195854187
11,8,0.3529408574104309
11,9,0.32644686102867126
11,10,0.25325050950050354
11,11,0.33300429582595825
11,12,0.5618324279785156
11,13,0.4019355773925781
11,14,0.2567679286003113
11,15,0.2404262274503708
11,16,0.6458603739738464
11,17,0.39820247888565063
11,18,0.49023905396461487
11,19,0.24860867857933044
12,0,0.32630258798599243
12,1,0.2272590696811676
12,2,0.26072394847869873
12,3,0.4447558522224426
12,4,0.30661243200302124
12,5,0.35764291882514954
12,6,0.20331740379333496
12,7,0.3216152787208557
12,8,0.48962336778640747
12,9,0.25572389364242554
12,10,0.3917563855648041
12,11,0.22991955280303955
12,12,0.21766385436058044
12,13,0.5151838064193726
12,14,0.2993302643299103
12,15,0.5424642562866211
12,16,0.2280733287334442
12,17,0.4713238775730133
12,18,0.28453880548477173
12,19,0.5108057856559753
13,0,0.4160577654838562
13,1,0.24265936017036438
13,2,0.3390737771987915
13,3,0.5052808523178101
13,4,0.3172801733016968
13,5,0.33282142877578735
13,6,0.18433386087417603
13,7,0.1624051034450531
13,8,0.31485220789909363
13,9,0.4739983081817627
13,10,0.2124488800764084
13,11,0.2315443456172943
13,12,0.2864673435688019
13,13,0.3328806757926941
13,14,0.42465439438819885
13,15,0.1533079445362091
13,16,0.5703652501106262
13,17,0.32609349489212036
13,18,0.6820701360702515
13,19,0.3248958885669708
14,0,0.2449507713317871
14,1,0.26842397451400757
14,2,0.3869977295398712
14,3,0.29266324639320374
14,4,0.44830387830734253
14,5,0.19372037053108215
14,6,0.22536537051200867
14,7,0.10465655475854874
14,8,0.26438695192337036
14,9,0.5392813682556152
14,10,0.29194575548171997
14,11,0.25676271319389343
14,12,0.3765426576137543
14,13,0.7680109739303589
14,14,0.29481908679008484
14,15,0.1933087408542633
14,16,0.3241087794303894
14,17,0.9368548393249512
14,18,0.4121496081352234
14,19,0.3534616529941559
15,0,0.9014409184455872
15,1,0.26806700229644775
15,2,0.4956444799900055
15,3,0.3267287015914917
15,4,0.3230355381965637
15,5,0.4478834271430969
15,6,0.2965356409549713
15,7,0.19967716932296753
15,8,0.14273788034915924
15,9,0.16961903870105743
15,10,0.478872686624527
15,11,0.4803977906703949
15,12,0.22825784981250763
15,13,0.27596694231033325
15,14,0.30909085273742676
15,15,0.134512260556221
15,16,0.4695396423339844
15,17,0.6191843748092651
15,18,0.2403569519519806
15,19,0.185878723859787
16,0,0.35793808102607727
16,1,0.3567257821559906
16,2,0.26977723836898804
16,3,0.17273661494255066
16,4,0.2845296263694763
16,5,0.3406049609184265
16,6,0.2413196563720703
16,7,0.4791158139705658
16,8,0.30877193808555603
16,9,0.36027035117149353
16,10,0.5657282471656799
16,11,0.44508346915245056
16,12,0.4663616716861725
16,13,0.47339779138565063
16,14,0.3040628135204315
16,15,0.16219498217105865
16,16,0.16522851586341858
16,17,0.1412002146244049
16,18,0.5315034985542297
16,19,0.31220635771751404
17,0,0.14868368208408356
17,1,0.3800690174102783
17,2,0.20585806667804718
17,3,0.19269071519374847
17,4,0.29808753728866577
17,5,0.35201168060302734
17,6,0.13295982778072357
17,7,0.14030054211616516
17,8,0.3790167570114136
17,9,0.28258368372917175
17,10,0.34351250529289246
17,11,0.4239107072353363
17,12,0.18436641991138458
17,13,0.8513714671134949
17,14,0.3946126401424408
17,15,0.3262152373790741
17,16,0.15891139209270477
17,17,0.5381428599357605
17,18,0.3919993042945862
17,19,0.26419442892074585
18,0,0.44003909826278687
18,1,0.3273084759712219
18,2,0.47644299268722534
18,3,0.49563080072402954
18,4,0.3759598731994629
18,5,0.5475853085517883
18,6,0.38306453824043274
18,7,0.24525420367717743
18,8,0.18778684735298157
18,9,0.3193567097187042
18,10,0.3662448525428772
18,11,0.23113460838794708
18,12,0.10176088660955429
18,13,0.255260169506073
18,14,0.24499252438545227
18,15,0.2712179124355316
18,16,0.21378600597381592
18,17,0.31437617540359497
18,18,0.619832456111908
18,19,0.28768014907836914
19,0,0.11505665630102158
19,1,0.36091285943984985
19,2,0.4217289984226227
19,3,0.5279332399368286
19,4,0.18863922357559204
19,5,0.36579030752182007
19,6,0.4240511357784271
19,7,0.29214048385620117
19,8,0.5154060125350952
19,9,0.20141685009002686
19,10,0.5034506916999817
19,11,0.06742404401302338
19,12,0.3031734824180603
19,13,0.8088682889938354
19,14,0.1954420655965805
19,15,0.3376474976539612
19,16,0.12357604503631592
19,17,0.6603160500526428
19,18,0.2614303529262543
19,19,0.4962159991264343