epoch,batch,train_batch_loss
0,0,0.750035285949707
0,1,0.7741447687149048
0,2,0.7063455581665039
0,3,0.6754006743431091
0,4,0.7060024738311768
0,5,0.6910527944564819
0,6,0.6921665668487549
0,7,0.6930754780769348
0,8,0.6933541297912598
0,9,0.6928813457489014
0,10,0.6964799761772156
0,11,0.6870836019515991
0,12,0.7044416069984436
0,13,0.6921751499176025
0,14,0.7087375521659851
0,15,0.7080411911010742
0,16,0.6914016008377075
0,17,0.6921146512031555
0,18,0.6947789192199707
0,19,0.6919001340866089
1,0,0.6888488531112671
1,1,0.6946191787719727
1,2,0.6915327906608582
1,3,0.694928765296936
1,4,0.6954207420349121
1,5,0.690952718257904
1,6,0.6926030516624451
1,7,0.6941933631896973
1,8,0.68986976146698
1,9,0.6943187713623047
1,10,0.6892639398574829
1,11,0.6968000531196594
1,12,0.6899133324623108
1,13,0.6952623128890991
1,14,0.692082405090332
1,15,0.6918288469314575
1,16,0.691588819026947
1,17,0.6857098340988159
1,18,0.6944571733474731
1,19,0.6896266937255859
2,0,0.6908788681030273
2,1,0.6898946166038513
2,2,0.6894635558128357
2,3,0.6888103485107422
2,4,0.692951500415802
2,5,0.6900281310081482
2,6,0.6882073283195496
2,7,0.6853166818618774
2,8,0.7022848129272461
2,9,0.6884530782699585
2,10,0.6924046277999878
2,11,0.691567599773407
2,12,0.6863908171653748
2,13,0.6844453811645508
2,14,0.6850505471229553
2,15,0.6880170702934265
2,16,0.7005225419998169
2,17,0.6777030229568481
2,18,0.7017835974693298
2,19,0.6960833668708801
3,0,0.6893656253814697
3,1,0.6885936260223389
3,2,0.6884268522262573
3,3,0.69178706407547
3,4,0.7009366750717163
3,5,0.6906918287277222
3,6,0.6878314018249512
3,7,0.6856716871261597
3,8,0.688742995262146
3,9,0.6844569444656372
3,10,0.6861633062362671
3,11,0.686566174030304
3,12,0.6863325238227844
3,13,0.688980221748352
3,14,0.6927459239959717
3,15,0.6748723983764648
3,16,0.6843143701553345
3,17,0.6859337091445923
3,18,0.6840652227401733
3,19,0.7413262724876404
4,0,0.6921627521514893
4,1,0.6899434924125671
4,2,0.6775837540626526
4,3,0.6845016479492188
4,4,0.6848903894424438
4,5,0.6852858662605286
4,6,0.6776109933853149
4,7,0.6913374066352844
4,8,0.7031134366989136
4,9,0.6865254640579224
4,10,0.680134654045105
4,11,0.6833556890487671
4,12,0.6929791569709778
4,13,0.6811187267303467
4,14,0.6812156438827515
4,15,0.6838210821151733
4,16,0.6768044233322144
4,17,0.6969848275184631
4,18,0.7145654559135437
4,19,0.6894053220748901
5,0,0.6669912934303284
5,1,0.6946256756782532
5,2,0.6868565678596497
5,3,0.6801005601882935
5,4,0.6716278791427612
5,5,0.6838194131851196
5,6,0.6820371150970459
5,7,0.692401647567749
5,8,0.6676913499832153
5,9,0.6801272630691528
5,10,0.6810001134872437
5,11,0.6869136095046997
5,12,0.6630848050117493
5,13,0.6943650245666504
5,14,0.6931487321853638
5,15,0.6761881709098816
5,16,0.6841793060302734
5,17,0.6819139719009399
5,18,0.677985668182373
5,19,0.6920485496520996
6,0,0.6890767812728882
6,1,0.7091872096061707
6,2,0.6722213625907898
6,3,0.673043966293335
6,4,0.6699157953262329
6,5,0.6972282528877258
6,6,0.6961923241615295
6,7,0.6643952131271362
6,8,0.6860846877098083
6,9,0.6863371133804321
6,10,0.6772459149360657
6,11,0.6937323808670044
6,12,0.6645579934120178
6,13,0.7002476453781128
6,14,0.6674259901046753
6,15,0.6903373003005981
6,16,0.6931651830673218
6,17,0.6808993220329285
6,18,0.6752098202705383
6,19,0.6724184155464172
7,0,0.6881630420684814
7,1,0.68342524766922
7,2,0.6905332207679749
7,3,0.6761918067932129
7,4,0.6644519567489624
7,5,0.6456994414329529
7,6,0.6834326982498169
7,7,0.668899655342102
7,8,0.670576810836792
7,9,0.6860461235046387
7,10,0.6848395466804504
7,11,0.6568306684494019
7,12,0.6825699210166931
7,13,0.6859368085861206
7,14,0.6647180318832397
7,15,0.6976326107978821
7,16,0.6839667558670044
7,17,0.6580181121826172
7,18,0.6553232669830322
7,19,0.6677449941635132
8,0,0.6704015731811523
8,1,0.6722112894058228
8,2,0.6626390218734741
8,3,0.7018131017684937
8,4,0.6653485298156738
8,5,0.6785735487937927
8,6,0.648574709892273
8,7,0.691525936126709
8,8,0.663709282875061
8,9,0.6524214148521423
8,10,0.6460480093955994
8,11,0.6697169542312622
8,12,0.6705151796340942
8,13,0.6938431262969971
8,14,0.6800633668899536
8,15,0.6499632000923157
8,16,0.6489461660385132
8,17,0.6444369554519653
8,18,0.673202633857727
8,19,0.6763278245925903
9,0,0.6302551627159119
9,1,0.70576411485672
9,2,0.6403573751449585
9,3,0.6551669836044312
9,4,0.7043817043304443
9,5,0.7042835354804993
9,6,0.6553308963775635
9,7,0.6334564089775085
9,8,0.6320679187774658
9,9,0.6519873142242432
9,10,0.6466978788375854
9,11,0.6241649389266968
9,12,0.6436589956283569
9,13,0.6528254747390747
9,14,0.6455971002578735
9,15,0.6762987375259399
9,16,0.6431001424789429
9,17,0.7576721906661987
9,18,0.6482861638069153
9,19,0.6647058725357056
10,0,0.6905446648597717
10,1,0.6279342770576477
10,2,0.6521708965301514
10,3,0.6227246522903442
10,4,0.6287147998809814
10,5,0.642312228679657
10,6,0.6717395186424255
10,7,0.681520402431488
10,8,0.6784506440162659
10,9,0.6206474304199219
10,10,0.6412879228591919
10,11,0.6252726316452026
10,12,0.6421958804130554
10,13,0.6434623003005981
10,14,0.6534543633460999
10,15,0.6795819997787476
10,16,0.6288665533065796
10,17,0.6230717897415161
10,18,0.6351836919784546
10,19,0.603223443031311
11,0,0.6546894907951355
11,1,0.6793509125709534
11,2,0.5923837423324585
11,3,0.6925026178359985
11,4,0.6675447225570679
11,5,0.5959812998771667
11,6,0.6818453073501587
11,7,0.6871951222419739
11,8,0.6056380867958069
11,9,0.6013770699501038
11,10,0.6043433547019958
11,11,0.6151273250579834
11,12,0.6277929544448853
11,13,0.6537273526191711
11,14,0.6364990472793579
11,15,0.5998188257217407
11,16,0.662585973739624
11,17,0.6068748831748962
11,18,0.6523967981338501
11,19,0.630855143070221
12,0,0.5967161655426025
12,1,0.7031436562538147
12,2,0.618762731552124
12,3,0.6453493237495422
12,4,0.6353762149810791
12,5,0.6853218078613281
12,6,0.6278518438339233
12,7,0.6046409606933594
12,8,0.63648521900177
12,9,0.5897740125656128
12,10,0.6674512028694153
12,11,0.7294164896011353
12,12,0.6235186457633972
12,13,0.6968194246292114
12,14,0.667912483215332
12,15,0.6126434206962585
12,16,0.6402720212936401
12,17,0.6034109592437744
12,18,0.6559329628944397
12,19,0.596181333065033
13,0,0.7429173588752747
13,1,0.6807354688644409
13,2,0.5694628357887268
13,3,0.5823343992233276
13,4,0.646686851978302
13,5,0.643990695476532
13,6,0.6209457516670227
13,7,0.5826438069343567
13,8,0.5733579993247986
13,9,0.6239851713180542
13,10,0.6278501152992249
13,11,0.65749591588974
13,12,0.6051350831985474
13,13,0.5665628910064697
13,14,0.5999314188957214
13,15,0.6243394613265991
13,16,0.6333062052726746
13,17,0.6220823526382446
13,18,0.681577742099762
13,19,0.6437376737594604
14,0,0.5285884141921997
14,1,0.5735925436019897
14,2,0.5639764070510864
14,3,0.6326885223388672
14,4,0.5974500179290771
14,5,0.5916848182678223
14,6,0.5397153496742249
14,7,0.6978669166564941
14,8,0.6527100801467896
14,9,0.5227696895599365
14,10,0.5352909564971924
14,11,0.6837621927261353
14,12,0.6234327554702759
14,13,0.6431452035903931
14,14,0.6752885580062866
14,15,0.6523600220680237
14,16,0.5673848390579224
14,17,0.6735355257987976
14,18,0.5943970084190369
14,19,0.5086854696273804
15,0,0.5849735736846924
15,1,0.6081641912460327
15,2,0.5247847437858582
15,3,0.5390805006027222
15,4,0.46946603059768677
15,5,0.7222205400466919
15,6,0.5677803754806519
15,7,0.565146267414093
15,8,0.7067170739173889
15,9,0.6651176810264587
15,10,0.62934410572052
15,11,0.5952105522155762
15,12,0.6469590067863464
15,13,0.587944507598877
15,14,0.5343772172927856
15,15,0.8554560542106628
15,16,0.6326637864112854
15,17,0.6769401431083679
15,18,0.5747796893119812
15,19,0.6268924474716187
16,0,0.5428562760353088
16,1,0.5460097789764404
16,2,0.5286811590194702
16,3,0.6471954584121704
16,4,0.5078064203262329
16,5,0.5674654841423035
16,6,0.6783578991889954
16,7,0.5261258482933044
16,8,0.5887899398803711
16,9,0.6534472703933716
16,10,0.5349887013435364
16,11,0.6625894904136658
16,12,0.59120774269104
16,13,0.5570193529129028
16,14,0.6322625875473022
16,15,0.49338310956954956
16,16,0.5019153356552124
16,17,0.5228602290153503
16,18,0.5840339064598083
16,19,0.6817306280136108
17,0,0.519992470741272
17,1,0.5524919629096985
17,2,0.5852222442626953
17,3,0.5045311450958252
17,4,0.484457403421402
17,5,0.5884218215942383
17,6,0.5724722146987915
17,7,0.544368326663971
17,8,0.5966829061508179
17,9,0.5084303021430969
17,10,0.6206566691398621
17,11,0.4536805748939514
17,12,0.7043632864952087
17,13,0.5592582821846008
17,14,0.6567258834838867
17,15,0.5194490551948547
17,16,0.5448289513587952
17,17,0.5875602960586548
17,18,0.6841867566108704
17,19,0.5042882561683655
18,0,0.6468504667282104
18,1,0.5849709510803223
18,2,0.6435664296150208
18,3,0.5595054626464844
18,4,0.45827358961105347
18,5,0.573204517364502
18,6,0.4730015695095062
18,7,0.5187137722969055
18,8,0.6178763508796692
18,9,0.5998910665512085
18,10,0.6121396422386169
18,11,0.5229157209396362
18,12,0.5335985422134399
18,13,0.6412267684936523
18,14,0.5466030240058899
18,15,0.5534597635269165
18,16,0.5016766786575317
18,17,0.6995865106582642
18,18,0.5417961478233337
18,19,0.47882169485092163
19,0,0.5948485732078552
19,1,0.6118277311325073
19,2,0.49455490708351135
19,3,0.5920973420143127
19,4,0.5304754972457886
19,5,0.6970017552375793
19,6,0.4604366421699524
19,7,0.6430546045303345
19,8,0.5802523493766785
19,9,0.413184255361557
19,10,0.5044086575508118
19,11,0.43368634581565857
19,12,0.4875282645225525
19,13,0.6214939951896667
19,14,0.4720863699913025
19,15,0.43208247423171997
19,16,0.5159286856651306
19,17,0.562635064125061
19,18,0.5224696397781372
19,19,0.5130241513252258