y_true: [-0.65018821  0.53281015  0.49665552 -0.1984587   0.30947819 -0.24304697
 -0.03290847 -0.09715477 -0.1452079   0.87052011  0.374596   -0.11506206
 -0.32727876  0.2752631   0.21259516  0.17342159 -0.34828225  0.06260063
 -0.0344236   0.13040362  0.9176057  -0.62353426 -0.6736809   0.9054938
  0.20312536  0.21343169  0.1654294  -0.84784466 -0.28151184 -0.26691633
 -0.19216131 -0.53667438 -0.11245651  0.38323104 -0.12755869 -0.35350382
  0.33923489 -0.74991912  0.44715691 -0.39361614  0.03660766  0.36901128
  0.51410341 -0.34599361 -0.8176707   0.59257859  0.11401354  0.83219773
 -0.7777136  -0.78979379 -0.12351869 -0.01369487  0.13337448 -0.00933307
  0.42925584 -0.42058    -0.60312909  0.55884045 -0.13076673  0.22588012
  0.01613788  0.10222853  0.37742126 -0.65572703 -0.26911494  0.10164671
 -0.1739611   0.42433637 -0.29183999  0.21348637  0.49122152  0.15828159
 -0.85824412 -0.45555675  0.21682617 -0.29688942 -0.31875274 -0.68433672
  0.27176446 -0.15195391 -0.60094184  0.36716241  0.01092578 -0.04855493
  1.          0.05589242 -0.09750014  0.06800747 -0.32690504  0.3710416
  0.37066382 -0.24479263 -0.23817019 -1.         -0.73131692 -0.76803148
 -0.35190848 -0.11656986 -0.3688519   0.19657342]
y_pred: [0.21679688 0.48242188 0.49121094 0.1484375  0.20898438 0.13769531
 0.21582031 0.32519531 0.30957031 0.44824219 0.48828125 0.13769531
 0.27441406 0.5703125  0.13574219 0.20410156 0.16601562 0.23632812
 0.1640625  0.32714844 0.52929688 0.11523438 0.12207031 0.17285156
 0.2265625  0.43457031 0.37890625 0.16015625 0.1953125  0.16308594
 0.40332031 0.22949219 0.24023438 0.20507812 0.27441406 0.17871094
 0.18164062 0.19433594 0.28125    0.15625    0.20800781 0.34765625
 0.25585938 0.30175781 0.26953125 0.27246094 0.44433594 0.3359375
 0.13378906 0.41992188 0.24804688 0.17089844 0.34667969 0.19628906
 0.36230469 0.24707031 0.21582031 0.17480469 0.16796875 0.34667969
 0.2890625  0.32324219 0.23144531 0.15722656 0.18457031 0.18554688
 0.31835938 0.27050781 0.25097656 0.16113281 0.29785156 0.15332031
 0.13476562 0.18066406 0.25292969 0.1015625  0.32324219 0.14257812
 0.50683594 0.36816406 0.15429688 0.16503906 0.18359375 0.18066406
 0.23828125 0.23535156 0.19921875 0.234375   0.13183594 0.22070312
 0.52148438 0.22363281 0.58886719 0.13574219 0.24609375 0.11621094
 0.26269531 0.20410156 0.15917969 0.34375   ]
num_samples: 100
mae: 0.4135653498955071
mse: 0.2580274877765137
rmse: 0.5079640615009232
r-squared: -0.3237415934062331
adj r-squared: -0.37947808154965323
