y_true: [-0.65018821  0.53281015  0.49665552 -0.1984587   0.30947819 -0.24304697
 -0.03290847 -0.09715477 -0.1452079   0.87052011  0.374596   -0.11506206
 -0.32727876  0.2752631   0.21259516  0.17342159 -0.34828225  0.06260063
 -0.0344236   0.13040362  0.9176057  -0.62353426 -0.6736809   0.9054938
  0.20312536  0.21343169  0.1654294  -0.84784466 -0.28151184 -0.26691633
 -0.19216131 -0.53667438 -0.11245651  0.38323104 -0.12755869 -0.35350382
  0.33923489 -0.74991912  0.44715691 -0.39361614  0.03660766  0.36901128
  0.51410341 -0.34599361 -0.8176707   0.59257859  0.11401354  0.83219773
 -0.7777136  -0.78979379 -0.12351869 -0.01369487  0.13337448 -0.00933307
  0.42925584 -0.42058    -0.60312909  0.55884045 -0.13076673  0.22588012
  0.01613788  0.10222853  0.37742126 -0.65572703 -0.26911494  0.10164671
 -0.1739611   0.42433637 -0.29183999  0.21348637  0.49122152  0.15828159
 -0.85824412 -0.45555675  0.21682617 -0.29688942 -0.31875274 -0.68433672
  0.27176446 -0.15195391 -0.60094184  0.36716241  0.01092578 -0.04855493
  1.          0.05589242 -0.09750014  0.06800747 -0.32690504  0.3710416
  0.37066382 -0.24479263 -0.23817019 -1.         -0.73131692 -0.76803148
 -0.35190848 -0.11656986 -0.3688519   0.19657342]
y_pred: [0.20507812 0.48339844 0.48925781 0.13867188 0.21875    0.16113281
 0.21972656 0.3125     0.30371094 0.42285156 0.50390625 0.15527344
 0.27050781 0.54394531 0.14746094 0.18164062 0.1796875  0.20214844
 0.15820312 0.33789062 0.5390625  0.12109375 0.14257812 0.16601562
 0.22851562 0.43261719 0.38769531 0.15136719 0.1796875  0.17285156
 0.37792969 0.22851562 0.234375   0.23339844 0.29785156 0.16015625
 0.18554688 0.17285156 0.26074219 0.15625    0.24804688 0.359375
 0.23828125 0.29003906 0.28417969 0.26953125 0.4453125  0.33496094
 0.15234375 0.44140625 0.25585938 0.16699219 0.33300781 0.2109375
 0.32324219 0.23730469 0.19238281 0.15625    0.20605469 0.31152344
 0.26074219 0.3359375  0.25683594 0.17382812 0.20703125 0.17382812
 0.33007812 0.28808594 0.24511719 0.19628906 0.26953125 0.14746094
 0.140625   0.15332031 0.25683594 0.13183594 0.33300781 0.14941406
 0.50097656 0.34570312 0.16503906 0.16992188 0.19921875 0.19335938
 0.24121094 0.25390625 0.17285156 0.26269531 0.12109375 0.22460938
 0.53222656 0.24023438 0.55957031 0.14550781 0.22753906 0.12402344
 0.23339844 0.22558594 0.15332031 0.328125  ]
num_samples: 100
mae: 0.4137606623955071
mse: 0.25861077616228295
rmse: 0.5085378807545048
r-squared: -0.32673399977288464
adj r-squared: -0.38259648397384804
best_epoch: 18
