y_true: [-0.09306899 -0.27258253  0.16008958 -0.21116664  0.43398401 -0.47863573
  0.13426128  0.4431476   0.03394356 -0.66466618 -0.90634233 -0.45854884
  0.14801385 -0.60822886 -0.3242591  -0.41356704  0.07069704 -0.14115196
  0.10566022 -0.31720424  0.31918573  0.12998202  0.18358937 -0.52108032
  0.14270498 -0.47245744  1.         -0.2601712   0.28752375 -0.50259739
 -0.25498039 -0.44466028 -0.36699945 -0.20722339  0.19620712  0.28771925
  0.10925925  0.18319859  0.14105712  0.08759619 -0.5333789  -0.27776584
  0.35615945  0.71544284  0.10306858 -0.28524476  0.41363949 -0.27164999
 -0.78121418 -0.14312677 -0.13701206  0.28922158 -0.16102125  0.03250793
 -0.17595549 -0.22449546 -0.36383826 -0.44776741 -0.5605303  -0.36122587
 -0.92949069 -0.2962257  -0.30238786  0.31293711 -0.5221343  -0.51151502
 -0.04999832 -0.57095283 -0.15971498 -0.41722029 -0.30357891  0.41096601
 -0.89337683 -0.11942037  0.07071843 -0.6897741  -0.21217309 -0.16200756
 -0.24971506 -0.62025106  0.52128953 -0.12497903 -1.         -0.48076969
  0.53718424  0.1669915   0.20092726 -0.25984648 -0.06745447 -0.49520519
 -0.58735007  0.4650262  -0.58803445 -0.02626549  0.4374218  -0.15792395
 -0.15446329  0.09326684 -0.38089329 -0.714634  ]
y_pred: [ 0.12783138 -0.22192329  0.17709443 -0.3181687   0.34327254 -0.52725071
  0.30372953 -0.03511893  0.33558524 -0.51985186 -0.43813851 -0.47313121
  0.29097337 -0.15059641 -0.37539601 -0.4608309   0.18414986  0.18299477
  0.2537666  -0.01928086  0.13642898 -0.06533764  0.36067581 -0.41219991
  0.27853578 -0.52237773  0.35360762 -0.13457295  0.20629464 -0.21429071
  0.16746926 -0.27374226 -0.07992226 -0.28215644  0.02701854  0.26829562
 -0.31984773  0.2949715   0.07369712  0.14431247 -0.1641022  -0.05495283
  0.26844805 -0.12616493  0.0228898   0.02299114  0.13782281  0.03798928
 -0.27901235  0.04812022 -0.48739496  0.38145742 -0.21961109 -0.23678568
  0.19158934 -0.19378264 -0.08628757 -0.09967908 -0.24749365 -0.29860786
 -0.4981479  -0.47994649 -0.13537002  0.23710005 -0.37441346 -0.40355286
 -0.25896388 -0.4739252  -0.53525239 -0.14856498 -0.38719761  0.34509125
 -0.50244725 -0.09644829  0.02315002 -0.34375682 -0.16697161 -0.38389719
 -0.27324557 -0.28388041 -0.03839571  0.07160916 -0.34500891 -0.38443899
  0.17791013  0.02190868  0.15357406 -0.12844792  0.06134479 -0.29572454
 -0.25651827  0.27179271 -0.30455765  0.05977639 -0.01580368  0.28972617
 -0.21742927 -0.36109778 -0.23394211 -0.15486278]
num_samples: 100
mae: 0.22038797715678812
mse: 0.07628332222217046
rmse: 0.276194355883987
r-squared: 0.4834141286441438
adj r-squared: 0.43799998610736524
best_epoch: 29
