y_true: [-0.09306899 -0.27258253  0.16008958 -0.21116664  0.43398401 -0.47863573
  0.13426128  0.4431476   0.03394356 -0.66466618 -0.90634233 -0.45854884
  0.14801385 -0.60822886 -0.3242591  -0.41356704  0.07069704 -0.14115196
  0.10566022 -0.31720424  0.31918573  0.12998202  0.18358937 -0.52108032
  0.14270498 -0.47245744  1.         -0.2601712   0.28752375 -0.50259739
 -0.25498039 -0.44466028 -0.36699945 -0.20722339  0.19620712  0.28771925
  0.10925925  0.18319859  0.14105712  0.08759619 -0.5333789  -0.27776584
  0.35615945  0.71544284  0.10306858 -0.28524476  0.41363949 -0.27164999
 -0.78121418 -0.14312677 -0.13701206  0.28922158 -0.16102125  0.03250793
 -0.17595549 -0.22449546 -0.36383826 -0.44776741 -0.5605303  -0.36122587
 -0.92949069 -0.2962257  -0.30238786  0.31293711 -0.5221343  -0.51151502
 -0.04999832 -0.57095283 -0.15971498 -0.41722029 -0.30357891  0.41096601
 -0.89337683 -0.11942037  0.07071843 -0.6897741  -0.21217309 -0.16200756
 -0.24971506 -0.62025106  0.52128953 -0.12497903 -1.         -0.48076969
  0.53718424  0.1669915   0.20092726 -0.25984648 -0.06745447 -0.49520519
 -0.58735007  0.4650262  -0.58803445 -0.02626549  0.4374218  -0.15792395
 -0.15446329  0.09326684 -0.38089329 -0.714634  ]
y_pred: [ 0.10397445 -0.20970534  0.1692708  -0.29503095  0.32998359 -0.53036606
  0.34399962 -0.10567792  0.32103994 -0.53812277 -0.43174446 -0.45852587
  0.29272845 -0.17627911 -0.39009288 -0.47393477  0.17299998  0.18295828
  0.24335867 -0.04984808  0.1096388  -0.0322946   0.35431311 -0.38628286
  0.26329538 -0.53141642  0.35774791 -0.15236135  0.19277345 -0.11026073
  0.20711511 -0.26420513 -0.02987093 -0.30606103  0.08261147  0.25213695
 -0.3012163   0.31792921  0.0588364   0.16655304 -0.20803775 -0.02290639
  0.27725932 -0.0344104   0.06518194 -0.02709046  0.14582792  0.01293669
 -0.29402119  0.0178683  -0.47117203  0.41076434 -0.21003294 -0.20777003
  0.18452983 -0.16511445 -0.09670356 -0.18448478 -0.32375264 -0.32471514
 -0.49441332 -0.49858519 -0.1288932   0.25784776 -0.37317863 -0.44149202
 -0.20410022 -0.46794164 -0.50695163 -0.09003256 -0.32739988  0.31298238
 -0.51906186 -0.15639855  0.06259934 -0.29759285 -0.06199782 -0.37623176
 -0.22933485 -0.2461475  -0.02196911  0.01392029 -0.35626549 -0.36373448
  0.10607107  0.01667644  0.13189691 -0.17813443  0.10461    -0.23920318
 -0.2867513   0.25912887 -0.28896275  0.04323032  0.01514565  0.31049931
 -0.20847815 -0.33617255 -0.27037653 -0.12833102]
num_samples: 100
mae: 0.2185014242026955
mse: 0.07493545745932186
rmse: 0.2737434153716247
r-squared: 0.4925417842404497
adj r-squared: 0.44793007296488485
