epoch,batch,train_batch_loss
0,0,0.10965148359537125
0,1,0.030170345678925514
0,2,0.1161503791809082
0,3,0.24275889992713928
0,4,0.26095935702323914
0,5,0.20418903231620789
0,6,0.11213292926549911
0,7,0.22176912426948547
0,8,0.16165350377559662
0,9,0.1825115978717804
1,0,0.16836878657341003
1,1,0.1424778401851654
1,2,0.1552117019891739
1,3,0.1189066618680954
1,4,0.05531041696667671
1,5,0.08424566686153412
1,6,0.2484818696975708
1,7,0.13181158900260925
1,8,0.18849900364875793
1,9,0.1526322215795517
2,0,0.05807942897081375
2,1,0.2932082414627075
2,2,0.1855013072490692
2,3,0.1276765912771225
2,4,0.12134896218776703
2,5,0.1275840699672699
2,6,0.10818181186914444
2,7,0.17497386038303375
2,8,0.17276309430599213
2,9,0.08888021111488342
3,0,0.1290428787469864
3,1,0.13350751996040344
3,2,0.08550447225570679
3,3,0.06571166962385178
3,4,0.09031067788600922
3,5,0.3508155047893524
3,6,0.10771434009075165
3,7,0.20388789474964142
3,8,0.1202336773276329
3,9,0.10073848813772202
4,0,0.11730146408081055
4,1,0.10558801889419556
4,2,0.15849445760250092
4,3,0.09911244362592697
4,4,0.11626805365085602
4,5,0.1500696837902069
4,6,0.06730014830827713
4,7,0.1355741322040558
4,8,0.14949190616607666
4,9,0.27831703424453735
5,0,0.07407043874263763
5,1,0.08757181465625763
5,2,0.28285521268844604
5,3,0.09615921229124069
5,4,0.11810155212879181
5,5,0.06712476164102554
5,6,0.2038077414035797
5,7,0.12126302719116211
5,8,0.1577044427394867
5,9,0.1773625612258911
6,0,0.1314087063074112
6,1,0.11716385930776596
6,2,0.10045866668224335
6,3,0.2554642856121063
6,4,0.36362671852111816
6,5,0.16588881611824036
6,6,0.12497122585773468
6,7,0.06615220010280609
6,8,0.09988129138946533
6,9,0.04855598136782646
7,0,0.11935146152973175
7,1,0.21026869118213654
7,2,0.05395649001002312
7,3,0.08483588695526123
7,4,0.14633801579475403
7,5,0.09549935907125473
7,6,0.20838391780853271
7,7,0.18282756209373474
7,8,0.12345866858959198
7,9,0.08235447108745575
8,0,0.17881925404071808
8,1,0.11464478075504303
8,2,0.1539691984653473
8,3,0.14692558348178864
8,4,0.13184306025505066
8,5,0.06205158680677414
8,6,0.2562907040119171
8,7,0.12502466142177582
8,8,0.05952077358961105
8,9,0.06714659184217453
9,0,0.13036151230335236
9,1,0.20134516060352325
9,2,0.11368117481470108
9,3,0.043205320835113525
9,4,0.19687184691429138
9,5,0.059549249708652496
9,6,0.16707304120063782
9,7,0.09359371662139893
9,8,0.10788293182849884
9,9,0.20560085773468018
10,0,0.12017717212438583
10,1,0.10271402448415756
10,2,0.11548246443271637
10,3,0.11527304351329803
10,4,0.14780154824256897
10,5,0.2595375180244446
10,6,0.12720079720020294
10,7,0.1732288897037506
10,8,0.18235497176647186
10,9,0.057080961763858795
11,0,0.07317467033863068
11,1,0.1270860731601715
11,2,0.10478715598583221
11,3,0.07005883008241653
11,4,0.14693816006183624
11,5,0.07399933785200119
11,6,0.12029369175434113
11,7,0.2557491660118103
11,8,0.18108174204826355
11,9,0.06980422884225845
12,0,0.08324243128299713
12,1,0.05194171145558357
12,2,0.09712667018175125
12,3,0.1204155683517456
12,4,0.08283469825983047
12,5,0.14467719197273254
12,6,0.2127104103565216
12,7,0.06303838640451431
12,8,0.14998415112495422
12,9,0.12508460879325867
13,0,0.15350869297981262
13,1,0.10491536557674408
13,2,0.06911654770374298
13,3,0.07607462257146835
13,4,0.07613401114940643
13,5,0.19547303020954132
13,6,0.1895507276058197
13,7,0.08271555602550507
13,8,0.0999598577618599
13,9,0.1160808578133583
14,0,0.10917018353939056
14,1,0.03868167847394943
14,2,0.08904718607664108
14,3,0.13500121235847473
14,4,0.07754812389612198
14,5,0.05774153396487236
14,6,0.06515301764011383
14,7,0.11068113148212433
14,8,0.2698414921760559
14,9,0.17500010132789612
15,0,0.13139931857585907
15,1,0.2198123037815094
15,2,0.050784628838300705
15,3,0.06310703605413437
15,4,0.10175713151693344
15,5,0.11714334785938263
15,6,0.15050378441810608
15,7,0.14294494688510895
15,8,0.054061174392700195
15,9,0.11187313497066498
16,0,0.054575301706790924
16,1,0.15643660724163055
16,2,0.09154681861400604
16,3,0.12459161132574081
16,4,0.08458506315946579
16,5,0.1528032124042511
16,6,0.0584150068461895
16,7,0.11550305783748627
16,8,0.12304913997650146
16,9,0.06563015282154083
17,0,0.012731340713799
17,1,0.06084970384836197
17,2,0.09073296934366226
17,3,0.13647189736366272
17,4,0.2221646010875702
17,5,0.16026648879051208
17,6,0.11128290742635727
17,7,0.06380926817655563
17,8,0.08351630717515945
17,9,0.053379125893116
18,0,0.12562009692192078
18,1,0.054985083639621735
18,2,0.045500028878450394
18,3,0.1374334692955017
18,4,0.06120997667312622
18,5,0.16000108420848846
18,6,0.0710860937833786
18,7,0.1490289717912674
18,8,0.09038146585226059
18,9,0.0798657163977623
19,0,0.03965799883008003
19,1,0.057317476719617844
19,2,0.09857223927974701
19,3,0.09409686923027039
19,4,0.21798983216285706
19,5,0.1152527928352356
19,6,0.06167787313461304
19,7,0.08018363267183304
19,8,0.09050631523132324
19,9,0.07751473784446716
20,0,0.14054907858371735
20,1,0.04793979972600937
20,2,0.0587015338242054
20,3,0.04746648296713829
20,4,0.11433155834674835
20,5,0.09904955327510834
20,6,0.12369900941848755
20,7,0.05656583234667778
20,8,0.058347977697849274
20,9,0.13486310839653015
21,0,0.09897209703922272
21,1,0.06475009769201279
21,2,0.07388944923877716
21,3,0.12762121856212616
21,4,0.0888858437538147
21,5,0.06324124336242676
21,6,0.04148336499929428
21,7,0.1301155388355255
21,8,0.12225790321826935
21,9,0.08890290558338165
22,0,0.016283979639410973
22,1,0.07379362732172012
22,2,0.09702348709106445
22,3,0.06199374794960022
22,4,0.04285132512450218
22,5,0.15116310119628906
22,6,0.12663504481315613
22,7,0.05196138471364975
22,8,0.07033698260784149
22,9,0.11323914676904678
23,0,0.03733374923467636
23,1,0.11983978748321533
23,2,0.08299772441387177
23,3,0.10360598564147949
23,4,0.17647266387939453
23,5,0.03343387693166733
23,6,0.10695312917232513
23,7,0.05314559489488602
23,8,0.08790979534387589
23,9,0.1215740293264389
24,0,0.04709412530064583
24,1,0.10576717555522919
24,2,0.1273539960384369
24,3,0.08126424998044968
24,4,0.06471707671880722
24,5,0.15134426951408386
24,6,0.11343805491924286
24,7,0.035005781799554825
24,8,0.06689101457595825
24,9,0.06951820850372314
25,0,0.045897163450717926
25,1,0.0264459066092968
25,2,0.0718836784362793
25,3,0.14815539121627808
25,4,0.0784037783741951
25,5,0.07286911457777023
25,6,0.07695624977350235
25,7,0.10953478515148163
25,8,0.04649835079908371
25,9,0.12071279436349869
26,0,0.06543510407209396
26,1,0.0360424630343914
26,2,0.11136597394943237
26,3,0.04479941353201866
26,4,0.07967494428157806
26,5,0.1129373162984848
26,6,0.06429854035377502
26,7,0.07521995902061462
26,8,0.030088892206549644
26,9,0.17629586160182953
27,0,0.04106706753373146
27,1,0.05653027445077896
27,2,0.1631137579679489
27,3,0.06292153149843216
27,4,0.03993193432688713
27,5,0.15168173611164093
27,6,0.07426977157592773
27,7,0.056775640696287155
27,8,0.059431642293930054
27,9,0.0870332419872284
28,0,0.10336723178625107
28,1,0.06957201659679413
28,2,0.061099909245967865
28,3,0.10106267035007477
28,4,0.07514061033725739
28,5,0.055439628660678864
28,6,0.039831534028053284
28,7,0.06103842705488205
28,8,0.03846603259444237
28,9,0.187726691365242
29,0,0.07578682899475098
29,1,0.03514210134744644
29,2,0.08034449070692062
29,3,0.04707755520939827
29,4,0.07425437867641449
29,5,0.05625360086560249
29,6,0.0568707175552845
29,7,0.09207175672054291
29,8,0.08626934140920639
29,9,0.13797715306282043