y_true: [-0.65018821  0.53281015  0.49665552 -0.1984587   0.30947819 -0.24304697
 -0.03290847 -0.09715477 -0.1452079   0.87052011  0.374596   -0.11506206
 -0.32727876  0.2752631   0.21259516  0.17342159 -0.34828225  0.06260063
 -0.0344236   0.13040362  0.9176057  -0.62353426 -0.6736809   0.9054938
  0.20312536  0.21343169  0.1654294  -0.84784466 -0.28151184 -0.26691633
 -0.19216131 -0.53667438 -0.11245651  0.38323104 -0.12755869 -0.35350382
  0.33923489 -0.74991912  0.44715691 -0.39361614  0.03660766  0.36901128
  0.51410341 -0.34599361 -0.8176707   0.59257859  0.11401354  0.83219773
 -0.7777136  -0.78979379 -0.12351869 -0.01369487  0.13337448 -0.00933307
  0.42925584 -0.42058    -0.60312909  0.55884045 -0.13076673  0.22588012
  0.01613788  0.10222853  0.37742126 -0.65572703 -0.26911494  0.10164671
 -0.1739611   0.42433637 -0.29183999  0.21348637  0.49122152  0.15828159
 -0.85824412 -0.45555675  0.21682617 -0.29688942 -0.31875274 -0.68433672
  0.27176446 -0.15195391 -0.60094184  0.36716241  0.01092578 -0.04855493
  1.          0.05589242 -0.09750014  0.06800747 -0.32690504  0.3710416
  0.37066382 -0.24479263 -0.23817019 -1.         -0.73131692 -0.76803148
 -0.35190848 -0.11656986 -0.3688519   0.19657342]
y_pred: [0.10839844 0.44140625 0.4921875  0.0546875  0.14550781 0.04199219
 0.15039062 0.24511719 0.26953125 0.44140625 0.4609375  0.03515625
 0.2109375  0.55175781 0.07324219 0.0859375  0.07617188 0.14453125
 0.08496094 0.27929688 0.54199219 0.01757812 0.00976562 0.109375
 0.16601562 0.3984375  0.33398438 0.046875   0.08007812 0.07226562
 0.34765625 0.18066406 0.14257812 0.15332031 0.20703125 0.06640625
 0.09667969 0.11621094 0.234375   0.06445312 0.17675781 0.30078125
 0.1875     0.2578125  0.18554688 0.21875    0.43945312 0.29003906
 0.04980469 0.38964844 0.18359375 0.09375    0.33496094 0.11523438
 0.28417969 0.17773438 0.10546875 0.09863281 0.10058594 0.29296875
 0.19335938 0.28222656 0.16015625 0.06738281 0.09863281 0.08691406
 0.26074219 0.22851562 0.18066406 0.09765625 0.25195312 0.06933594
 0.02441406 0.08496094 0.17480469 0.01660156 0.28808594 0.02636719
 0.49414062 0.33007812 0.04589844 0.06835938 0.11035156 0.09570312
 0.15917969 0.19726562 0.11035156 0.21386719 0.04199219 0.14257812
 0.52929688 0.125      0.52636719 0.00390625 0.14257812 0.01855469
 0.18164062 0.13183594 0.06347656 0.2734375 ]
num_samples: 100
mae: 0.37478019969537857
mse: 0.21198421172454485
rmse: 0.4604174320380853
r-squared: -0.08752877696604577
adj r-squared: -0.13331946231198444
best_epoch: 29
