y_true: [-0.65018821  0.53281015  0.49665552 -0.1984587   0.30947819 -0.24304697
 -0.03290847 -0.09715477 -0.1452079   0.87052011  0.374596   -0.11506206
 -0.32727876  0.2752631   0.21259516  0.17342159 -0.34828225  0.06260063
 -0.0344236   0.13040362  0.9176057  -0.62353426 -0.6736809   0.9054938
  0.20312536  0.21343169  0.1654294  -0.84784466 -0.28151184 -0.26691633
 -0.19216131 -0.53667438 -0.11245651  0.38323104 -0.12755869 -0.35350382
  0.33923489 -0.74991912  0.44715691 -0.39361614  0.03660766  0.36901128
  0.51410341 -0.34599361 -0.8176707   0.59257859  0.11401354  0.83219773
 -0.7777136  -0.78979379 -0.12351869 -0.01369487  0.13337448 -0.00933307
  0.42925584 -0.42058    -0.60312909  0.55884045 -0.13076673  0.22588012
  0.01613788  0.10222853  0.37742126 -0.65572703 -0.26911494  0.10164671
 -0.1739611   0.42433637 -0.29183999  0.21348637  0.49122152  0.15828159
 -0.85824412 -0.45555675  0.21682617 -0.29688942 -0.31875274 -0.68433672
  0.27176446 -0.15195391 -0.60094184  0.36716241  0.01092578 -0.04855493
  1.          0.05589242 -0.09750014  0.06800747 -0.32690504  0.3710416
  0.37066382 -0.24479263 -0.23817019 -1.         -0.73131692 -0.76803148
 -0.35190848 -0.11656986 -0.3688519   0.19657342]
y_pred: [0.109375   0.45703125 0.51464844 0.05761719 0.15625    0.046875
 0.14550781 0.26171875 0.27636719 0.44335938 0.45996094 0.04492188
 0.20898438 0.52539062 0.04589844 0.08007812 0.08789062 0.13378906
 0.09863281 0.25976562 0.54199219 0.01953125 0.01953125 0.10253906
 0.18066406 0.41503906 0.37890625 0.05273438 0.06640625 0.07617188
 0.32519531 0.15917969 0.14941406 0.12792969 0.22460938 0.08105469
 0.10449219 0.12011719 0.24316406 0.0703125  0.19628906 0.32519531
 0.18652344 0.25585938 0.19140625 0.23925781 0.41113281 0.28320312
 0.05371094 0.39257812 0.1796875  0.11035156 0.29296875 0.10351562
 0.28125    0.19433594 0.13476562 0.09765625 0.11816406 0.26757812
 0.16210938 0.2734375  0.1875     0.08496094 0.09375    0.11523438
 0.26757812 0.25683594 0.17578125 0.09667969 0.23535156 0.06347656
 0.02929688 0.07226562 0.1796875  0.02246094 0.29101562 0.03515625
 0.51660156 0.33007812 0.02734375 0.07910156 0.10839844 0.08691406
 0.171875   0.1875     0.08984375 0.20117188 0.03320312 0.17285156
 0.53710938 0.12109375 0.5546875  0.00585938 0.16894531 0.01269531
 0.19726562 0.13476562 0.07226562 0.29394531]
num_samples: 100
mae: 0.37476727994158865
mse: 0.21365118613088863
rmse: 0.46222417302742685
r-squared: -0.09608074705200886
adj r-squared: -0.14223151534893552
