y_true: [-0.09306899 -0.27258253  0.16008958 -0.21116664  0.43398401 -0.47863573
  0.13426128  0.4431476   0.03394356 -0.66466618 -0.90634233 -0.45854884
  0.14801385 -0.60822886 -0.3242591  -0.41356704  0.07069704 -0.14115196
  0.10566022 -0.31720424  0.31918573  0.12998202  0.18358937 -0.52108032
  0.14270498 -0.47245744  1.         -0.2601712   0.28752375 -0.50259739
 -0.25498039 -0.44466028 -0.36699945 -0.20722339  0.19620712  0.28771925
  0.10925925  0.18319859  0.14105712  0.08759619 -0.5333789  -0.27776584
  0.35615945  0.71544284  0.10306858 -0.28524476  0.41363949 -0.27164999
 -0.78121418 -0.14312677 -0.13701206  0.28922158 -0.16102125  0.03250793
 -0.17595549 -0.22449546 -0.36383826 -0.44776741 -0.5605303  -0.36122587
 -0.92949069 -0.2962257  -0.30238786  0.31293711 -0.5221343  -0.51151502
 -0.04999832 -0.57095283 -0.15971498 -0.41722029 -0.30357891  0.41096601
 -0.89337683 -0.11942037  0.07071843 -0.6897741  -0.21217309 -0.16200756
 -0.24971506 -0.62025106  0.52128953 -0.12497903 -1.         -0.48076969
  0.53718424  0.1669915   0.20092726 -0.25984648 -0.06745447 -0.49520519
 -0.58735007  0.4650262  -0.58803445 -0.02626549  0.4374218  -0.15792395
 -0.15446329  0.09326684 -0.38089329 -0.714634  ]
y_pred: [ 0.24556497 -0.08706469 -0.08651075  0.07437541  0.16752288 -0.36727929
 -0.07696342  0.19158973 -0.06507637 -0.20790587 -0.492226   -0.22869888
  0.09729689 -0.2445603  -0.37063688 -0.3745521  -0.14495791 -0.05377457
 -0.19268765 -0.10890845  0.32543162 -0.02235953 -0.04564682 -0.31883305
  0.06646188 -0.45322409  0.09322468 -0.08811231  0.33955985 -0.32311428
  0.00744982 -0.26449728 -0.34073925 -0.26238039 -0.09188728  0.11627385
 -0.3050577  -0.00122017 -0.07138602  0.07096031 -0.10561358  0.05546463
  0.14583486  0.04922659  0.23498808  0.10304799  0.04876186 -0.20381691
 -0.30404973 -0.15007257 -0.41115957  0.05868619 -0.14722273 -0.30163759
 -0.12278632 -0.03511889 -0.20884299 -0.3235651  -0.24019516 -0.20826413
 -0.46829945 -0.47457954 -0.30018485  0.05825714 -0.27866578 -0.52950472
 -0.28938708 -0.33100256 -0.13887414  0.14463553 -0.23543304  0.01034781
 -0.48848313  0.11645138 -0.19348319 -0.42265138 -0.36248016 -0.25439644
 -0.32313561 -0.14590631 -0.08237686 -0.17760371 -0.51818144 -0.37626979
 -0.00203531 -0.04653965 -0.01413668 -0.12003156 -0.26542634 -0.07372847
 -0.13371418 -0.14429164 -0.39017278 -0.2082036   0.19844829  0.02525943
 -0.31353548 -0.25752231 -0.22770974 -0.38529557]
num_samples: 100
mae: 0.236138162430143
mse: 0.08325626806053783
rmse: 0.28854162275231254
r-squared: 0.4361937769748859
adj r-squared: 0.3866283947309199
best_epoch: 29
