y_true: [-0.09306899 -0.27258253  0.16008958 -0.21116664  0.43398401 -0.47863573
  0.13426128  0.4431476   0.03394356 -0.66466618 -0.90634233 -0.45854884
  0.14801385 -0.60822886 -0.3242591  -0.41356704  0.07069704 -0.14115196
  0.10566022 -0.31720424  0.31918573  0.12998202  0.18358937 -0.52108032
  0.14270498 -0.47245744  1.         -0.2601712   0.28752375 -0.50259739
 -0.25498039 -0.44466028 -0.36699945 -0.20722339  0.19620712  0.28771925
  0.10925925  0.18319859  0.14105712  0.08759619 -0.5333789  -0.27776584
  0.35615945  0.71544284  0.10306858 -0.28524476  0.41363949 -0.27164999
 -0.78121418 -0.14312677 -0.13701206  0.28922158 -0.16102125  0.03250793
 -0.17595549 -0.22449546 -0.36383826 -0.44776741 -0.5605303  -0.36122587
 -0.92949069 -0.2962257  -0.30238786  0.31293711 -0.5221343  -0.51151502
 -0.04999832 -0.57095283 -0.15971498 -0.41722029 -0.30357891  0.41096601
 -0.89337683 -0.11942037  0.07071843 -0.6897741  -0.21217309 -0.16200756
 -0.24971506 -0.62025106  0.52128953 -0.12497903 -1.         -0.48076969
  0.53718424  0.1669915   0.20092726 -0.25984648 -0.06745447 -0.49520519
 -0.58735007  0.4650262  -0.58803445 -0.02626549  0.4374218  -0.15792395
 -0.15446329  0.09326684 -0.38089329 -0.714634  ]
y_pred: [ 0.24870886 -0.15771557 -0.10308975  0.08584803  0.18309917 -0.2818152
 -0.09313583  0.17642868  0.00294888 -0.16464421 -0.48117426 -0.26403928
  0.09158099 -0.25294942 -0.43750522 -0.38171178 -0.13967027  0.00894987
 -0.1374103  -0.14130947  0.27982497 -0.09610766 -0.07875625 -0.3462173
  0.02458948 -0.46538341  0.11495188 -0.08410566  0.33420521 -0.33866811
  0.01269365 -0.2704193  -0.34519544 -0.1875878  -0.12082566  0.11366205
 -0.282006   -0.00194754 -0.01425069  0.11836264 -0.12634733  0.08646061
  0.14237429 -0.01991778  0.23001768  0.13516051  0.03660846 -0.19008856
 -0.30686474 -0.20812142 -0.4016813   0.03918339 -0.09462039 -0.3424781
 -0.18473822 -0.02104479 -0.21985412 -0.32490391 -0.22919059 -0.23246381
 -0.4972074  -0.44931182 -0.35510474  0.0787193  -0.28288677 -0.50528115
 -0.33375603 -0.36187801 -0.22103643  0.15422776 -0.26996177  0.01869242
 -0.47523043  0.1193093  -0.26194003 -0.42281941 -0.34713539 -0.21777071
 -0.30937472 -0.18293403 -0.04265182 -0.17301951 -0.50544822 -0.3650817
  0.02019143 -0.0354977  -0.07352258 -0.16058524 -0.27614027 -0.06781116
 -0.07644696 -0.1310657  -0.4283646  -0.15561943  0.24642771 -0.02117387
 -0.28470033 -0.24297164 -0.23852232 -0.43196762]
num_samples: 100
mae: 0.23623317673453129
mse: 0.08380725894564801
rmse: 0.28949483405692755
r-squared: 0.4324625012752672
adj r-squared: 0.38256909479397205
