y_true: [-0.09306899 -0.27258253  0.16008958 -0.21116664  0.43398401 -0.47863573
  0.13426128  0.4431476   0.03394356 -0.66466618 -0.90634233 -0.45854884
  0.14801385 -0.60822886 -0.3242591  -0.41356704  0.07069704 -0.14115196
  0.10566022 -0.31720424  0.31918573  0.12998202  0.18358937 -0.52108032
  0.14270498 -0.47245744  1.         -0.2601712   0.28752375 -0.50259739
 -0.25498039 -0.44466028 -0.36699945 -0.20722339  0.19620712  0.28771925
  0.10925925  0.18319859  0.14105712  0.08759619 -0.5333789  -0.27776584
  0.35615945  0.71544284  0.10306858 -0.28524476  0.41363949 -0.27164999
 -0.78121418 -0.14312677 -0.13701206  0.28922158 -0.16102125  0.03250793
 -0.17595549 -0.22449546 -0.36383826 -0.44776741 -0.5605303  -0.36122587
 -0.92949069 -0.2962257  -0.30238786  0.31293711 -0.5221343  -0.51151502
 -0.04999832 -0.57095283 -0.15971498 -0.41722029 -0.30357891  0.41096601
 -0.89337683 -0.11942037  0.07071843 -0.6897741  -0.21217309 -0.16200756
 -0.24971506 -0.62025106  0.52128953 -0.12497903 -1.         -0.48076969
  0.53718424  0.1669915   0.20092726 -0.25984648 -0.06745447 -0.49520519
 -0.58735007  0.4650262  -0.58803445 -0.02626549  0.4374218  -0.15792395
 -0.15446329  0.09326684 -0.38089329 -0.714634  ]
y_pred: [-0.04016459 -0.33799076  0.13470109 -0.19369045  0.36626416 -0.60372645
  0.08913019  0.50678474  0.15018919 -0.37993291 -0.63059807 -0.24748652
  0.16921373 -0.52948463 -0.34904727 -0.59518188 -0.15976252  0.23796941
  0.15087593 -0.25005451  0.20555019 -0.25083411  0.01931132 -0.54455477
  0.12635796 -0.43887499  0.58747232 -0.45579082  0.18247175 -0.51680022
 -0.09092787 -0.52074677 -0.48073938 -0.30079341 -0.16538054  0.0761923
  0.03997231  0.21265255  0.09682201  0.25924554 -0.31671843 -0.29386133
 -0.05919389  0.22499384  0.16590296 -0.29210246  0.1635952  -0.19607775
 -0.51058388 -0.40805757 -0.35667339  0.30979642 -0.34275162 -0.49512449
  0.03470552 -0.16524541 -0.57487756 -0.16311778 -0.47419649 -0.16369468
 -0.65984893 -0.50795597 -0.5515092   0.08313657 -0.34006849 -0.63256061
  0.17348495 -0.33738697 -0.3158412  -0.05208515 -0.40663904  0.34598199
 -0.70029628 -0.12030195 -0.05523077 -0.62723833 -0.34079686 -0.47018459
 -0.19549251 -0.47819981  0.28355569 -0.1011832  -0.75658363 -0.59849948
  0.26465887  0.00380753 -0.04427307 -0.44536483 -0.11521754 -0.40116012
 -0.41443479 -0.06191436 -0.73235369 -0.29265127  0.39629886  0.08211529
 -0.29902768 -0.28555009 -0.55495656 -0.52316558]
num_samples: 100
mae: 0.16578881423687564
mse: 0.04198345776581935
rmse: 0.20489865242558172
r-squared: 0.7156906584466466
adj r-squared: 0.6906964306177803
