y_true: [-0.09306899 -0.27258253  0.16008958 -0.21116664  0.43398401 -0.47863573
  0.13426128  0.4431476   0.03394356 -0.66466618 -0.90634233 -0.45854884
  0.14801385 -0.60822886 -0.3242591  -0.41356704  0.07069704 -0.14115196
  0.10566022 -0.31720424  0.31918573  0.12998202  0.18358937 -0.52108032
  0.14270498 -0.47245744  1.         -0.2601712   0.28752375 -0.50259739
 -0.25498039 -0.44466028 -0.36699945 -0.20722339  0.19620712  0.28771925
  0.10925925  0.18319859  0.14105712  0.08759619 -0.5333789  -0.27776584
  0.35615945  0.71544284  0.10306858 -0.28524476  0.41363949 -0.27164999
 -0.78121418 -0.14312677 -0.13701206  0.28922158 -0.16102125  0.03250793
 -0.17595549 -0.22449546 -0.36383826 -0.44776741 -0.5605303  -0.36122587
 -0.92949069 -0.2962257  -0.30238786  0.31293711 -0.5221343  -0.51151502
 -0.04999832 -0.57095283 -0.15971498 -0.41722029 -0.30357891  0.41096601
 -0.89337683 -0.11942037  0.07071843 -0.6897741  -0.21217309 -0.16200756
 -0.24971506 -0.62025106  0.52128953 -0.12497903 -1.         -0.48076969
  0.53718424  0.1669915   0.20092726 -0.25984648 -0.06745447 -0.49520519
 -0.58735007  0.4650262  -0.58803445 -0.02626549  0.4374218  -0.15792395
 -0.15446329  0.09326684 -0.38089329 -0.714634  ]
y_pred: [-0.0688045  -0.29272652  0.15322839 -0.24049225  0.3675335  -0.65268856
 -0.01551355  0.45101592  0.14088666 -0.40579501 -0.63453394 -0.24887118
  0.18159607 -0.50798655 -0.3724823  -0.57186222 -0.15133359  0.23640537
  0.19799906 -0.23463778  0.1688966  -0.25146589  0.13353604 -0.51422268
  0.15398651 -0.40797451  0.58516032 -0.44982398  0.28613421 -0.56066245
 -0.02365282 -0.53730178 -0.43603453 -0.28187671 -0.09617703  0.11270909
 -0.05485881  0.15208654  0.04130147  0.23060407 -0.26627061 -0.27415702
  0.10241263  0.24318069  0.10982688 -0.20968357  0.11786887 -0.22737448
 -0.51477617 -0.39675704 -0.35022831  0.36586699 -0.3596063  -0.58003134
  0.0547954  -0.13874428 -0.45538291 -0.16867128 -0.54851466 -0.19168724
 -0.60105097 -0.55074286 -0.57615304  0.11928667 -0.40756193 -0.62643009
  0.15211453 -0.37700844 -0.29078114 -0.026249   -0.38941365  0.32961482
 -0.68931907 -0.15420069 -0.03263926 -0.64174563 -0.37628824 -0.47761005
 -0.22436228 -0.46316671  0.27073702 -0.05344407 -0.74807996 -0.61496913
  0.17925641 -0.02760332 -0.06344652 -0.47639909 -0.07965141 -0.37134808
 -0.45366076 -0.00779604 -0.72392243 -0.2183273   0.4458898   0.11870315
 -0.33010671 -0.35852283 -0.52626586 -0.54950821]
num_samples: 100
mae: 0.16503843763377518
mse: 0.04251382474163498
rmse: 0.20618880847813972
r-squared: 0.7120990465666326
adj r-squared: 0.6867890726384245
best_epoch: 29
