y_true: [-0.65018821  0.53281015  0.49665552 -0.1984587   0.30947819 -0.24304697
 -0.03290847 -0.09715477 -0.1452079   0.87052011  0.374596   -0.11506206
 -0.32727876  0.2752631   0.21259516  0.17342159 -0.34828225  0.06260063
 -0.0344236   0.13040362  0.9176057  -0.62353426 -0.6736809   0.9054938
  0.20312536  0.21343169  0.1654294  -0.84784466 -0.28151184 -0.26691633
 -0.19216131 -0.53667438 -0.11245651  0.38323104 -0.12755869 -0.35350382
  0.33923489 -0.74991912  0.44715691 -0.39361614  0.03660766  0.36901128
  0.51410341 -0.34599361 -0.8176707   0.59257859  0.11401354  0.83219773
 -0.7777136  -0.78979379 -0.12351869 -0.01369487  0.13337448 -0.00933307
  0.42925584 -0.42058    -0.60312909  0.55884045 -0.13076673  0.22588012
  0.01613788  0.10222853  0.37742126 -0.65572703 -0.26911494  0.10164671
 -0.1739611   0.42433637 -0.29183999  0.21348637  0.49122152  0.15828159
 -0.85824412 -0.45555675  0.21682617 -0.29688942 -0.31875274 -0.68433672
  0.27176446 -0.15195391 -0.60094184  0.36716241  0.01092578 -0.04855493
  1.          0.05589242 -0.09750014  0.06800747 -0.32690504  0.3710416
  0.37066382 -0.24479263 -0.23817019 -1.         -0.73131692 -0.76803148
 -0.35190848 -0.11656986 -0.3688519   0.19657342]
y_pred: [-0.43773511  0.46402428  0.41649264 -0.2627314   0.3059805  -0.27898741
  0.03509686 -0.21023221 -0.11777077  0.63391662  0.12241039 -0.09625313
 -0.45053929  0.54038912  0.23571642  0.25884578 -0.43107575 -0.009576
 -0.01391845 -0.03030114  0.63733476 -0.55379885 -0.57874566  0.55800188
  0.28343701  0.34122673  0.12795906 -0.66008979 -0.3882553  -0.34682888
  0.01123962 -0.46525079 -0.13014759  0.39840838 -0.30631396 -0.4419899
  0.40064964 -0.63412887  0.25492242 -0.42567587  0.07716786  0.49280068
  0.55905396 -0.15541388 -0.24807428  0.59791696 -0.14148182  0.67789042
 -0.53476787 -0.47560236 -0.1056997   0.0252988   0.18840773  0.01989257
  0.50094193 -0.49421331 -0.5296573   0.30549663 -0.11662053  0.12575628
 -0.00923786  0.28933167  0.27403915 -0.62028807 -0.35995054  0.12810038
 -0.32195768  0.40993834 -0.26804712  0.19449385  0.54623729  0.08376279
 -0.68761581 -0.52749014  0.26560545 -0.35025445 -0.35139468 -0.60836107
  0.44631708 -0.12891224 -0.52220613  0.42939341 -0.02663912 -0.11098959
  0.77105701  0.27728623  0.07496921  0.01590922 -0.36427662  0.36740023
  0.56366324 -0.3297559  -0.02350756 -0.62012565 -0.63311672 -0.60076123
 -0.25865984 -0.07404163 -0.47062412  0.24923319]
num_samples: 100
mae: 0.10911712928675116
mse: 0.020988101188415636
rmse: 0.14487270684437298
r-squared: 0.8923261132015973
adj r-squared: 0.8877924758627171
