y_true: [-0.65018821  0.53281015  0.49665552 -0.1984587   0.30947819 -0.24304697
 -0.03290847 -0.09715477 -0.1452079   0.87052011  0.374596   -0.11506206
 -0.32727876  0.2752631   0.21259516  0.17342159 -0.34828225  0.06260063
 -0.0344236   0.13040362  0.9176057  -0.62353426 -0.6736809   0.9054938
  0.20312536  0.21343169  0.1654294  -0.84784466 -0.28151184 -0.26691633
 -0.19216131 -0.53667438 -0.11245651  0.38323104 -0.12755869 -0.35350382
  0.33923489 -0.74991912  0.44715691 -0.39361614  0.03660766  0.36901128
  0.51410341 -0.34599361 -0.8176707   0.59257859  0.11401354  0.83219773
 -0.7777136  -0.78979379 -0.12351869 -0.01369487  0.13337448 -0.00933307
  0.42925584 -0.42058    -0.60312909  0.55884045 -0.13076673  0.22588012
  0.01613788  0.10222853  0.37742126 -0.65572703 -0.26911494  0.10164671
 -0.1739611   0.42433637 -0.29183999  0.21348637  0.49122152  0.15828159
 -0.85824412 -0.45555675  0.21682617 -0.29688942 -0.31875274 -0.68433672
  0.27176446 -0.15195391 -0.60094184  0.36716241  0.01092578 -0.04855493
  1.          0.05589242 -0.09750014  0.06800747 -0.32690504  0.3710416
  0.37066382 -0.24479263 -0.23817019 -1.         -0.73131692 -0.76803148
 -0.35190848 -0.11656986 -0.3688519   0.19657342]
y_pred: [-0.36421889  0.40738147  0.41836125 -0.36106548  0.24685143 -0.33407798
 -0.08031455 -0.28460994 -0.28411341  0.61502367  0.1983456  -0.24129586
 -0.45863867  0.54832172  0.0752582   0.12513889 -0.44684839 -0.09965804
 -0.09092697 -0.16458085  0.59970909 -0.6602357  -0.58867043  0.46868354
  0.11965844  0.21663481 -0.04778576 -0.66423446 -0.27965996 -0.31517857
  0.10268556 -0.53809881 -0.07552223  0.31646684 -0.28856996 -0.48966756
  0.25443619 -0.64874405  0.27912906 -0.51439273  0.07272874  0.38917369
  0.43254176 -0.20611905 -0.13099214  0.51362163  0.0374685   0.55983359
 -0.60658693 -0.42842221 -0.18366584 -0.1032493   0.28026173 -0.16446666
  0.42080972 -0.50785929 -0.6191867   0.25810984 -0.07857595  0.16507474
  0.0556463   0.11578128  0.26337111 -0.65026152 -0.42416969  0.03655913
 -0.35716605  0.34076214 -0.26221305  0.07752074  0.49548861 -0.06630462
 -0.6377576  -0.51634073  0.009027   -0.41774455 -0.25505069 -0.62252182
  0.46420479 -0.30556932 -0.61249489  0.29469696 -0.08292445 -0.11798581
  0.69922495  0.11643215  0.01776443 -0.02770287 -0.41674325  0.30164307
  0.55179477 -0.25495991  0.26084152 -0.55363321 -0.62800318 -0.65754223
 -0.37492689 -0.15933089 -0.54791677  0.08687763]
num_samples: 100
mae: 0.1324328880663961
mse: 0.0307561036879241
rmse: 0.1753741819308763
r-squared: 0.8422139669937685
adj r-squared: 0.8355703445514009
best_epoch: 20
