y_true: [-0.09306899 -0.27258253  0.16008958 -0.21116664  0.43398401 -0.47863573
  0.13426128  0.4431476   0.03394356 -0.66466618 -0.90634233 -0.45854884
  0.14801385 -0.60822886 -0.3242591  -0.41356704  0.07069704 -0.14115196
  0.10566022 -0.31720424  0.31918573  0.12998202  0.18358937 -0.52108032
  0.14270498 -0.47245744  1.         -0.2601712   0.28752375 -0.50259739
 -0.25498039 -0.44466028 -0.36699945 -0.20722339  0.19620712  0.28771925
  0.10925925  0.18319859  0.14105712  0.08759619 -0.5333789  -0.27776584
  0.35615945  0.71544284  0.10306858 -0.28524476  0.41363949 -0.27164999
 -0.78121418 -0.14312677 -0.13701206  0.28922158 -0.16102125  0.03250793
 -0.17595549 -0.22449546 -0.36383826 -0.44776741 -0.5605303  -0.36122587
 -0.92949069 -0.2962257  -0.30238786  0.31293711 -0.5221343  -0.51151502
 -0.04999832 -0.57095283 -0.15971498 -0.41722029 -0.30357891  0.41096601
 -0.89337683 -0.11942037  0.07071843 -0.6897741  -0.21217309 -0.16200756
 -0.24971506 -0.62025106  0.52128953 -0.12497903 -1.         -0.48076969
  0.53718424  0.1669915   0.20092726 -0.25984648 -0.06745447 -0.49520519
 -0.58735007  0.4650262  -0.58803445 -0.02626549  0.4374218  -0.15792395
 -0.15446329  0.09326684 -0.38089329 -0.714634  ]
y_pred: [0.45117188 0.41308594 0.38476562 0.42578125 0.47167969 0.45898438
 0.45898438 0.44238281 0.42578125 0.41601562 0.44824219 0.42675781
 0.46582031 0.40625    0.4453125  0.41113281 0.4453125  0.43261719
 0.42480469 0.42675781 0.48339844 0.41503906 0.43945312 0.41015625
 0.41601562 0.5        0.48535156 0.3671875  0.50683594 0.37890625
 0.43066406 0.38671875 0.38769531 0.36328125 0.41503906 0.3984375
 0.47460938 0.42773438 0.44921875 0.40332031 0.39746094 0.42480469
 0.4765625  0.4140625  0.44921875 0.42285156 0.42480469 0.39746094
 0.45898438 0.38574219 0.46679688 0.49804688 0.43261719 0.45898438
 0.41601562 0.41699219 0.41015625 0.40234375 0.41113281 0.45605469
 0.44042969 0.5234375  0.42675781 0.43457031 0.45117188 0.45996094
 0.45703125 0.47460938 0.42675781 0.44140625 0.41210938 0.44921875
 0.46289062 0.453125   0.34570312 0.46972656 0.42089844 0.42578125
 0.48632812 0.40625    0.39648438 0.37109375 0.46191406 0.40429688
 0.47851562 0.42480469 0.38671875 0.38964844 0.390625   0.40039062
 0.4609375  0.47265625 0.46386719 0.40039062 0.43554688 0.44628906
 0.43554688 0.42089844 0.38769531 0.44726562]
num_samples: 100
mae: 0.6015681730024517
mse: 0.48445218026468667
rmse: 0.6960259910841596
r-squared: -2.2806797656689275
adj r-squared: -2.569091173639822
best_epoch: 29
