y_true: [-0.65018821  0.53281015  0.49665552 -0.1984587   0.30947819 -0.24304697
 -0.03290847 -0.09715477 -0.1452079   0.87052011  0.374596   -0.11506206
 -0.32727876  0.2752631   0.21259516  0.17342159 -0.34828225  0.06260063
 -0.0344236   0.13040362  0.9176057  -0.62353426 -0.6736809   0.9054938
  0.20312536  0.21343169  0.1654294  -0.84784466 -0.28151184 -0.26691633
 -0.19216131 -0.53667438 -0.11245651  0.38323104 -0.12755869 -0.35350382
  0.33923489 -0.74991912  0.44715691 -0.39361614  0.03660766  0.36901128
  0.51410341 -0.34599361 -0.8176707   0.59257859  0.11401354  0.83219773
 -0.7777136  -0.78979379 -0.12351869 -0.01369487  0.13337448 -0.00933307
  0.42925584 -0.42058    -0.60312909  0.55884045 -0.13076673  0.22588012
  0.01613788  0.10222853  0.37742126 -0.65572703 -0.26911494  0.10164671
 -0.1739611   0.42433637 -0.29183999  0.21348637  0.49122152  0.15828159
 -0.85824412 -0.45555675  0.21682617 -0.29688942 -0.31875274 -0.68433672
  0.27176446 -0.15195391 -0.60094184  0.36716241  0.01092578 -0.04855493
  1.          0.05589242 -0.09750014  0.06800747 -0.32690504  0.3710416
  0.37066382 -0.24479263 -0.23817019 -1.         -0.73131692 -0.76803148
 -0.35190848 -0.11656986 -0.3688519   0.19657342]
y_pred: [-0.40751547  0.43355343  0.41338199 -0.28871891  0.4205223  -0.30711642
  0.10493482 -0.308483   -0.27796468  0.60429341  0.04453766 -0.04872002
 -0.51242948  0.20020093  0.24693663  0.21967721 -0.45433837  0.0045706
  0.05587246 -0.06196219  0.45791644 -0.64574921 -0.59320587  0.56268191
  0.2790693   0.15190472  0.00211382 -0.70841944 -0.20758104 -0.40407768
 -0.15393503 -0.50545681 -0.18403827  0.50264978 -0.36597833 -0.47714877
  0.35702416 -0.64173317  0.30859995 -0.54337049  0.09048976  0.48940638
  0.59035277 -0.43383941 -0.24147077  0.55279124 -0.12634631  0.64668924
 -0.5841924  -0.59196532 -0.16878125  0.03647324  0.20443544 -0.14176826
  0.49851957 -0.58520842 -0.6897105   0.47818312 -0.05563508  0.30439901
  0.01196891  0.15870801  0.30484268 -0.61779475 -0.32222602  0.02274303
 -0.42210513  0.44459406 -0.35139686  0.25438029  0.44953012  0.20965205
 -0.65605885 -0.59252614  0.13423328 -0.40175059 -0.43465242 -0.64272714
  0.28493419 -0.39808616 -0.65593851  0.34332195  0.04081957 -0.07852226
  0.57982069  0.26401243  0.13726506 -0.11954437 -0.3966631   0.34010798
  0.38740349 -0.39240053 -0.02797964 -0.70417619 -0.67111129 -0.67488617
 -0.3186385  -0.14749289 -0.48135281  0.193261  ]
num_samples: 100
mae: 0.1184350037900731
mse: 0.023963425033113016
rmse: 0.15480124364201023
r-squared: 0.8770620033154034
adj r-squared: 0.871885666612894
best_epoch: 27
