y_true: [-0.65018821  0.53281015  0.49665552 -0.1984587   0.30947819 -0.24304697
 -0.03290847 -0.09715477 -0.1452079   0.87052011  0.374596   -0.11506206
 -0.32727876  0.2752631   0.21259516  0.17342159 -0.34828225  0.06260063
 -0.0344236   0.13040362  0.9176057  -0.62353426 -0.6736809   0.9054938
  0.20312536  0.21343169  0.1654294  -0.84784466 -0.28151184 -0.26691633
 -0.19216131 -0.53667438 -0.11245651  0.38323104 -0.12755869 -0.35350382
  0.33923489 -0.74991912  0.44715691 -0.39361614  0.03660766  0.36901128
  0.51410341 -0.34599361 -0.8176707   0.59257859  0.11401354  0.83219773
 -0.7777136  -0.78979379 -0.12351869 -0.01369487  0.13337448 -0.00933307
  0.42925584 -0.42058    -0.60312909  0.55884045 -0.13076673  0.22588012
  0.01613788  0.10222853  0.37742126 -0.65572703 -0.26911494  0.10164671
 -0.1739611   0.42433637 -0.29183999  0.21348637  0.49122152  0.15828159
 -0.85824412 -0.45555675  0.21682617 -0.29688942 -0.31875274 -0.68433672
  0.27176446 -0.15195391 -0.60094184  0.36716241  0.01092578 -0.04855493
  1.          0.05589242 -0.09750014  0.06800747 -0.32690504  0.3710416
  0.37066382 -0.24479263 -0.23817019 -1.         -0.73131692 -0.76803148
 -0.35190848 -0.11656986 -0.3688519   0.19657342]
y_pred: [-0.39921713  0.41851696  0.44346899 -0.20448795  0.4843131  -0.18837875
  0.13396262 -0.20614654 -0.17475355  0.60826385  0.12265534  0.02441067
 -0.45302019  0.24981272  0.30193201  0.35460386 -0.39736176  0.09463186
  0.11105423  0.08587812  0.52667964 -0.53236598 -0.52857226  0.65138119
  0.35619774  0.24305364  0.03598828 -0.64085823 -0.2202002  -0.34934613
 -0.07310186 -0.48350477 -0.06594239  0.53560174 -0.24762355 -0.36250043
  0.38508654 -0.64490581  0.38499546 -0.46973357  0.22656608  0.43923739
  0.62062633 -0.33280879 -0.27087566  0.59658813 -0.05962699  0.70031792
 -0.54832095 -0.5481835  -0.11932149  0.07126268  0.22702338 -0.05661908
  0.49320999 -0.51482129 -0.69263196  0.54815072 -0.02115875  0.35367802
  0.09365417  0.22550698  0.41117457 -0.57456923 -0.20910431  0.09669524
 -0.33431858  0.45642707 -0.30665761  0.34097695  0.54956025  0.26578853
 -0.61856842 -0.51099843  0.17957018 -0.28308898 -0.34961936 -0.53669697
  0.27073991 -0.34326488 -0.61607808  0.42273694  0.08447343  0.06642824
  0.68951905  0.28303215  0.12793785 -0.09432778 -0.32373399  0.42687267
  0.42921209 -0.33876181 -0.07482833 -0.69132453 -0.609653   -0.663203
 -0.30768594 -0.04700214 -0.47459179  0.24115101]
num_samples: 100
mae: 0.11029546331614255
mse: 0.02029675428569563
rmse: 0.1424666778081655
r-squared: 0.8958728851307791
adj r-squared: 0.8914885855573382
