y_true: [-0.09306899 -0.27258253  0.16008958 -0.21116664  0.43398401 -0.47863573
  0.13426128  0.4431476   0.03394356 -0.66466618 -0.90634233 -0.45854884
  0.14801385 -0.60822886 -0.3242591  -0.41356704  0.07069704 -0.14115196
  0.10566022 -0.31720424  0.31918573  0.12998202  0.18358937 -0.52108032
  0.14270498 -0.47245744  1.         -0.2601712   0.28752375 -0.50259739
 -0.25498039 -0.44466028 -0.36699945 -0.20722339  0.19620712  0.28771925
  0.10925925  0.18319859  0.14105712  0.08759619 -0.5333789  -0.27776584
  0.35615945  0.71544284  0.10306858 -0.28524476  0.41363949 -0.27164999
 -0.78121418 -0.14312677 -0.13701206  0.28922158 -0.16102125  0.03250793
 -0.17595549 -0.22449546 -0.36383826 -0.44776741 -0.5605303  -0.36122587
 -0.92949069 -0.2962257  -0.30238786  0.31293711 -0.5221343  -0.51151502
 -0.04999832 -0.57095283 -0.15971498 -0.41722029 -0.30357891  0.41096601
 -0.89337683 -0.11942037  0.07071843 -0.6897741  -0.21217309 -0.16200756
 -0.24971506 -0.62025106  0.52128953 -0.12497903 -1.         -0.48076969
  0.53718424  0.1669915   0.20092726 -0.25984648 -0.06745447 -0.49520519
 -0.58735007  0.4650262  -0.58803445 -0.02626549  0.4374218  -0.15792395
 -0.15446329  0.09326684 -0.38089329 -0.714634  ]
y_pred: [0.40332031 0.40039062 0.29589844 0.31542969 0.34277344 0.32617188
 0.3046875  0.34375    0.33398438 0.46972656 0.35351562 0.38671875
 0.46972656 0.29785156 0.35058594 0.36914062 0.33007812 0.43554688
 0.38671875 0.34960938 0.36328125 0.35742188 0.29199219 0.29394531
 0.31054688 0.36230469 0.51464844 0.34960938 0.43261719 0.29785156
 0.33691406 0.30175781 0.28808594 0.34179688 0.42285156 0.36132812
 0.3984375  0.3515625  0.26953125 0.28515625 0.36425781 0.33398438
 0.38964844 0.421875   0.39550781 0.37792969 0.55175781 0.29296875
 0.38378906 0.26855469 0.40722656 0.36523438 0.40722656 0.36230469
 0.30761719 0.35058594 0.30664062 0.41894531 0.46679688 0.38378906
 0.39648438 0.3671875  0.36035156 0.37304688 0.46777344 0.3984375
 0.38964844 0.39941406 0.39355469 0.40039062 0.35644531 0.49121094
 0.29980469 0.40429688 0.37109375 0.41992188 0.3828125  0.43066406
 0.41308594 0.3515625  0.48144531 0.37988281 0.37695312 0.32226562
 0.3984375  0.42773438 0.44628906 0.37890625 0.40917969 0.41796875
 0.32714844 0.35644531 0.38574219 0.39355469 0.40332031 0.35546875
 0.42773438 0.4375     0.35644531 0.43066406]
num_samples: 100
mae: 0.5508276741020381
mse: 0.41710660795741006
rmse: 0.6458379115206927
r-squared: -1.8246197758982903
adj r-squared: -2.0729379979552824
best_epoch: 25
