y_true: [-0.09306899 -0.27258253  0.16008958 -0.21116664  0.43398401 -0.47863573
  0.13426128  0.4431476   0.03394356 -0.66466618 -0.90634233 -0.45854884
  0.14801385 -0.60822886 -0.3242591  -0.41356704  0.07069704 -0.14115196
  0.10566022 -0.31720424  0.31918573  0.12998202  0.18358937 -0.52108032
  0.14270498 -0.47245744  1.         -0.2601712   0.28752375 -0.50259739
 -0.25498039 -0.44466028 -0.36699945 -0.20722339  0.19620712  0.28771925
  0.10925925  0.18319859  0.14105712  0.08759619 -0.5333789  -0.27776584
  0.35615945  0.71544284  0.10306858 -0.28524476  0.41363949 -0.27164999
 -0.78121418 -0.14312677 -0.13701206  0.28922158 -0.16102125  0.03250793
 -0.17595549 -0.22449546 -0.36383826 -0.44776741 -0.5605303  -0.36122587
 -0.92949069 -0.2962257  -0.30238786  0.31293711 -0.5221343  -0.51151502
 -0.04999832 -0.57095283 -0.15971498 -0.41722029 -0.30357891  0.41096601
 -0.89337683 -0.11942037  0.07071843 -0.6897741  -0.21217309 -0.16200756
 -0.24971506 -0.62025106  0.52128953 -0.12497903 -1.         -0.48076969
  0.53718424  0.1669915   0.20092726 -0.25984648 -0.06745447 -0.49520519
 -0.58735007  0.4650262  -0.58803445 -0.02626549  0.4374218  -0.15792395
 -0.15446329  0.09326684 -0.38089329 -0.714634  ]
y_pred: [0.37695312 0.38574219 0.29003906 0.33398438 0.37304688 0.3515625
 0.3359375  0.32910156 0.32617188 0.45214844 0.35351562 0.32128906
 0.44921875 0.32910156 0.37792969 0.38574219 0.35253906 0.42285156
 0.38671875 0.34082031 0.38671875 0.33789062 0.31152344 0.3125
 0.29980469 0.33691406 0.55078125 0.33398438 0.4765625  0.31347656
 0.34472656 0.27929688 0.28515625 0.3515625  0.41015625 0.34863281
 0.41796875 0.36523438 0.29980469 0.27636719 0.38574219 0.3515625
 0.39550781 0.40039062 0.41503906 0.38574219 0.54199219 0.29296875
 0.43261719 0.26660156 0.40136719 0.37890625 0.38378906 0.34765625
 0.29199219 0.34472656 0.31347656 0.40429688 0.484375   0.38183594
 0.38671875 0.36328125 0.3671875  0.40625    0.46777344 0.38769531
 0.38867188 0.41308594 0.37695312 0.39746094 0.35839844 0.49414062
 0.31835938 0.37792969 0.359375   0.40917969 0.33789062 0.45605469
 0.42382812 0.34179688 0.47949219 0.3671875  0.359375   0.29882812
 0.38476562 0.421875   0.4453125  0.40722656 0.39746094 0.39648438
 0.34570312 0.37988281 0.37695312 0.40332031 0.34863281 0.33007812
 0.42675781 0.43652344 0.33203125 0.40625   ]
num_samples: 100
mae: 0.5507202522270381
mse: 0.41545397986739574
rmse: 0.6445571967385019
r-squared: -1.8134282821741339
adj r-squared: -2.0607626366509804
