epoch,batch,train_batch_loss
0,0,0.8090060353279114
0,1,0.7420074343681335
0,2,0.8626047968864441
0,3,0.8388034105300903
0,4,0.7856425046920776
0,5,0.8094106912612915
0,6,0.8816168904304504
0,7,0.8125870823860168
0,8,0.8234832882881165
0,9,0.9005855321884155
0,10,0.8198509216308594
0,11,0.7801604270935059
0,12,0.7591685056686401
0,13,0.7304043173789978
0,14,0.760485053062439
0,15,0.7738618850708008
0,16,0.7751744985580444
0,17,0.7549470663070679
0,18,0.7885762453079224
0,19,0.7745752930641174
1,0,0.793770432472229
1,1,0.7782546281814575
1,2,0.7366110682487488
1,3,0.7616888880729675
1,4,0.7078045606613159
1,5,0.7507385611534119
1,6,0.7255664467811584
1,7,0.7157424092292786
1,8,0.716793417930603
1,9,0.7254605293273926
1,10,0.7620075941085815
1,11,0.698468804359436
1,12,0.7335389852523804
1,13,0.7365038990974426
1,14,0.6792923212051392
1,15,0.6882365942001343
1,16,0.6601067781448364
1,17,0.7039059400558472
1,18,0.6792272925376892
1,19,0.693382978439331
2,0,0.7294524908065796
2,1,0.7054330110549927
2,2,0.6920443773269653
2,3,0.6939510703086853
2,4,0.6786621809005737
2,5,0.7181606292724609
2,6,0.6580010652542114
2,7,0.7070626020431519
2,8,0.6844500303268433
2,9,0.7008528709411621
2,10,0.6918747425079346
2,11,0.6391500234603882
2,12,0.697447657585144
2,13,0.6860352754592896
2,14,0.677141547203064
2,15,0.674852728843689
2,16,0.668130099773407
2,17,0.6839722990989685
2,18,0.7019419074058533
2,19,0.672112226486206
3,0,0.6573516130447388
3,1,0.6565130949020386
3,2,0.6695664525032043
3,3,0.6590561866760254
3,4,0.6697165369987488
3,5,0.6608536243438721
3,6,0.6811966300010681
3,7,0.6721710562705994
3,8,0.7784709930419922
3,9,0.7159309387207031
3,10,0.6648251414299011
3,11,0.6949788331985474
3,12,0.6724621057510376
3,13,0.6671116948127747
3,14,0.6295968890190125
3,15,0.6395757794380188
3,16,0.6244098544120789
3,17,0.6599007844924927
3,18,0.6997130513191223
3,19,0.6621346473693848
4,0,0.6903232336044312
4,1,0.6690607666969299
4,2,0.6331380605697632
4,3,0.7290616631507874
4,4,0.6513301730155945
4,5,0.6862643957138062
4,6,0.6565228700637817
4,7,0.6719233989715576
4,8,0.6699231863021851
4,9,0.6357002258300781
4,10,0.6698335409164429
4,11,0.6473406553268433
4,12,0.657723605632782
4,13,0.7392408847808838
4,14,0.6243465542793274
4,15,0.6002241373062134
4,16,0.6607160568237305
4,17,0.6539208292961121
4,18,0.6424412727355957
4,19,0.6675866842269897
5,0,0.6475690007209778
5,1,0.6821528673171997
5,2,0.6671745777130127
5,3,0.6907113790512085
5,4,0.679902195930481
5,5,0.6423968076705933
5,6,0.6561157703399658
5,7,0.6448821425437927
5,8,0.6176171898841858
5,9,0.6745360493659973
5,10,0.5988708734512329
5,11,0.656044602394104
5,12,0.6825534105300903
5,13,0.6878899335861206
5,14,0.6502944231033325
5,15,0.6195782423019409
5,16,0.6663327813148499
5,17,0.6088396310806274
5,18,0.650161623954773
5,19,0.6418582797050476
6,0,0.6072624921798706
6,1,0.6401031017303467
6,2,0.6738158464431763
6,3,0.7010324001312256
6,4,0.6069655418395996
6,5,0.6304240822792053
6,6,0.6282103657722473
6,7,0.58598792552948
6,8,0.6327043771743774
6,9,0.6245852708816528
6,10,0.655508816242218
6,11,0.5674676299095154
6,12,0.6364743709564209
6,13,0.6870579123497009
6,14,0.5634133219718933
6,15,0.6231572031974792
6,16,0.6323684453964233
6,17,0.5903778076171875
6,18,0.6054593324661255
6,19,0.6039431095123291
7,0,0.6021024584770203
7,1,0.6726365089416504
7,2,0.653600811958313
7,3,0.61861252784729
7,4,0.6211661696434021
7,5,0.5705233216285706
7,6,0.6049426198005676
7,7,0.6393324136734009
7,8,0.6280360817909241
7,9,0.6058727502822876
7,10,0.5355597734451294
7,11,0.578088641166687
7,12,0.6306403875350952
7,13,0.6064313650131226
7,14,0.6363446712493896
7,15,0.5861281156539917
7,16,0.6458414793014526
7,17,0.6352518796920776
7,18,0.6703875064849854
7,19,0.64019376039505
8,0,0.5464723706245422
8,1,0.6130730509757996
8,2,0.5686795711517334
8,3,0.6659468412399292
8,4,0.5797141790390015
8,5,0.5823936462402344
8,6,0.6369810104370117
8,7,0.6920353770256042
8,8,0.5762749314308167
8,9,0.6341232061386108
8,10,0.550787091255188
8,11,0.6891738176345825
8,12,0.5922209024429321
8,13,0.6038123369216919
8,14,0.6109084486961365
8,15,0.5558461546897888
8,16,0.6141838431358337
8,17,0.5823923945426941
8,18,0.6318379640579224
8,19,0.5516868233680725
9,0,0.5566288232803345
9,1,0.6389407515525818
9,2,0.5908985137939453
9,3,0.6109694242477417
9,4,0.6320521831512451
9,5,0.5977651476860046
9,6,0.6124285459518433
9,7,0.6360536217689514
9,8,0.501505434513092
9,9,0.6100422143936157
9,10,0.5388603806495667
9,11,0.5914719104766846
9,12,0.6056264042854309
9,13,0.5785983204841614
9,14,0.6307498812675476
9,15,0.5786566138267517
9,16,0.625444769859314
9,17,0.5834230780601501
9,18,0.5881676077842712
9,19,0.5613821148872375
10,0,0.6975272297859192
10,1,0.6295050382614136
10,2,0.6310921311378479
10,3,0.5638123750686646
10,4,0.5793434977531433
10,5,0.49743837118148804
10,6,0.6375071406364441
10,7,0.5277048349380493
10,8,0.609611988067627
10,9,0.5740505456924438
10,10,0.6054853796958923
10,11,0.5639433860778809
10,12,0.600978434085846
10,13,0.6342384219169617
10,14,0.5604500770568848
10,15,0.5944609642028809
10,16,0.5967148542404175
10,17,0.5918280482292175
10,18,0.6399514079093933
10,19,0.5723584890365601
11,0,0.5181971788406372
11,1,0.5720669627189636
11,2,0.5016297698020935
11,3,0.5779213309288025
11,4,0.5548549294471741
11,5,0.609103798866272
11,6,0.6190982460975647
11,7,0.5624583959579468
11,8,0.6091357469558716
11,9,0.6535353064537048
11,10,0.552810549736023
11,11,0.5995677709579468
11,12,0.5411654710769653
11,13,0.6298446655273438
11,14,0.5493417978286743
11,15,0.6113330721855164
11,16,0.5013478994369507
11,17,0.5302197933197021
11,18,0.6400543451309204
11,19,0.5853309631347656
12,0,0.5446141958236694
12,1,0.5151301622390747
12,2,0.5806390047073364
12,3,0.5817572474479675
12,4,0.5539926886558533
12,5,0.568602442741394
12,6,0.6420504450798035
12,7,0.6244280934333801
12,8,0.5593777894973755
12,9,0.6548960208892822
12,10,0.5483828783035278
12,11,0.6218031048774719
12,12,0.5400525331497192
12,13,0.5084561705589294
12,14,0.553167998790741
12,15,0.5402864813804626
12,16,0.5715868473052979
12,17,0.5387316942214966
12,18,0.5235484838485718
12,19,0.6445318460464478
13,0,0.5314127802848816
13,1,0.4917820394039154
13,2,0.6429644823074341
13,3,0.5375463962554932
13,4,0.5603107810020447
13,5,0.4826963543891907
13,6,0.49040040373802185
13,7,0.5508499145507812
13,8,0.5370712876319885
13,9,0.5279322862625122
13,10,0.5864054560661316
13,11,0.5993017554283142
13,12,0.5266417264938354
13,13,0.5888329744338989
13,14,0.6234425902366638
13,15,0.5352761745452881
13,16,0.6173132658004761
13,17,0.6063854098320007
13,18,0.5949194431304932
13,19,0.5847417712211609
14,0,0.5365622639656067
14,1,0.5761461853981018
14,2,0.576415479183197
14,3,0.5009971857070923
14,4,0.7567919492721558
14,5,0.5507128238677979
14,6,0.509205162525177
14,7,0.546692967414856
14,8,0.4998455047607422
14,9,0.5824299454689026
14,10,0.6254028081893921
14,11,0.6171103715896606
14,12,0.5016524791717529
14,13,0.5722498297691345
14,14,0.5810797810554504
14,15,0.5215351581573486
14,16,0.5953396558761597
14,17,0.5661532878875732
14,18,0.46829453110694885
14,19,0.5234004259109497
15,0,0.5274382829666138
15,1,0.4889663755893707
15,2,0.517785370349884
15,3,0.572273850440979
15,4,0.5944254994392395
15,5,0.4747244417667389
15,6,0.5121937990188599
15,7,0.5899338126182556
15,8,0.5507449507713318
15,9,0.5549130439758301
15,10,0.4634513258934021
15,11,0.5946512222290039
15,12,0.5205836296081543
15,13,0.5643928647041321
15,14,0.6745254993438721
15,15,0.5413624048233032
15,16,0.6030164957046509
15,17,0.6091650128364563
15,18,0.5533996820449829
15,19,0.551641583442688
16,0,0.4375108778476715
16,1,0.6115486025810242
16,2,0.4926629662513733
16,3,0.5157297253608704
16,4,0.4838290810585022
16,5,0.5571482181549072
16,6,0.6592200994491577
16,7,0.652266263961792
16,8,0.5315729379653931
16,9,0.630956768989563
16,10,0.4764021933078766
16,11,0.5862078666687012
16,12,0.5792117714881897
16,13,0.4778427183628082
16,14,0.5656919479370117
16,15,0.5185641050338745
16,16,0.5907060503959656
16,17,0.5703750252723694
16,18,0.591770350933075
16,19,0.44970211386680603
17,0,0.5988763570785522
17,1,0.5995508432388306
17,2,0.6407602429389954
17,3,0.5943893790245056
17,4,0.492176353931427
17,5,0.6740115880966187
17,6,0.5457724332809448
17,7,0.5984277129173279
17,8,0.5688453912734985
17,9,0.5401738882064819
17,10,0.4841371476650238
17,11,0.46976184844970703
17,12,0.5211237668991089
17,13,0.4838326871395111
17,14,0.538411021232605
17,15,0.40610870718955994
17,16,0.5133872032165527
17,17,0.47112026810646057
17,18,0.48605331778526306
17,19,0.5491846799850464
18,0,0.48612385988235474
18,1,0.5280591249465942
18,2,0.5835878849029541
18,3,0.5855764746665955
18,4,0.46474915742874146
18,5,0.6687150001525879
18,6,0.6157576441764832
18,7,0.5267634391784668
18,8,0.4910416603088379
18,9,0.48488205671310425
18,10,0.5093258619308472
18,11,0.4894590377807617
18,12,0.581191897392273
18,13,0.5507024526596069
18,14,0.4509396553039551
18,15,0.5817697048187256
18,16,0.48398882150650024
18,17,0.6210345029830933
18,18,0.6175569295883179
18,19,0.5248008966445923
19,0,0.6257370710372925
19,1,0.6024642586708069
19,2,0.6381193399429321
19,3,0.5140016078948975
19,4,0.6785262227058411
19,5,0.5813151001930237
19,6,0.5917276740074158
19,7,0.5887179374694824
19,8,0.4781549870967865
19,9,0.4680505394935608
19,10,0.5194300413131714
19,11,0.5013655424118042
19,12,0.49622711539268494
19,13,0.5113056302070618
19,14,0.5158982276916504
19,15,0.46066418290138245
19,16,0.6312606930732727
19,17,0.4674735963344574
19,18,0.5471468567848206
19,19,0.5135231614112854