y_true: [-0.65018821  0.53281015  0.49665552 -0.1984587   0.30947819 -0.24304697
 -0.03290847 -0.09715477 -0.1452079   0.87052011  0.374596   -0.11506206
 -0.32727876  0.2752631   0.21259516  0.17342159 -0.34828225  0.06260063
 -0.0344236   0.13040362  0.9176057  -0.62353426 -0.6736809   0.9054938
  0.20312536  0.21343169  0.1654294  -0.84784466 -0.28151184 -0.26691633
 -0.19216131 -0.53667438 -0.11245651  0.38323104 -0.12755869 -0.35350382
  0.33923489 -0.74991912  0.44715691 -0.39361614  0.03660766  0.36901128
  0.51410341 -0.34599361 -0.8176707   0.59257859  0.11401354  0.83219773
 -0.7777136  -0.78979379 -0.12351869 -0.01369487  0.13337448 -0.00933307
  0.42925584 -0.42058    -0.60312909  0.55884045 -0.13076673  0.22588012
  0.01613788  0.10222853  0.37742126 -0.65572703 -0.26911494  0.10164671
 -0.1739611   0.42433637 -0.29183999  0.21348637  0.49122152  0.15828159
 -0.85824412 -0.45555675  0.21682617 -0.29688942 -0.31875274 -0.68433672
  0.27176446 -0.15195391 -0.60094184  0.36716241  0.01092578 -0.04855493
  1.          0.05589242 -0.09750014  0.06800747 -0.32690504  0.3710416
  0.37066382 -0.24479263 -0.23817019 -1.         -0.73131692 -0.76803148
 -0.35190848 -0.11656986 -0.3688519   0.19657342]
y_pred: [-0.47254547  0.39197254  0.4082585  -0.28737026  0.29853669 -0.15702952
 -0.03268581 -0.24989989 -0.22566548  0.59121889  0.21236248 -0.28781474
 -0.4213047   0.43095875  0.13785821  0.21053335 -0.48654646  0.12162961
 -0.04908109 -0.01967575  0.599356   -0.6769619  -0.64118099  0.6882053
  0.19034047  0.30939767  0.01697891 -0.75940579 -0.29711103 -0.38796929
 -0.02420289 -0.5763281  -0.08740816  0.42708752 -0.24365363 -0.48085895
  0.29070339 -0.70790088  0.43377405 -0.52057689  0.11190159  0.46359369
  0.53350157 -0.22910239 -0.45502785  0.57035214 -0.20934598  0.68993127
 -0.63110489 -0.65370017 -0.14779009 -0.05375044  0.16324101 -0.01311442
  0.47140327 -0.50911009 -0.68447345  0.36473575 -0.19271362  0.28707764
 -0.00330577  0.15569951  0.34290209 -0.68996489 -0.42498744  0.13754855
 -0.37784466  0.37308514 -0.20141977  0.16473831  0.44614008  0.15178834
 -0.78256333 -0.5400067   0.21203108 -0.37467572 -0.39313647 -0.65643466
  0.47963756 -0.33060408 -0.61527216  0.56074989 -0.03769293 -0.10712858
  0.8426432   0.23977523 -0.07536554  0.21968362 -0.43140045  0.42029151
  0.40027615 -0.40555769 -0.24059829 -0.75020176 -0.71591473 -0.7357614
 -0.27953374 -0.10258133 -0.50603795  0.20063053]
num_samples: 100
mae: 0.09297921869903802
mse: 0.014449905289369703
rmse: 0.12020775885677971
r-squared: 0.9258685932372959
adj r-squared: 0.9227472708472872
best_epoch: 28
