y_true: [-0.65018821  0.53281015  0.49665552 -0.1984587   0.30947819 -0.24304697
 -0.03290847 -0.09715477 -0.1452079   0.87052011  0.374596   -0.11506206
 -0.32727876  0.2752631   0.21259516  0.17342159 -0.34828225  0.06260063
 -0.0344236   0.13040362  0.9176057  -0.62353426 -0.6736809   0.9054938
  0.20312536  0.21343169  0.1654294  -0.84784466 -0.28151184 -0.26691633
 -0.19216131 -0.53667438 -0.11245651  0.38323104 -0.12755869 -0.35350382
  0.33923489 -0.74991912  0.44715691 -0.39361614  0.03660766  0.36901128
  0.51410341 -0.34599361 -0.8176707   0.59257859  0.11401354  0.83219773
 -0.7777136  -0.78979379 -0.12351869 -0.01369487  0.13337448 -0.00933307
  0.42925584 -0.42058    -0.60312909  0.55884045 -0.13076673  0.22588012
  0.01613788  0.10222853  0.37742126 -0.65572703 -0.26911494  0.10164671
 -0.1739611   0.42433637 -0.29183999  0.21348637  0.49122152  0.15828159
 -0.85824412 -0.45555675  0.21682617 -0.29688942 -0.31875274 -0.68433672
  0.27176446 -0.15195391 -0.60094184  0.36716241  0.01092578 -0.04855493
  1.          0.05589242 -0.09750014  0.06800747 -0.32690504  0.3710416
  0.37066382 -0.24479263 -0.23817019 -1.         -0.73131692 -0.76803148
 -0.35190848 -0.11656986 -0.3688519   0.19657342]
y_pred: [-0.54505259  0.37428671  0.42357397 -0.39159909  0.245536   -0.38233134
 -0.12064198 -0.24180667 -0.33204201  0.55583221  0.16036642 -0.20290619
 -0.50226241  0.48633644  0.12914389  0.10641721 -0.44440043  0.08025718
 -0.05627333  0.00895102  0.53714389 -0.7158345  -0.66579282  0.57757384
  0.20501639  0.20716533  0.05477402 -0.75521815 -0.38022605 -0.38615906
 -0.0747925  -0.58108371 -0.17363249  0.36843604 -0.29622376 -0.4814457
  0.34308919 -0.72975731  0.29643354 -0.54881436  0.00096244  0.39154327
  0.52548796 -0.2298016  -0.45631355  0.60147035 -0.07739121  0.67280585
 -0.70609593 -0.58787435 -0.155203   -0.15222429  0.12892172 -0.0916368
  0.48043409 -0.52627176 -0.5979349   0.34381139 -0.23840658  0.23757474
 -0.03003838  0.10475913  0.35629728 -0.72147149 -0.39101636  0.12120952
 -0.37514004  0.42188421 -0.33096066  0.2133067   0.49573717  0.12264296
 -0.77659345 -0.514009    0.18383788 -0.37986264 -0.37825885 -0.66675043
  0.37693313 -0.40934765 -0.68258864  0.57051897  0.04399227 -0.1505495
  0.84383088  0.18777345 -0.05151791  0.29672596 -0.50329131  0.43909511
  0.34718496 -0.32042608 -0.21612504 -0.76901597 -0.71428949 -0.75737894
 -0.43621415 -0.18027091 -0.54174638  0.21053204]
num_samples: 100
mae: 0.09796453711867797
mse: 0.01658010921678186
rmse: 0.1287637729207321
r-squared: 0.9149401469486774
adj r-squared: 0.9113586794517796
