epoch,batch,train_batch_loss
0,0,0.6708581447601318
0,1,0.865798830986023
0,2,0.8194939494132996
0,3,0.7279496788978577
0,4,0.7567399740219116
0,5,0.7782787084579468
0,6,0.831309974193573
0,7,0.6776489019393921
0,8,0.685489296913147
0,9,0.7220873236656189
0,10,0.7026585340499878
0,11,0.7081997990608215
0,12,0.7232491970062256
0,13,0.7847272157669067
0,14,0.7418534755706787
0,15,0.7475534677505493
0,16,0.7526959180831909
0,17,0.7489835619926453
0,18,0.7125859260559082
0,19,0.7335918545722961
1,0,0.7404943704605103
1,1,0.7294343709945679
1,2,0.6794036030769348
1,3,0.7602348923683167
1,4,0.6945260167121887
1,5,0.7355984449386597
1,6,0.716020941734314
1,7,0.6996836066246033
1,8,0.717108964920044
1,9,0.766983151435852
1,10,0.6988238096237183
1,11,0.7238278985023499
1,12,0.6912326812744141
1,13,0.6510316133499146
1,14,0.7275884747505188
1,15,0.6978026628494263
1,16,0.7192127108573914
1,17,0.7269754409790039
1,18,0.7269601225852966
1,19,0.6970544457435608
2,0,0.7201451659202576
2,1,0.6917716264724731
2,2,0.7341292500495911
2,3,0.6775914430618286
2,4,0.7013129591941833
2,5,0.6903508901596069
2,6,0.6731506586074829
2,7,0.7281845211982727
2,8,0.7316926717758179
2,9,0.6729018092155457
2,10,0.6799455285072327
2,11,0.6956778764724731
2,12,0.7083290219306946
2,13,0.6647414565086365
2,14,0.7467068433761597
2,15,0.6689562201499939
2,16,0.6899405717849731
2,17,0.6983529329299927
2,18,0.673216700553894
2,19,0.6498490571975708
3,0,0.6641955971717834
3,1,0.6966923475265503
3,2,0.6093593835830688
3,3,0.6929277181625366
3,4,0.675722062587738
3,5,0.6079410910606384
3,6,0.6758447885513306
3,7,0.690009355545044
3,8,0.6539352536201477
3,9,0.6653023958206177
3,10,0.6758195757865906
3,11,0.7062047719955444
3,12,0.6617618799209595
3,13,0.7055858969688416
3,14,0.6799622774124146
3,15,0.641452431678772
3,16,0.6618028879165649
3,17,0.713239312171936
3,18,0.682995617389679
3,19,0.6572796702384949
4,0,0.6480183601379395
4,1,0.6716075539588928
4,2,0.6908978223800659
4,3,0.7230644226074219
4,4,0.7072219252586365
4,5,0.6524772644042969
4,6,0.6778680086135864
4,7,0.6614586114883423
4,8,0.7041745781898499
4,9,0.6384381651878357
4,10,0.6631746888160706
4,11,0.6513122320175171
4,12,0.6805835366249084
4,13,0.6865984201431274
4,14,0.6646824479103088
4,15,0.6290021538734436
4,16,0.6626185178756714
4,17,0.6905484199523926
4,18,0.6614746451377869
4,19,0.6684587597846985
5,0,0.6916618347167969
5,1,0.6409283876419067
5,2,0.646012544631958
5,3,0.6834787726402283
5,4,0.6527865529060364
5,5,0.6656175255775452
5,6,0.6586617231369019
5,7,0.6394227743148804
5,8,0.6594917178153992
5,9,0.6332152485847473
5,10,0.6561201810836792
5,11,0.6530556082725525
5,12,0.6849207282066345
5,13,0.636201024055481
5,14,0.6725465059280396
5,15,0.638853907585144
5,16,0.6517866253852844
5,17,0.6347423791885376
5,18,0.6511589288711548
5,19,0.6888933777809143
6,0,0.6465607285499573
6,1,0.6454666256904602
6,2,0.6529245972633362
6,3,0.6607533693313599
6,4,0.6115267872810364
6,5,0.6236228346824646
6,6,0.6634436845779419
6,7,0.6272882223129272
6,8,0.6385024785995483
6,9,0.7057367563247681
6,10,0.643399178981781
6,11,0.632339596748352
6,12,0.6506387591362
6,13,0.6717138290405273
6,14,0.6693512201309204
6,15,0.6538570523262024
6,16,0.5995813012123108
6,17,0.6015163660049438
6,18,0.6219375133514404
6,19,0.6645305752754211
7,0,0.6890981793403625
7,1,0.6261798739433289
7,2,0.6605677008628845
7,3,0.6155648827552795
7,4,0.6485294103622437
7,5,0.6090909838676453
7,6,0.6481016278266907
7,7,0.6382421255111694
7,8,0.654096782207489
7,9,0.6580926179885864
7,10,0.6062833070755005
7,11,0.6310985088348389
7,12,0.5801053643226624
7,13,0.6540607213973999
7,14,0.6849104166030884
7,15,0.5997793674468994
7,16,0.6601008176803589
7,17,0.5709976553916931
7,18,0.5974825620651245
7,19,0.5879479050636292
8,0,0.5727475881576538
8,1,0.644307017326355
8,2,0.637306272983551
8,3,0.617965817451477
8,4,0.6017545461654663
8,5,0.5573667883872986
8,6,0.6107785105705261
8,7,0.6528162956237793
8,8,0.6003684997558594
8,9,0.6842402815818787
8,10,0.6754269003868103
8,11,0.6358553171157837
8,12,0.5775433778762817
8,13,0.5759151577949524
8,14,0.6269819736480713
8,15,0.6531499624252319
8,16,0.6284723877906799
8,17,0.6241961717605591
8,18,0.5902694463729858
8,19,0.5678220987319946
9,0,0.5745316743850708
9,1,0.6311918497085571
9,2,0.682970404624939
9,3,0.5720866918563843
9,4,0.6487326622009277
9,5,0.5571672916412354
9,6,0.6256831884384155
9,7,0.6280645132064819
9,8,0.558638870716095
9,9,0.5932005047798157
9,10,0.6215713620185852
9,11,0.6207928657531738
9,12,0.6430752277374268
9,13,0.6072770357131958
9,14,0.5429819822311401
9,15,0.5873239636421204
9,16,0.6238648295402527
9,17,0.5604475736618042
9,18,0.5856053233146667
9,19,0.553094744682312
10,0,0.5737806558609009
10,1,0.6210267543792725
10,2,0.6017863154411316
10,3,0.5545235872268677
10,4,0.5682152509689331
10,5,0.7194260954856873
10,6,0.6669309735298157
10,7,0.6402584314346313
10,8,0.6228097081184387
10,9,0.63697749376297
10,10,0.5886203646659851
10,11,0.5294057726860046
10,12,0.5865544676780701
10,13,0.6773337721824646
10,14,0.6094647645950317
10,15,0.5408732891082764
10,16,0.6201449632644653
10,17,0.5353266000747681
10,18,0.5757741928100586
10,19,0.6440350413322449
11,0,0.5834792852401733
11,1,0.683659553527832
11,2,0.5702797770500183
11,3,0.5969274044036865
11,4,0.7214893102645874
11,5,0.5696704387664795
11,6,0.5996406674385071
11,7,0.5718508958816528
11,8,0.5670058131217957
11,9,0.5600419640541077
11,10,0.5632507801055908
11,11,0.6089931726455688
11,12,0.4692601263523102
11,13,0.6545846462249756
11,14,0.5574930906295776
11,15,0.590300440788269
11,16,0.7087078094482422
11,17,0.6209599375724792
11,18,0.6058529615402222
11,19,0.5843309164047241
12,0,0.6159210205078125
12,1,0.5203962326049805
12,2,0.5274474024772644
12,3,0.5892115235328674
12,4,0.6892291307449341
12,5,0.5516602396965027
12,6,0.5510720014572144
12,7,0.49916142225265503
12,8,0.6047829389572144
12,9,0.6059512495994568
12,10,0.6329261660575867
12,11,0.6643717885017395
12,12,0.5004316568374634
12,13,0.6376343965530396
12,14,0.6575287580490112
12,15,0.6663757562637329
12,16,0.5990906357765198
12,17,0.5233396291732788
12,18,0.5218932628631592
12,19,0.5425888895988464
13,0,0.6112844347953796
13,1,0.515717625617981
13,2,0.6678899526596069
13,3,0.5241831541061401
13,4,0.587466835975647
13,5,0.5710090398788452
13,6,0.5872448682785034
13,7,0.5567739009857178
13,8,0.5586436986923218
13,9,0.6476989984512329
13,10,0.5667437314987183
13,11,0.4764818549156189
13,12,0.6045006513595581
13,13,0.5445388555526733
13,14,0.5119725465774536
13,15,0.5232132077217102
13,16,0.6077514886856079
13,17,0.5351583361625671
13,18,0.531952440738678
13,19,0.5504783391952515
14,0,0.49805694818496704
14,1,0.4679041802883148
14,2,0.6052972078323364
14,3,0.531906008720398
14,4,0.4895574152469635
14,5,0.6136237382888794
14,6,0.6083109378814697
14,7,0.4896151125431061
14,8,0.49184736609458923
14,9,0.5238218903541565
14,10,0.6035863757133484
14,11,0.4792262613773346
14,12,0.5901129245758057
14,13,0.7605516314506531
14,14,0.5891540050506592
14,15,0.48671501874923706
14,16,0.5017565488815308
14,17,0.6805546879768372
14,18,0.5552869439125061
14,19,0.5864012837409973
15,0,0.6185630559921265
15,1,0.5005326867103577
15,2,0.5926527380943298
15,3,0.5896481275558472
15,4,0.5257043242454529
15,5,0.48817887902259827
15,6,0.5552486777305603
15,7,0.5616306066513062
15,8,0.6709223985671997
15,9,0.4751015305519104
15,10,0.5425952076911926
15,11,0.6700038909912109
15,12,0.5183214545249939
15,13,0.6131892800331116
15,14,0.6209698915481567
15,15,0.46817636489868164
15,16,0.5475547313690186
15,17,0.5315823554992676
15,18,0.5475834608078003
15,19,0.5214032530784607
16,0,0.5856012105941772
16,1,0.5266556143760681
16,2,0.4565925598144531
16,3,0.4654123783111572
16,4,0.48258787393569946
16,5,0.6161272525787354
16,6,0.46179670095443726
16,7,0.6480971574783325
16,8,0.6389205455780029
16,9,0.5085790157318115
16,10,0.730696976184845
16,11,0.5054241418838501
16,12,0.5559209585189819
16,13,0.628174901008606
16,14,0.4913251996040344
16,15,0.43149787187576294
16,16,0.5211631059646606
16,17,0.5187165141105652
16,18,0.5514074563980103
16,19,0.5486241579055786
17,0,0.5912808179855347
17,1,0.538094162940979
17,2,0.4727246165275574
17,3,0.5291494131088257
17,4,0.4839968681335449
17,5,0.6130582094192505
17,6,0.47114285826683044
17,7,0.4658818244934082
17,8,0.5524854063987732
17,9,0.48059314489364624
17,10,0.5599652528762817
17,11,0.5148617029190063
17,12,0.6703730821609497
17,13,0.7248560786247253
17,14,0.5074263215065002
17,15,0.4713171124458313
17,16,0.5466259717941284
17,17,0.5792591571807861
17,18,0.4399745464324951
17,19,0.5264912843704224
18,0,0.6346331834793091
18,1,0.47121304273605347
18,2,0.6388559937477112
18,3,0.5812841057777405
18,4,0.5758352875709534
18,5,0.5380331873893738
18,6,0.49344539642333984
18,7,0.5194108486175537
18,8,0.5477267503738403
18,9,0.45766884088516235
18,10,0.5079123973846436
18,11,0.5949134826660156
18,12,0.4387880265712738
18,13,0.4606896936893463
18,14,0.4666774868965149
18,15,0.4895818829536438
18,16,0.5535143613815308
18,17,0.49647384881973267
18,18,0.5259231328964233
18,19,0.5923500657081604
19,0,0.5386562347412109
19,1,0.4921502470970154
19,2,0.4753034710884094
19,3,0.6185537576675415
19,4,0.5259371995925903
19,5,0.44195666909217834
19,6,0.621364414691925
19,7,0.6136871576309204
19,8,0.5404938459396362
19,9,0.5139707922935486
19,10,0.48944854736328125
19,11,0.4261282980442047
19,12,0.5160420536994934
19,13,0.6477324962615967
19,14,0.4469781517982483
19,15,0.4911828935146332
19,16,0.45222631096839905
19,17,0.5652295351028442
19,18,0.6101149320602417
19,19,0.550601601600647