y_true: [-0.09306899 -0.27258253  0.16008958 -0.21116664  0.43398401 -0.47863573
  0.13426128  0.4431476   0.03394356 -0.66466618 -0.90634233 -0.45854884
  0.14801385 -0.60822886 -0.3242591  -0.41356704  0.07069704 -0.14115196
  0.10566022 -0.31720424  0.31918573  0.12998202  0.18358937 -0.52108032
  0.14270498 -0.47245744  1.         -0.2601712   0.28752375 -0.50259739
 -0.25498039 -0.44466028 -0.36699945 -0.20722339  0.19620712  0.28771925
  0.10925925  0.18319859  0.14105712  0.08759619 -0.5333789  -0.27776584
  0.35615945  0.71544284  0.10306858 -0.28524476  0.41363949 -0.27164999
 -0.78121418 -0.14312677 -0.13701206  0.28922158 -0.16102125  0.03250793
 -0.17595549 -0.22449546 -0.36383826 -0.44776741 -0.5605303  -0.36122587
 -0.92949069 -0.2962257  -0.30238786  0.31293711 -0.5221343  -0.51151502
 -0.04999832 -0.57095283 -0.15971498 -0.41722029 -0.30357891  0.41096601
 -0.89337683 -0.11942037  0.07071843 -0.6897741  -0.21217309 -0.16200756
 -0.24971506 -0.62025106  0.52128953 -0.12497903 -1.         -0.48076969
  0.53718424  0.1669915   0.20092726 -0.25984648 -0.06745447 -0.49520519
 -0.58735007  0.4650262  -0.58803445 -0.02626549  0.4374218  -0.15792395
 -0.15446329  0.09326684 -0.38089329 -0.714634  ]
y_pred: [ 0.32064182 -0.14743122  0.04920386 -0.01568263  0.24027713 -0.25589758
  0.04669112  0.38767627  0.03188471 -0.26654133 -0.44836035 -0.01696895
  0.21741199 -0.27290511 -0.3621006  -0.46499193 -0.00476199 -0.10900036
 -0.13454461 -0.17317162  0.36318457 -0.05496931  0.05700059 -0.36264116
  0.05060899 -0.35818505  0.21990585 -0.12820213  0.29988596 -0.38385859
 -0.01970102 -0.18106166 -0.30844015 -0.2760393  -0.05899915  0.08104025
 -0.23687324  0.04621299  0.01066099  0.21188855 -0.09672698  0.04033307
  0.23254748  0.04535262  0.29566363  0.15897164  0.09715245 -0.28411469
 -0.30386138 -0.20187476 -0.40702221  0.0439274  -0.21243691 -0.36220565
 -0.11958092 -0.02025116 -0.09071404 -0.31181014 -0.1350558  -0.12880257
 -0.55410701 -0.38695142 -0.4783003   0.19649099 -0.03604442 -0.51637411
 -0.31508327 -0.29324991 -0.01600546  0.20029455 -0.2641086   0.10418358
 -0.54486787  0.18559876 -0.16472475 -0.50322819 -0.28387511 -0.35538447
 -0.25620487 -0.188199    0.1609385  -0.16269931 -0.48800805 -0.41985604
  0.03862098  0.03706777  0.05690482 -0.14723299 -0.21091284 -0.07742334
 -0.21535283  0.02034205 -0.48086122 -0.19579938  0.3862243   0.10357056
 -0.35865435 -0.09736267 -0.2372473  -0.35838851]
num_samples: 100
mae: 0.2201605733251199
mse: 0.07415632938836941
rmse: 0.2723165977100357
r-squared: 0.49781799064712084
adj r-squared: 0.4536701216930217
best_epoch: 27
