y_true: [-0.09306899 -0.27258253  0.16008958 -0.21116664  0.43398401 -0.47863573
  0.13426128  0.4431476   0.03394356 -0.66466618 -0.90634233 -0.45854884
  0.14801385 -0.60822886 -0.3242591  -0.41356704  0.07069704 -0.14115196
  0.10566022 -0.31720424  0.31918573  0.12998202  0.18358937 -0.52108032
  0.14270498 -0.47245744  1.         -0.2601712   0.28752375 -0.50259739
 -0.25498039 -0.44466028 -0.36699945 -0.20722339  0.19620712  0.28771925
  0.10925925  0.18319859  0.14105712  0.08759619 -0.5333789  -0.27776584
  0.35615945  0.71544284  0.10306858 -0.28524476  0.41363949 -0.27164999
 -0.78121418 -0.14312677 -0.13701206  0.28922158 -0.16102125  0.03250793
 -0.17595549 -0.22449546 -0.36383826 -0.44776741 -0.5605303  -0.36122587
 -0.92949069 -0.2962257  -0.30238786  0.31293711 -0.5221343  -0.51151502
 -0.04999832 -0.57095283 -0.15971498 -0.41722029 -0.30357891  0.41096601
 -0.89337683 -0.11942037  0.07071843 -0.6897741  -0.21217309 -0.16200756
 -0.24971506 -0.62025106  0.52128953 -0.12497903 -1.         -0.48076969
  0.53718424  0.1669915   0.20092726 -0.25984648 -0.06745447 -0.49520519
 -0.58735007  0.4650262  -0.58803445 -0.02626549  0.4374218  -0.15792395
 -0.15446329  0.09326684 -0.38089329 -0.714634  ]
y_pred: [ 0.30764824 -0.21442671 -0.06634617 -0.13160184  0.18136202 -0.28530151
 -0.06752428  0.37467244 -0.05546249 -0.33749217 -0.45423159 -0.01342374
  0.1093903  -0.40621322 -0.4453395  -0.45363525 -0.08460655 -0.22100048
 -0.16159178 -0.26762575  0.29650569 -0.14902647  0.03076226 -0.44133073
  0.01006468 -0.39882588  0.24362193 -0.22077248  0.29459691 -0.43887338
 -0.09946519 -0.303123   -0.38343206 -0.29909882 -0.09942683  0.01828491
 -0.21046215  0.00149223 -0.04317971  0.16403207 -0.2112581   0.00612072
  0.19144198  0.01261138  0.25871289  0.11938471  0.11358116 -0.28301659
 -0.33970827 -0.25417006 -0.4558323   0.00893205 -0.25251198 -0.43822372
 -0.16027415 -0.05861639 -0.1824057  -0.32530218 -0.26816273 -0.26191422
 -0.58036631 -0.42701551 -0.51157898  0.12711118 -0.10789606 -0.56199354
 -0.36574784 -0.31773365  0.01324147  0.18235585 -0.34922674  0.12379313
 -0.52024704  0.09019189 -0.26581007 -0.58046329 -0.34041044 -0.37620392
 -0.33837771 -0.24645185  0.14493828 -0.21609987 -0.50971675 -0.4883638
 -0.0809384  -0.02697463  0.05415578 -0.21329567 -0.22712104 -0.15294591
 -0.23857595 -0.00610708 -0.52473819 -0.19643494  0.31998822 -0.02392682
 -0.43592644 -0.13603218 -0.28140059 -0.48118541]
num_samples: 100
mae: 0.21493231522617862
mse: 0.07045924800765246
rmse: 0.26544160941279055
r-squared: 0.5228543937676985
adj r-squared: 0.48090752728573793
