epoch,batch,train_batch_loss
0,0,0.6632263660430908
0,1,0.6983364820480347
0,2,0.6989818811416626
0,3,0.677132785320282
0,4,0.7467493414878845
0,5,0.6771479845046997
0,6,0.7612863779067993
0,7,0.7351559996604919
0,8,0.6797610521316528
0,9,0.7099528312683105
0,10,0.6705199480056763
0,11,0.7056837677955627
0,12,0.6937798261642456
0,13,0.6857511401176453
0,14,0.6865983009338379
0,15,0.6870641112327576
0,16,0.6868626475334167
0,17,0.6992704272270203
0,18,0.6879438161849976
0,19,0.7040886282920837
1,0,0.6972845792770386
1,1,0.6896260380744934
1,2,0.6960970759391785
1,3,0.6903506517410278
1,4,0.690116822719574
1,5,0.6896611452102661
1,6,0.6861494779586792
1,7,0.6967031359672546
1,8,0.7025476694107056
1,9,0.6820882558822632
1,10,0.6923066973686218
1,11,0.678874135017395
1,12,0.7032041549682617
1,13,0.6911647915840149
1,14,0.7041692733764648
1,15,0.6921519041061401
1,16,0.6966024041175842
1,17,0.6911686658859253
1,18,0.6898526549339294
1,19,0.6996497511863708
2,0,0.6876382827758789
2,1,0.6941791772842407
2,2,0.6879810094833374
2,3,0.6912205815315247
2,4,0.6934860348701477
2,5,0.6896800398826599
2,6,0.6890736222267151
2,7,0.6898070573806763
2,8,0.6884998083114624
2,9,0.6882500648498535
2,10,0.6846609711647034
2,11,0.6959497332572937
2,12,0.6968457698822021
2,13,0.6733823418617249
2,14,0.6990540623664856
2,15,0.7070960998535156
2,16,0.6860305070877075
2,17,0.697296142578125
2,18,0.7052373290061951
2,19,0.6872739195823669
3,0,0.6809129118919373
3,1,0.6928669810295105
3,2,0.6908389925956726
3,3,0.6858308911323547
3,4,0.6909629106521606
3,5,0.6862455010414124
3,6,0.6813098788261414
3,7,0.6759305000305176
3,8,0.6785893440246582
3,9,0.6955181360244751
3,10,0.6864312887191772
3,11,0.6819663643836975
3,12,0.6589075326919556
3,13,0.6728740930557251
3,14,0.7054253220558167
3,15,0.7206289768218994
3,16,0.7552725076675415
3,17,0.7371363639831543
3,18,0.6851733922958374
3,19,0.6834075450897217
4,0,0.6644127368927002
4,1,0.6725449562072754
4,2,0.667106568813324
4,3,0.695935070514679
4,4,0.695473849773407
4,5,0.6761165857315063
4,6,0.67807936668396
4,7,0.6827425360679626
4,8,0.6791027188301086
4,9,0.6816185712814331
4,10,0.6747854948043823
4,11,0.6746436357498169
4,12,0.6902409791946411
4,13,0.6805679798126221
4,14,0.6842044591903687
4,15,0.6818707585334778
4,16,0.6770905256271362
4,17,0.6715067625045776
4,18,0.6760432720184326
4,19,0.6977617740631104
5,0,0.6802550554275513
5,1,0.6621404886245728
5,2,0.6742435693740845
5,3,0.6653750538825989
5,4,0.6637392044067383
5,5,0.6339706778526306
5,6,0.6860267519950867
5,7,0.6727408170700073
5,8,0.6750105619430542
5,9,0.6962505578994751
5,10,0.6745045781135559
5,11,0.7081649303436279
5,12,0.648768424987793
5,13,0.7010396718978882
5,14,0.6840999126434326
5,15,0.7128946185112
5,16,0.6542466878890991
5,17,0.7167537808418274
5,18,0.676733136177063
5,19,0.6825639009475708
6,0,0.6670816540718079
6,1,0.6532902121543884
6,2,0.6716541051864624
6,3,0.671076774597168
6,4,0.6694257855415344
6,5,0.6588749289512634
6,6,0.6461561918258667
6,7,0.6676892042160034
6,8,0.7184106707572937
6,9,0.677998423576355
6,10,0.6699989438056946
6,11,0.6607743501663208
6,12,0.6635220646858215
6,13,0.6495271325111389
6,14,0.6997824907302856
6,15,0.6613778471946716
6,16,0.6501846313476562
6,17,0.688184916973114
6,18,0.6625087857246399
6,19,0.678538978099823
7,0,0.6426197290420532
7,1,0.6766500473022461
7,2,0.6706514358520508
7,3,0.6696203947067261
7,4,0.6444966793060303
7,5,0.6657518148422241
7,6,0.6465187668800354
7,7,0.6310374140739441
7,8,0.6857280731201172
7,9,0.6737865209579468
7,10,0.6538473963737488
7,11,0.6460333466529846
7,12,0.6561772227287292
7,13,0.6844252943992615
7,14,0.6463534832000732
7,15,0.638844907283783
7,16,0.7034589648246765
7,17,0.6787481307983398
7,18,0.6599498987197876
7,19,0.636138916015625
8,0,0.6134322285652161
8,1,0.6352161169052124
8,2,0.650742769241333
8,3,0.7024091482162476
8,4,0.6416652202606201
8,5,0.7202484011650085
8,6,0.6808936595916748
8,7,0.6537519097328186
8,8,0.696505606174469
8,9,0.6134029030799866
8,10,0.6499584913253784
8,11,0.6489753127098083
8,12,0.6430657505989075
8,13,0.6434538960456848
8,14,0.6226178407669067
8,15,0.6510831117630005
8,16,0.6565779447555542
8,17,0.6250583529472351
8,18,0.6388090252876282
8,19,0.6245778203010559
9,0,0.6100009679794312
9,1,0.6285067200660706
9,2,0.6265565752983093
9,3,0.6406777501106262
9,4,0.6042011976242065
9,5,0.6461982727050781
9,6,0.6623325943946838
9,7,0.6717473864555359
9,8,0.6482179760932922
9,9,0.6315619349479675
9,10,0.6990586519241333
9,11,0.6433385014533997
9,12,0.6263571977615356
9,13,0.5995683073997498
9,14,0.6058570146560669
9,15,0.6274895668029785
9,16,0.6278131604194641
9,17,0.6045456528663635
9,18,0.6684631109237671
9,19,0.6190953850746155
10,0,0.6350105404853821
10,1,0.6304925680160522
10,2,0.6252366304397583
10,3,0.5965506434440613
10,4,0.6621819138526917
10,5,0.6485388278961182
10,6,0.644087553024292
10,7,0.5891097784042358
10,8,0.5673227310180664
10,9,0.6147805452346802
10,10,0.61302250623703
10,11,0.6266307830810547
10,12,0.5816714763641357
10,13,0.580683171749115
10,14,0.612809419631958
10,15,0.6152932047843933
10,16,0.6078827381134033
10,17,0.6239116787910461
10,18,0.6932013630867004
10,19,0.5901845693588257
11,0,0.5869725346565247
11,1,0.5546627640724182
11,2,0.5878438353538513
11,3,0.5929591655731201
11,4,0.6866826415061951
11,5,0.5758646130561829
11,6,0.6170066595077515
11,7,0.5919513702392578
11,8,0.6220671534538269
11,9,0.6457549929618835
11,10,0.5533621907234192
11,11,0.5999619960784912
11,12,0.5849697589874268
11,13,0.5737206935882568
11,14,0.6125504374504089
11,15,0.6032299995422363
11,16,0.5287344455718994
11,17,0.5618994832038879
11,18,0.6133653521537781
11,19,0.6520171165466309
12,0,0.5199562907218933
12,1,0.5837627649307251
12,2,0.5828157663345337
12,3,0.6313657760620117
12,4,0.6126829981803894
12,5,0.5853716135025024
12,6,0.5741954445838928
12,7,0.5413703918457031
12,8,0.5825383067131042
12,9,0.5820690393447876
12,10,0.5660790801048279
12,11,0.6158462762832642
12,12,0.5930803418159485
12,13,0.5992928743362427
12,14,0.48448219895362854
12,15,0.5362261533737183
12,16,0.5343289971351624
12,17,0.4902118742465973
12,18,0.533160388469696
12,19,0.5585097074508667
13,0,0.5091478824615479
13,1,0.6290124654769897
13,2,0.4518064856529236
13,3,0.5736726522445679
13,4,0.6300314664840698
13,5,0.5656934380531311
13,6,0.5100225806236267
13,7,0.6430782675743103
13,8,0.534876823425293
13,9,0.5689509510993958
13,10,0.5429129600524902
13,11,0.39945322275161743
13,12,0.5513271689414978
13,13,0.5655795335769653
13,14,0.6187426447868347
13,15,0.5740184783935547
13,16,0.42800307273864746
13,17,0.4490049481391907
13,18,0.4675210118293762
13,19,0.406766802072525
14,0,0.5514214038848877
14,1,0.5111207962036133
14,2,0.6639440655708313
14,3,0.6097341775894165
14,4,0.6095393300056458
14,5,0.6790100932121277
14,6,0.4637204110622406
14,7,0.3891074061393738
14,8,0.44097620248794556
14,9,0.5582904815673828
14,10,0.42129454016685486
14,11,0.479932963848114
14,12,0.5460097789764404
14,13,0.3813634514808655
14,14,0.6101685762405396
14,15,0.45559820532798767
14,16,0.3805367946624756
14,17,0.4411258101463318
14,18,0.5102901458740234
14,19,0.572116494178772
15,0,0.44184333086013794
15,1,0.5318858027458191
15,2,0.5873174667358398
15,3,0.5446743965148926
15,4,0.7353237867355347
15,5,0.5696481466293335
15,6,0.5804116725921631
15,7,0.4321071207523346
15,8,0.4954701066017151
15,9,0.45996809005737305
15,10,0.4963834285736084
15,11,0.528965175151825
15,12,0.39857253432273865
15,13,0.667037308216095
15,14,0.49789509177207947
15,15,0.5313762426376343
15,16,0.41468462347984314
15,17,0.29587987065315247
15,18,0.5458785891532898
15,19,0.3639662265777588
16,0,0.40223780274391174
16,1,0.5954607129096985
16,2,0.4508340358734131
16,3,0.5077041387557983
16,4,0.6783221960067749
16,5,0.4517951011657715
16,6,0.40913113951683044
16,7,0.6137970685958862
16,8,0.5023099184036255
16,9,0.4861356317996979
16,10,0.44288158416748047
16,11,0.2989810109138489
16,12,0.48169073462486267
16,13,0.539628803730011
16,14,0.46649885177612305
16,15,0.5218081474304199
16,16,0.3558391332626343
16,17,0.3648120164871216
16,18,0.3555254638195038
16,19,0.33410724997520447
17,0,0.4351418614387512
17,1,0.3794043958187103
17,2,0.5889517068862915
17,3,0.4754045903682709
17,4,0.525485634803772
17,5,0.688460648059845
17,6,0.3653612732887268
17,7,0.29674533009529114
17,8,0.5344694256782532
17,9,0.5150564312934875
17,10,0.40299081802368164
17,11,0.406136691570282
17,12,0.4401923716068268
17,13,0.37984877824783325
17,14,0.5590096116065979
17,15,0.41006407141685486
17,16,0.35298818349838257
17,17,0.32294395565986633
17,18,0.4087315499782562
17,19,0.41528958082199097
18,0,0.34099826216697693
18,1,0.24335649609565735
18,2,0.3969741463661194
18,3,0.41276663541793823
18,4,0.43331485986709595
18,5,0.5252459645271301
18,6,0.4206119477748871
18,7,0.33868783712387085
18,8,0.373786598443985
18,9,0.577431857585907
18,10,0.47346410155296326
18,11,0.6062616109848022
18,12,0.5089989304542542
18,13,0.39651304483413696
18,14,0.4749511778354645
18,15,0.5577542781829834
18,16,0.3985164761543274
18,17,0.5242276787757874
18,18,0.29708585143089294
18,19,0.46039819717407227
19,0,0.45160824060440063
19,1,0.35981541872024536
19,2,0.500037670135498
19,3,0.28447896242141724
19,4,0.4851096570491791
19,5,0.38626617193222046
19,6,0.46274328231811523
19,7,0.27362340688705444
19,8,0.33505433797836304
19,9,0.3586123287677765
19,10,0.5520547032356262
19,11,0.40565505623817444
19,12,0.45115748047828674
19,13,0.31752878427505493
19,14,0.43422356247901917
19,15,0.5247811079025269
19,16,0.4821891784667969
19,17,0.3187485635280609
19,18,0.30756327509880066
19,19,0.9231523275375366