y_true: [-0.65018821  0.53281015  0.49665552 -0.1984587   0.30947819 -0.24304697
 -0.03290847 -0.09715477 -0.1452079   0.87052011  0.374596   -0.11506206
 -0.32727876  0.2752631   0.21259516  0.17342159 -0.34828225  0.06260063
 -0.0344236   0.13040362  0.9176057  -0.62353426 -0.6736809   0.9054938
  0.20312536  0.21343169  0.1654294  -0.84784466 -0.28151184 -0.26691633
 -0.19216131 -0.53667438 -0.11245651  0.38323104 -0.12755869 -0.35350382
  0.33923489 -0.74991912  0.44715691 -0.39361614  0.03660766  0.36901128
  0.51410341 -0.34599361 -0.8176707   0.59257859  0.11401354  0.83219773
 -0.7777136  -0.78979379 -0.12351869 -0.01369487  0.13337448 -0.00933307
  0.42925584 -0.42058    -0.60312909  0.55884045 -0.13076673  0.22588012
  0.01613788  0.10222853  0.37742126 -0.65572703 -0.26911494  0.10164671
 -0.1739611   0.42433637 -0.29183999  0.21348637  0.49122152  0.15828159
 -0.85824412 -0.45555675  0.21682617 -0.29688942 -0.31875274 -0.68433672
  0.27176446 -0.15195391 -0.60094184  0.36716241  0.01092578 -0.04855493
  1.          0.05589242 -0.09750014  0.06800747 -0.32690504  0.3710416
  0.37066382 -0.24479263 -0.23817019 -1.         -0.73131692 -0.76803148
 -0.35190848 -0.11656986 -0.3688519   0.19657342]
y_pred: [-0.52557904  0.39812657  0.38042462 -0.12708803  0.34417152 -0.2392984
 -0.1159466  -0.2820504  -0.32976705  0.65528518  0.29084137 -0.17908667
 -0.53016716 -0.03094656  0.12515745  0.24218598 -0.47078708  0.19428682
 -0.00538578  0.29235673  0.76871312 -0.58752364 -0.55897462  0.45989737
  0.34355608  0.3672381   0.26900271 -0.68259692 -0.26676053 -0.46157786
 -0.39246985 -0.59570801 -0.22247422  0.11823922 -0.28697273 -0.41786826
  0.39612854 -0.63042414  0.57934946 -0.58641684 -0.00302153  0.16330695
  0.48814541 -0.29610649 -0.4813953   0.70487326  0.0016869   0.54524243
 -0.64397854 -0.65348005 -0.02265571  0.01487058  0.04458249  0.13479552
  0.49110234 -0.42371994 -0.64808851  0.45251247 -0.0664049   0.16121902
  0.11346664  0.20242965  0.57160521 -0.60566473 -0.18162358  0.08414896
 -0.49721792  0.60447562 -0.2279792   0.31337127  0.59996301  0.35039112
 -0.62855196 -0.52167708  0.27172163 -0.33366472 -0.1822399  -0.62222016
 -0.62327492 -0.30430654 -0.63964468  0.28778049  0.02504962 -0.14604656
  0.54722959  0.08236368 -0.17253384 -0.1138964  -0.27563953  0.57087952
  0.2276361  -0.55504382 -0.18735439 -0.68675828 -0.45249376 -0.64880329
 -0.3783828  -0.06815192 -0.45696017  0.29751006]
num_samples: 100
mae: 0.13279810192994773
mse: 0.03155018669780021
rmse: 0.17762372222707248
r-squared: 0.8381401347139277
adj r-squared: 0.8313249824913562
best_epoch: 26
