y_true: [-0.65018821  0.53281015  0.49665552 -0.1984587   0.30947819 -0.24304697
 -0.03290847 -0.09715477 -0.1452079   0.87052011  0.374596   -0.11506206
 -0.32727876  0.2752631   0.21259516  0.17342159 -0.34828225  0.06260063
 -0.0344236   0.13040362  0.9176057  -0.62353426 -0.6736809   0.9054938
  0.20312536  0.21343169  0.1654294  -0.84784466 -0.28151184 -0.26691633
 -0.19216131 -0.53667438 -0.11245651  0.38323104 -0.12755869 -0.35350382
  0.33923489 -0.74991912  0.44715691 -0.39361614  0.03660766  0.36901128
  0.51410341 -0.34599361 -0.8176707   0.59257859  0.11401354  0.83219773
 -0.7777136  -0.78979379 -0.12351869 -0.01369487  0.13337448 -0.00933307
  0.42925584 -0.42058    -0.60312909  0.55884045 -0.13076673  0.22588012
  0.01613788  0.10222853  0.37742126 -0.65572703 -0.26911494  0.10164671
 -0.1739611   0.42433637 -0.29183999  0.21348637  0.49122152  0.15828159
 -0.85824412 -0.45555675  0.21682617 -0.29688942 -0.31875274 -0.68433672
  0.27176446 -0.15195391 -0.60094184  0.36716241  0.01092578 -0.04855493
  1.          0.05589242 -0.09750014  0.06800747 -0.32690504  0.3710416
  0.37066382 -0.24479263 -0.23817019 -1.         -0.73131692 -0.76803148
 -0.35190848 -0.11656986 -0.3688519   0.19657342]
y_pred: [-0.46773398  0.50641924  0.4291862  -0.03075629  0.42247415 -0.17580996
 -0.11216934 -0.05281114 -0.34877041  0.69609779  0.28386709 -0.04627996
 -0.53749144  0.11838507  0.20713538  0.19352338 -0.36467281  0.23496476
  0.02776984  0.33768335  0.79717827 -0.53137702 -0.56169206  0.49721593
  0.46248579  0.42797717  0.38249949 -0.60710251 -0.22225675 -0.31522176
 -0.35379538 -0.52639985 -0.19147032  0.24425247 -0.12061632 -0.32779065
  0.37499267 -0.58889264  0.63076866 -0.47816542  0.14080334  0.21645568
  0.52880996 -0.28032959 -0.4030388   0.75089628  0.14098041  0.6533584
 -0.64569968 -0.61894906 -0.09431979  0.0942459   0.36978388  0.04314404
  0.59897482 -0.42046049 -0.58256602  0.54556632 -0.02905573  0.16748315
  0.13372426  0.23648229  0.62329966 -0.5563513  -0.24937436  0.23647974
 -0.42545918  0.6142478  -0.21223739  0.42703959  0.68730092  0.35675952
 -0.61573726 -0.48420817  0.41318059 -0.43900353 -0.23482887 -0.56863856
 -0.62093556 -0.22209831 -0.62653756  0.52694112  0.16722187 -0.00693194
  0.67163396  0.10455132 -0.0100271  -0.05909887 -0.33501318  0.60997492
  0.16348597 -0.43118647  0.10816745 -0.68308175 -0.4599106  -0.65779489
 -0.37461451 -0.06142111 -0.43066514  0.37463257]
num_samples: 100
mae: 0.13635429030284285
mse: 0.032563027182305575
rmse: 0.18045228505703545
r-squared: 0.8329440252281556
adj r-squared: 0.8259100894482885
