y_true_label: tensor([0, 0, 0, 0, 0, 0, 0, 0, 0, 0, 0, 0, 0, 0, 0, 0, 0, 0, 0, 0, 0, 0, 0, 0,
        0, 0, 0, 0, 0, 0, 0, 0, 0, 0, 0, 0, 0, 0, 0, 0, 0, 0, 0, 0, 0, 0, 0, 0,
        0, 0, 0, 0, 0, 0, 0, 0, 0, 0, 0, 0, 0, 0, 0, 0, 0, 0, 0, 0, 0, 0, 0, 0,
        0, 0, 0, 0, 0, 0, 0, 0, 0, 0, 0, 0, 0, 0, 0, 0, 0, 0, 0, 0, 0, 0, 0, 0,
        0, 0, 0, 0, 1, 1, 1, 1, 1, 1, 1, 1, 1, 1, 1, 1, 1, 1, 1, 1, 1, 1, 1, 1,
        1, 1, 1, 1, 1, 1, 1, 1, 1, 1, 1, 1, 1, 1, 1, 1, 1, 1, 1, 1, 1, 1, 1, 1,
        1, 1, 1, 1, 1, 1, 1, 1, 1, 1, 1, 1, 1, 1, 1, 1, 1, 1, 1, 1, 1, 1, 1, 1,
        1, 1, 1, 1, 1, 1, 1, 1, 1, 1, 1, 1, 1, 1, 1, 1, 1, 1, 1, 1, 1, 1, 1, 1,
        1, 1, 1, 1, 1, 1, 1, 1])
y_pred_label: tensor([-1., -1., -1.,  1., -1., -1., -1.,  1., -1., -1., -1., -1., -1., -1.,
        -1., -1., -1., -1., -1., -1., -1., -1., -1.,  1., -1., -1.,  1., -1.,
         1., -1.,  1., -1., -1., -1., -1., -1., -1., -1., -1., -1., -1., -1.,
        -1., -1., -1., -1., -1., -1., -1., -1.,  1., -1., -1.,  1., -1., -1.,
        -1., -1.,  1., -1., -1., -1., -1., -1., -1.,  1., -1., -1., -1., -1.,
        -1.,  1., -1., -1., -1., -1.,  1., -1., -1., -1.,  1.,  1., -1., -1.,
         1., -1.,  1.,  1., -1.,  1., -1., -1., -1.,  1.,  1.,  1.,  1.,  1.,
         1., -1.,  1., -1.,  1.,  1.,  1.,  1., -1.,  1.,  1.,  1.,  1.,  1.,
         1.,  1.,  1.,  1.,  1.,  1.,  1.,  1.,  1.,  1.,  1., -1.,  1.,  1.,
         1.,  1.,  1.,  1.,  1., -1.,  1.,  1.,  1.,  1.,  1.,  1.,  1.,  1.,
         1.,  1.,  1.,  1.,  1.,  1.,  1.,  1.,  1., -1.,  1., -1.,  1.,  1.,
         1.,  1.,  1.,  1.,  1.,  1.,  1.,  1.,  1.,  1.,  1.,  1.,  1.,  1.,
         1.,  1.,  1.,  1., -1.,  1.,  1., -1.,  1.,  1.,  1.,  1.,  1., -1.,
         1., -1.,  1.,  1.,  1., -1.,  1.,  1.,  1.,  1.,  1.,  1.,  1.,  1.,
        -1.,  1.,  1.,  1.])
num_samples: 200
binary_cross_entropy_loss: 0.562406063079834
accuracy: 82.0
best_epoch: 16
