y_true: [-0.65018821  0.53281015  0.49665552 -0.1984587   0.30947819 -0.24304697
 -0.03290847 -0.09715477 -0.1452079   0.87052011  0.374596   -0.11506206
 -0.32727876  0.2752631   0.21259516  0.17342159 -0.34828225  0.06260063
 -0.0344236   0.13040362  0.9176057  -0.62353426 -0.6736809   0.9054938
  0.20312536  0.21343169  0.1654294  -0.84784466 -0.28151184 -0.26691633
 -0.19216131 -0.53667438 -0.11245651  0.38323104 -0.12755869 -0.35350382
  0.33923489 -0.74991912  0.44715691 -0.39361614  0.03660766  0.36901128
  0.51410341 -0.34599361 -0.8176707   0.59257859  0.11401354  0.83219773
 -0.7777136  -0.78979379 -0.12351869 -0.01369487  0.13337448 -0.00933307
  0.42925584 -0.42058    -0.60312909  0.55884045 -0.13076673  0.22588012
  0.01613788  0.10222853  0.37742126 -0.65572703 -0.26911494  0.10164671
 -0.1739611   0.42433637 -0.29183999  0.21348637  0.49122152  0.15828159
 -0.85824412 -0.45555675  0.21682617 -0.29688942 -0.31875274 -0.68433672
  0.27176446 -0.15195391 -0.60094184  0.36716241  0.01092578 -0.04855493
  1.          0.05589242 -0.09750014  0.06800747 -0.32690504  0.3710416
  0.37066382 -0.24479263 -0.23817019 -1.         -0.73131692 -0.76803148
 -0.35190848 -0.11656986 -0.3688519   0.19657342]
y_pred: [-0.47305182  0.36313286  0.41343653 -0.37311062  0.31640303 -0.37314269
 -0.17739488 -0.21407084 -0.16050452  0.63543504  0.10303719 -0.22032054
 -0.47137722  0.53195232  0.20935339  0.1644472  -0.47706684 -0.01834255
 -0.07333483 -0.01904522  0.54779446 -0.69752097 -0.64218742  0.59941214
  0.25960469  0.25196522  0.00347532 -0.74083704 -0.25654021 -0.37594992
 -0.00355817 -0.49568468 -0.08722971  0.42457449 -0.27897966 -0.42468187
  0.44306293 -0.6792388   0.34037963 -0.54785579  0.06301162  0.37649375
  0.51510817 -0.14223395 -0.46402213  0.53092444 -0.17110462  0.65253353
 -0.60166878 -0.50838637 -0.22445163 -0.0476962   0.10714353 -0.14288075
  0.41144866 -0.55977112 -0.59063882  0.30046406 -0.24662167  0.17938191
  0.00271856  0.22337072  0.30921063 -0.65171194 -0.44876695  0.14891474
 -0.39617091  0.41586012 -0.21162041  0.16827016  0.49908492  0.06322997
 -0.73513758 -0.57406729  0.18705492 -0.47574314 -0.37065631 -0.63535005
  0.40792847 -0.21657486 -0.62285435  0.46038905 -0.06230855 -0.17607149
  0.74984103  0.1666351  -0.09621286  0.21397927 -0.53236896  0.32529411
  0.43789226 -0.38028836 -0.12553221 -0.68292809 -0.63926393 -0.73234105
 -0.41666475 -0.19844262 -0.48570129  0.1854618 ]
num_samples: 100
mae: 0.1089084890508093
mse: 0.019131790093058442
rmse: 0.13831771431403297
r-squared: 0.9018494249557083
adj r-squared: 0.8977167691643697
best_epoch: 27
