y_true: [-0.65018821  0.53281015  0.49665552 -0.1984587   0.30947819 -0.24304697
 -0.03290847 -0.09715477 -0.1452079   0.87052011  0.374596   -0.11506206
 -0.32727876  0.2752631   0.21259516  0.17342159 -0.34828225  0.06260063
 -0.0344236   0.13040362  0.9176057  -0.62353426 -0.6736809   0.9054938
  0.20312536  0.21343169  0.1654294  -0.84784466 -0.28151184 -0.26691633
 -0.19216131 -0.53667438 -0.11245651  0.38323104 -0.12755869 -0.35350382
  0.33923489 -0.74991912  0.44715691 -0.39361614  0.03660766  0.36901128
  0.51410341 -0.34599361 -0.8176707   0.59257859  0.11401354  0.83219773
 -0.7777136  -0.78979379 -0.12351869 -0.01369487  0.13337448 -0.00933307
  0.42925584 -0.42058    -0.60312909  0.55884045 -0.13076673  0.22588012
  0.01613788  0.10222853  0.37742126 -0.65572703 -0.26911494  0.10164671
 -0.1739611   0.42433637 -0.29183999  0.21348637  0.49122152  0.15828159
 -0.85824412 -0.45555675  0.21682617 -0.29688942 -0.31875274 -0.68433672
  0.27176446 -0.15195391 -0.60094184  0.36716241  0.01092578 -0.04855493
  1.          0.05589242 -0.09750014  0.06800747 -0.32690504  0.3710416
  0.37066382 -0.24479263 -0.23817019 -1.         -0.73131692 -0.76803148
 -0.35190848 -0.11656986 -0.3688519   0.19657342]
y_pred: [-5.10935903e-01  3.74405503e-01  4.38886523e-01 -2.98538953e-01
  2.97857165e-01 -1.99833319e-01 -4.97237407e-02 -2.49645635e-01
 -1.10925920e-01  6.02745891e-01  2.27292940e-01 -1.16683058e-01
 -3.13098162e-01  5.28310657e-01  2.89077342e-01  2.39252627e-01
 -3.67936581e-01  3.05074528e-02 -1.27020270e-01  1.04557887e-01
  5.86716115e-01 -6.21532381e-01 -6.42979324e-01  6.32859707e-01
  2.03354940e-01  3.13049018e-01  8.37774388e-03 -6.54980540e-01
 -4.04915631e-01 -4.03239787e-01 -4.82194871e-03 -4.87022519e-01
 -9.57496241e-02  4.84101236e-01 -2.81995535e-01 -4.59955722e-01
  4.47394013e-01 -6.22244060e-01  3.54367256e-01 -5.06681561e-01
  5.56969903e-02  4.17487293e-01  5.68374693e-01 -2.30491161e-02
 -4.15388912e-01  4.99182731e-01 -6.07076287e-02  7.22649276e-01
 -6.78698540e-01 -4.46851581e-01 -1.82301998e-01 -2.23759320e-02
  2.27801755e-01 -8.86091441e-02  4.92462039e-01 -5.03126204e-01
 -5.94653308e-01  3.72030616e-01 -1.53085634e-01  2.53425688e-01
 -4.64916229e-05  2.23789945e-01  3.70548368e-01 -6.46714091e-01
 -3.99952590e-01  2.17351139e-01 -3.19604307e-01  3.56418401e-01
 -1.38047978e-01  1.89843401e-01  5.42726636e-01  1.55641302e-01
 -7.17872024e-01 -5.30640721e-01  2.32457206e-01 -3.45793396e-01
 -2.97733009e-01 -6.29188001e-01  4.82868344e-01 -1.59307182e-01
 -5.84466457e-01  4.38503861e-01 -9.87107307e-03 -9.04370844e-02
  7.74796903e-01  1.71924844e-01 -5.97881526e-02  1.65864363e-01
 -4.46537852e-01  3.53931457e-01  4.99622077e-01 -2.74918109e-01
 -6.85364604e-02 -6.68607712e-01 -5.88136494e-01 -7.34647453e-01
 -3.37571770e-01 -1.38219878e-01 -4.28207040e-01  2.67108053e-01]
num_samples: 100
mae: 0.09598503610119223
mse: 0.016609000566135273
rmse: 0.12887591150457586
r-squared: 0.9147919275432245
adj r-squared: 0.911204219229255
