y_true: [-0.09306899 -0.27258253  0.16008958 -0.21116664  0.43398401 -0.47863573
  0.13426128  0.4431476   0.03394356 -0.66466618 -0.90634233 -0.45854884
  0.14801385 -0.60822886 -0.3242591  -0.41356704  0.07069704 -0.14115196
  0.10566022 -0.31720424  0.31918573  0.12998202  0.18358937 -0.52108032
  0.14270498 -0.47245744  1.         -0.2601712   0.28752375 -0.50259739
 -0.25498039 -0.44466028 -0.36699945 -0.20722339  0.19620712  0.28771925
  0.10925925  0.18319859  0.14105712  0.08759619 -0.5333789  -0.27776584
  0.35615945  0.71544284  0.10306858 -0.28524476  0.41363949 -0.27164999
 -0.78121418 -0.14312677 -0.13701206  0.28922158 -0.16102125  0.03250793
 -0.17595549 -0.22449546 -0.36383826 -0.44776741 -0.5605303  -0.36122587
 -0.92949069 -0.2962257  -0.30238786  0.31293711 -0.5221343  -0.51151502
 -0.04999832 -0.57095283 -0.15971498 -0.41722029 -0.30357891  0.41096601
 -0.89337683 -0.11942037  0.07071843 -0.6897741  -0.21217309 -0.16200756
 -0.24971506 -0.62025106  0.52128953 -0.12497903 -1.         -0.48076969
  0.53718424  0.1669915   0.20092726 -0.25984648 -0.06745447 -0.49520519
 -0.58735007  0.4650262  -0.58803445 -0.02626549  0.4374218  -0.15792395
 -0.15446329  0.09326684 -0.38089329 -0.714634  ]
y_pred: [ 0.12584801 -0.04382283  0.25825173  0.09512813  0.48318037 -0.39282447
  0.05633604  0.45941404  0.09020825 -0.25088945 -0.72098446 -0.37621224
  0.06042194 -0.48884192 -0.32489577 -0.35385275 -0.10156239  0.03510351
  0.31529972 -0.16133438  0.45317033 -0.2048462   0.13726181 -0.35632288
  0.28663826 -0.33756331  0.62163895 -0.25283125  0.23161083 -0.46695161
  0.01461653 -0.37595874 -0.37148339 -0.09055182 -0.05543927  0.01683301
  0.28859818  0.24848707  0.14336063  0.16066353 -0.3417339  -0.28859261
  0.28225833  0.32191202 -0.09117599  0.08787085  0.07525866 -0.1336138
 -0.61097729 -0.16404395 -0.13817321  0.22009313 -0.06970988  0.01725575
 -0.05960628 -0.09147797 -0.45402387 -0.43008941 -0.69428355 -0.2100073
 -0.63725364 -0.23266721 -0.29753274  0.27593133 -0.24610861 -0.46516943
 -0.01765689 -0.50615394  0.12034073  0.07039767 -0.28413898  0.32703799
 -0.73458546  0.35869789 -0.14675711 -0.58435565 -0.28750339 -0.03525826
 -0.00459333 -0.36141935  0.3529838  -0.03626599 -0.78366858 -0.39597395
  0.14834306 -0.07117979 -0.06643472 -0.21218552 -0.287292   -0.26304588
 -0.61069423  0.13484119 -0.69431698  0.02294714  0.20657769 -0.03469346
 -0.05247393 -0.07803112 -0.3050344  -0.65114021]
num_samples: 100
mae: 0.1484424633765593
mse: 0.03510539984277457
rmse: 0.18736435051197592
r-squared: 0.7622684351074995
adj r-squared: 0.7413689568751918
