y_true: [-0.09306899 -0.27258253  0.16008958 -0.21116664  0.43398401 -0.47863573
  0.13426128  0.4431476   0.03394356 -0.66466618 -0.90634233 -0.45854884
  0.14801385 -0.60822886 -0.3242591  -0.41356704  0.07069704 -0.14115196
  0.10566022 -0.31720424  0.31918573  0.12998202  0.18358937 -0.52108032
  0.14270498 -0.47245744  1.         -0.2601712   0.28752375 -0.50259739
 -0.25498039 -0.44466028 -0.36699945 -0.20722339  0.19620712  0.28771925
  0.10925925  0.18319859  0.14105712  0.08759619 -0.5333789  -0.27776584
  0.35615945  0.71544284  0.10306858 -0.28524476  0.41363949 -0.27164999
 -0.78121418 -0.14312677 -0.13701206  0.28922158 -0.16102125  0.03250793
 -0.17595549 -0.22449546 -0.36383826 -0.44776741 -0.5605303  -0.36122587
 -0.92949069 -0.2962257  -0.30238786  0.31293711 -0.5221343  -0.51151502
 -0.04999832 -0.57095283 -0.15971498 -0.41722029 -0.30357891  0.41096601
 -0.89337683 -0.11942037  0.07071843 -0.6897741  -0.21217309 -0.16200756
 -0.24971506 -0.62025106  0.52128953 -0.12497903 -1.         -0.48076969
  0.53718424  0.1669915   0.20092726 -0.25984648 -0.06745447 -0.49520519
 -0.58735007  0.4650262  -0.58803445 -0.02626549  0.4374218  -0.15792395
 -0.15446329  0.09326684 -0.38089329 -0.714634  ]
y_pred: [ 0.00372331 -0.07353675  0.15300019  0.13759196  0.44081113 -0.46193394
  0.04965695  0.37535948 -0.01995459 -0.40032873 -0.6655463  -0.39902216
 -0.02258883 -0.41333663 -0.35868019 -0.39381382 -0.13254064 -0.09203792
  0.0759934  -0.11285006  0.41386235 -0.10975146  0.06705946 -0.40885967
  0.25534666 -0.43579614  0.44797841 -0.22359701  0.28730249 -0.48482475
 -0.00993961 -0.37434149 -0.36066529 -0.131874   -0.18557568  0.10416798
  0.02851482  0.14059848  0.20901884  0.15422554 -0.3301273  -0.21585016
  0.14891122  0.1760803   0.06134932 -0.0549094  -0.15559648 -0.15117955
 -0.58920139 -0.12855403 -0.32058889  0.16279067 -0.11049258 -0.26787654
 -0.07881228  0.02070768 -0.45345956 -0.40801248 -0.56444818 -0.34300271
 -0.67880845 -0.33006594 -0.2763046   0.13725547 -0.24409682 -0.43134806
 -0.13201672 -0.55631727 -0.10282338 -0.02673429 -0.41825914  0.12320856
 -0.70292073  0.38480091 -0.15098169 -0.5196588  -0.33935097 -0.15070446
 -0.21646276 -0.31003529  0.18379259 -0.17047447 -0.72695732 -0.49346614
  0.15188171 -0.0810602  -0.12697649 -0.25989899 -0.22083558 -0.27312148
 -0.44988695  0.10788169 -0.65351832 -0.04410696  0.20684114 -0.18644468
 -0.2146212  -0.24830288 -0.29460043 -0.683671  ]
num_samples: 100
mae: 0.1494741045171395
mse: 0.04018958644865001
rmse: 0.20047340583890427
r-squared: 0.727838642442169
adj r-squared: 0.7039123692502718
best_epoch: 22
