y_true: [-0.09306899 -0.27258253  0.16008958 -0.21116664  0.43398401 -0.47863573
  0.13426128  0.4431476   0.03394356 -0.66466618 -0.90634233 -0.45854884
  0.14801385 -0.60822886 -0.3242591  -0.41356704  0.07069704 -0.14115196
  0.10566022 -0.31720424  0.31918573  0.12998202  0.18358937 -0.52108032
  0.14270498 -0.47245744  1.         -0.2601712   0.28752375 -0.50259739
 -0.25498039 -0.44466028 -0.36699945 -0.20722339  0.19620712  0.28771925
  0.10925925  0.18319859  0.14105712  0.08759619 -0.5333789  -0.27776584
  0.35615945  0.71544284  0.10306858 -0.28524476  0.41363949 -0.27164999
 -0.78121418 -0.14312677 -0.13701206  0.28922158 -0.16102125  0.03250793
 -0.17595549 -0.22449546 -0.36383826 -0.44776741 -0.5605303  -0.36122587
 -0.92949069 -0.2962257  -0.30238786  0.31293711 -0.5221343  -0.51151502
 -0.04999832 -0.57095283 -0.15971498 -0.41722029 -0.30357891  0.41096601
 -0.89337683 -0.11942037  0.07071843 -0.6897741  -0.21217309 -0.16200756
 -0.24971506 -0.62025106  0.52128953 -0.12497903 -1.         -0.48076969
  0.53718424  0.1669915   0.20092726 -0.25984648 -0.06745447 -0.49520519
 -0.58735007  0.4650262  -0.58803445 -0.02626549  0.4374218  -0.15792395
 -0.15446329  0.09326684 -0.38089329 -0.714634  ]
y_pred: [ 0.03774342 -0.02443716 -0.07891074 -0.22134432  0.22806574 -0.50029773
  0.06340411  0.41342524 -0.06419042 -0.43218637 -0.78037614 -0.4090791
  0.24239503 -0.5479582  -0.47906271 -0.46528441 -0.00278402 -0.0617589
 -0.01538863 -0.21010947  0.18701927 -0.3723838   0.11978488 -0.52551937
  0.07539678 -0.498532    0.44725853 -0.28773272  0.23750465 -0.5694313
 -0.15005675 -0.51053196 -0.50986934 -0.16515268  0.14020744  0.06299486
 -0.2610895   0.13528849 -0.02374791  0.14017451 -0.39348817 -0.21109958
  0.17258051  0.29485881  0.37103623 -0.10310818  0.18373232 -0.37692642
 -0.6798681  -0.34145454 -0.27968156  0.27518597 -0.23402698 -0.27700746
 -0.22815852 -0.2090815  -0.50210941 -0.11648303 -0.79919827 -0.22632878
 -0.68948466 -0.4654479  -0.36589605  0.04718649 -0.46864212 -0.70560789
  0.05032137 -0.42183781 -0.12792872  0.12857872 -0.31629688  0.23116133
 -0.79331434  0.09813353 -0.26850811 -0.64674324 -0.36126515 -0.19346255
 -0.22881141 -0.58369505  0.31470814  0.05950881 -0.82402509 -0.50445443
  0.06437012 -0.17286092 -0.03419486 -0.28327799 -0.34295103 -0.43950701
 -0.64050877  0.07179094 -0.62999535  0.03546932  0.32909158  0.01677694
 -0.24083774 -0.16521968 -0.4519186  -0.67110598]
num_samples: 100
mae: 0.14544772198656575
mse: 0.03611439315335749
rmse: 0.19003787294473037
r-squared: 0.7554355957219567
adj r-squared: 0.733935428312898
best_epoch: 28
