y_true: [-0.09306899 -0.27258253  0.16008958 -0.21116664  0.43398401 -0.47863573
  0.13426128  0.4431476   0.03394356 -0.66466618 -0.90634233 -0.45854884
  0.14801385 -0.60822886 -0.3242591  -0.41356704  0.07069704 -0.14115196
  0.10566022 -0.31720424  0.31918573  0.12998202  0.18358937 -0.52108032
  0.14270498 -0.47245744  1.         -0.2601712   0.28752375 -0.50259739
 -0.25498039 -0.44466028 -0.36699945 -0.20722339  0.19620712  0.28771925
  0.10925925  0.18319859  0.14105712  0.08759619 -0.5333789  -0.27776584
  0.35615945  0.71544284  0.10306858 -0.28524476  0.41363949 -0.27164999
 -0.78121418 -0.14312677 -0.13701206  0.28922158 -0.16102125  0.03250793
 -0.17595549 -0.22449546 -0.36383826 -0.44776741 -0.5605303  -0.36122587
 -0.92949069 -0.2962257  -0.30238786  0.31293711 -0.5221343  -0.51151502
 -0.04999832 -0.57095283 -0.15971498 -0.41722029 -0.30357891  0.41096601
 -0.89337683 -0.11942037  0.07071843 -0.6897741  -0.21217309 -0.16200756
 -0.24971506 -0.62025106  0.52128953 -0.12497903 -1.         -0.48076969
  0.53718424  0.1669915   0.20092726 -0.25984648 -0.06745447 -0.49520519
 -0.58735007  0.4650262  -0.58803445 -0.02626549  0.4374218  -0.15792395
 -0.15446329  0.09326684 -0.38089329 -0.714634  ]
y_pred: [ 0.18276814  0.00657302  0.07978877 -0.20964363  0.32290271 -0.36953139
  0.20135511  0.41492656  0.09515015 -0.34917834 -0.71572769 -0.38244066
  0.24586989 -0.41575915 -0.4376297  -0.41358814  0.09407848  0.08442315
  0.13631149 -0.19169539  0.23421147 -0.26729634  0.23973954 -0.47017568
  0.13511963 -0.41802847  0.48938438 -0.25048065  0.23269561 -0.46214941
 -0.13639528 -0.43378296 -0.3343406  -0.08774216  0.11866539  0.15488026
 -0.0933628   0.15646416  0.14179075  0.20187791 -0.2777389  -0.1148138
  0.27170566  0.27659044  0.38197342 -0.09188645  0.24662778 -0.23530157
 -0.55061996 -0.10758294 -0.24902678  0.34673989 -0.12531655 -0.21422656
  0.03532498 -0.16697183 -0.41212311 -0.05569987 -0.73091441 -0.14758028
 -0.67158413 -0.39892414 -0.17853098  0.27014178 -0.43112639 -0.57740813
  0.14912796 -0.33468691 -0.01075855  0.18397248 -0.25421947  0.39894038
 -0.72442979  0.12168497 -0.09468071 -0.56587094 -0.18273224 -0.13064237
 -0.23880084 -0.54578638  0.40076315  0.16983815 -0.76932281 -0.39764702
  0.21044812  0.02019789  0.10872168 -0.21604    -0.18866026 -0.2661007
 -0.59086347  0.13429487 -0.51456529  0.15176384  0.37617347  0.14866938
 -0.08341778 -0.08849998 -0.31711453 -0.53787267]
num_samples: 100
mae: 0.13849202525336296
mse: 0.03267975231076222
rmse: 0.18077541954248708
r-squared: 0.7786947679863605
adj r-squared: 0.7592393629741725
