y_true: [-0.09306899 -0.27258253  0.16008958 -0.21116664  0.43398401 -0.47863573
  0.13426128  0.4431476   0.03394356 -0.66466618 -0.90634233 -0.45854884
  0.14801385 -0.60822886 -0.3242591  -0.41356704  0.07069704 -0.14115196
  0.10566022 -0.31720424  0.31918573  0.12998202  0.18358937 -0.52108032
  0.14270498 -0.47245744  1.         -0.2601712   0.28752375 -0.50259739
 -0.25498039 -0.44466028 -0.36699945 -0.20722339  0.19620712  0.28771925
  0.10925925  0.18319859  0.14105712  0.08759619 -0.5333789  -0.27776584
  0.35615945  0.71544284  0.10306858 -0.28524476  0.41363949 -0.27164999
 -0.78121418 -0.14312677 -0.13701206  0.28922158 -0.16102125  0.03250793
 -0.17595549 -0.22449546 -0.36383826 -0.44776741 -0.5605303  -0.36122587
 -0.92949069 -0.2962257  -0.30238786  0.31293711 -0.5221343  -0.51151502
 -0.04999832 -0.57095283 -0.15971498 -0.41722029 -0.30357891  0.41096601
 -0.89337683 -0.11942037  0.07071843 -0.6897741  -0.21217309 -0.16200756
 -0.24971506 -0.62025106  0.52128953 -0.12497903 -1.         -0.48076969
  0.53718424  0.1669915   0.20092726 -0.25984648 -0.06745447 -0.49520519
 -0.58735007  0.4650262  -0.58803445 -0.02626549  0.4374218  -0.15792395
 -0.15446329  0.09326684 -0.38089329 -0.714634  ]
y_pred: [0.48925781 0.34472656 0.22949219 0.33398438 0.515625   0.28808594
 0.23535156 0.54492188 0.24023438 0.22070312 0.24316406 0.29882812
 0.34082031 0.22558594 0.23632812 0.28613281 0.21386719 0.25390625
 0.20800781 0.21777344 0.57128906 0.35351562 0.22460938 0.21386719
 0.30957031 0.42382812 0.3203125  0.29296875 0.56152344 0.19238281
 0.33984375 0.20898438 0.19824219 0.28613281 0.44628906 0.37695312
 0.27636719 0.26855469 0.390625   0.32421875 0.34082031 0.29882812
 0.37109375 0.59277344 0.53710938 0.421875   0.29199219 0.23632812
 0.22753906 0.21777344 0.34179688 0.34082031 0.23828125 0.2890625
 0.234375   0.3828125  0.24511719 0.34960938 0.32519531 0.42773438
 0.24414062 0.34472656 0.25195312 0.4375     0.31640625 0.29980469
 0.25878906 0.30175781 0.30957031 0.39746094 0.33105469 0.26367188
 0.32714844 0.38769531 0.26855469 0.24902344 0.20507812 0.20800781
 0.31738281 0.328125   0.41015625 0.22070312 0.19824219 0.23339844
 0.3984375  0.30175781 0.27539062 0.16796875 0.24609375 0.2109375
 0.28808594 0.35449219 0.20898438 0.24804688 0.5        0.29296875
 0.19140625 0.24609375 0.203125   0.22167969]
num_samples: 100
mae: 0.48554043455049395
mse: 0.3317252497904499
rmse: 0.5759559443138424
r-squared: -1.246422576020613
adj r-squared: -1.4439102750114357
best_epoch: 28
