y_true: [-0.09306899 -0.27258253  0.16008958 -0.21116664  0.43398401 -0.47863573
  0.13426128  0.4431476   0.03394356 -0.66466618 -0.90634233 -0.45854884
  0.14801385 -0.60822886 -0.3242591  -0.41356704  0.07069704 -0.14115196
  0.10566022 -0.31720424  0.31918573  0.12998202  0.18358937 -0.52108032
  0.14270498 -0.47245744  1.         -0.2601712   0.28752375 -0.50259739
 -0.25498039 -0.44466028 -0.36699945 -0.20722339  0.19620712  0.28771925
  0.10925925  0.18319859  0.14105712  0.08759619 -0.5333789  -0.27776584
  0.35615945  0.71544284  0.10306858 -0.28524476  0.41363949 -0.27164999
 -0.78121418 -0.14312677 -0.13701206  0.28922158 -0.16102125  0.03250793
 -0.17595549 -0.22449546 -0.36383826 -0.44776741 -0.5605303  -0.36122587
 -0.92949069 -0.2962257  -0.30238786  0.31293711 -0.5221343  -0.51151502
 -0.04999832 -0.57095283 -0.15971498 -0.41722029 -0.30357891  0.41096601
 -0.89337683 -0.11942037  0.07071843 -0.6897741  -0.21217309 -0.16200756
 -0.24971506 -0.62025106  0.52128953 -0.12497903 -1.         -0.48076969
  0.53718424  0.1669915   0.20092726 -0.25984648 -0.06745447 -0.49520519
 -0.58735007  0.4650262  -0.58803445 -0.02626549  0.4374218  -0.15792395
 -0.15446329  0.09326684 -0.38089329 -0.714634  ]
y_pred: [0.46875    0.35449219 0.22167969 0.37207031 0.50097656 0.28417969
 0.25878906 0.55566406 0.22851562 0.22167969 0.24121094 0.27246094
 0.35449219 0.23535156 0.23828125 0.25292969 0.21679688 0.26367188
 0.23339844 0.25       0.61328125 0.31445312 0.20996094 0.20996094
 0.32226562 0.38867188 0.35058594 0.26074219 0.57714844 0.1796875
 0.38183594 0.19238281 0.18359375 0.28710938 0.42382812 0.36132812
 0.26953125 0.24316406 0.38183594 0.359375   0.33398438 0.28417969
 0.40234375 0.578125   0.56640625 0.41015625 0.32617188 0.24902344
 0.24609375 0.23046875 0.34277344 0.33300781 0.23632812 0.30175781
 0.25097656 0.34960938 0.21386719 0.33886719 0.33007812 0.44042969
 0.2421875  0.35058594 0.24414062 0.42871094 0.29296875 0.25292969
 0.265625   0.35058594 0.28320312 0.421875   0.3125     0.24609375
 0.29101562 0.42089844 0.29980469 0.28320312 0.19726562 0.20410156
 0.31835938 0.34667969 0.43359375 0.22949219 0.20507812 0.20214844
 0.38867188 0.32128906 0.29589844 0.19238281 0.24902344 0.21289062
 0.28125    0.34667969 0.20507812 0.25878906 0.48828125 0.31835938
 0.20898438 0.21972656 0.18457031 0.22363281]
num_samples: 100
mae: 0.48573574705049394
mse: 0.3308358496701274
rmse: 0.5751833183169757
r-squared: -1.2403996142151126
adj r-squared: -1.4373578220581993
