epoch,batch,train_batch_loss
0,0,1.096939206123352
0,1,0.8082841038703918
0,2,0.452545166015625
0,3,0.6385437250137329
0,4,0.4307911992073059
0,5,0.35281604528427124
0,6,0.4083493649959564
0,7,0.6374725699424744
0,8,0.40947359800338745
0,9,0.7350856065750122
1,0,0.8211290240287781
1,1,0.5843700766563416
1,2,0.6623502969741821
1,3,0.4738375246524811
1,4,0.34018683433532715
1,5,0.5198960900306702
1,6,0.6032584309577942
1,7,0.7693920731544495
1,8,0.5074588060379028
1,9,0.5591540336608887
2,0,0.7167637944221497
2,1,0.5191684365272522
2,2,0.7720699310302734
2,3,0.6053434014320374
2,4,0.3681815564632416
2,5,0.724783182144165
2,6,0.6203027963638306
2,7,0.40133094787597656
2,8,0.3513554632663727
2,9,0.6172342300415039
3,0,0.5333656072616577
3,1,0.6171198487281799
3,2,0.47349047660827637
3,3,0.6550924181938171
3,4,0.2608691155910492
3,5,0.8868147730827332
3,6,0.6738154888153076
3,7,0.6762939691543579
3,8,0.5254433751106262
3,9,0.34358277916908264
4,0,0.5258165001869202
4,1,0.7166992425918579
4,2,0.5637160539627075
4,3,0.5214821100234985
4,4,0.7409743666648865
4,5,0.6653264760971069
4,6,0.3754942715167999
4,7,0.7187843918800354
4,8,0.4544641077518463
4,9,0.3334084153175354
5,0,0.8480949401855469
5,1,0.6813751459121704
5,2,0.36975979804992676
5,3,0.4767093062400818
5,4,0.6176331639289856
5,5,0.793148398399353
5,6,0.24859850108623505
5,7,0.5294033885002136
5,8,0.4256306290626526
5,9,0.5819785594940186
6,0,0.4567577838897705
6,1,0.5297244787216187
6,2,0.5187379121780396
6,3,0.4296230673789978
6,4,0.4447821080684662
6,5,0.5388370752334595
6,6,0.324445903301239
6,7,0.7600390911102295
6,8,0.8121517896652222
6,9,0.7051099538803101
7,0,0.4937112331390381
7,1,0.7824779152870178
7,2,0.5743376016616821
7,3,0.411417156457901
7,4,0.5638982057571411
7,5,0.6131652593612671
7,6,0.28366896510124207
7,7,0.6838471293449402
7,8,0.4301814138889313
7,9,0.6402624249458313
8,0,0.5355883240699768
8,1,0.4778691232204437
8,2,0.5804710388183594
8,3,0.6476165056228638
8,4,0.48723992705345154
8,5,0.3720354437828064
8,6,0.7537806034088135
8,7,0.4237043857574463
8,8,0.5442657470703125
8,9,0.6743070483207703
9,0,0.5586863160133362
9,1,0.5320122241973877
9,2,0.4831489026546478
9,3,0.7372449636459351
9,4,0.4716891646385193
9,5,0.48076343536376953
9,6,0.4828779697418213
9,7,0.7749857306480408
9,8,0.5569528341293335
9,9,0.37078386545181274
10,0,0.488612562417984
10,1,0.9226387143135071
10,2,0.5789762735366821
10,3,0.6502491235733032
10,4,0.4373284876346588
10,5,0.6079105138778687
10,6,0.30476611852645874
10,7,0.5208469033241272
10,8,0.31845858693122864
10,9,0.5944408774375916
11,0,0.5568429231643677
11,1,0.3279826045036316
11,2,0.4954420030117035
11,3,0.29786163568496704
11,4,0.45771661400794983
11,5,0.5785611271858215
11,6,0.7968844771385193
11,7,0.5150859951972961
11,8,0.5172110795974731
11,9,0.8606578707695007
12,0,0.7403390407562256
12,1,0.6608010530471802
12,2,0.4121519923210144
12,3,0.7724505662918091
12,4,0.3757794201374054
12,5,0.5047820806503296
12,6,0.3656617999076843
12,7,0.41649961471557617
12,8,0.4872888922691345
12,9,0.6838308572769165
13,0,0.5167127847671509
13,1,0.6910046339035034
13,2,0.5007590055465698
13,3,0.2777708172798157
13,4,0.47454580664634705
13,5,0.8405160903930664
13,6,0.6812233328819275
13,7,0.48604655265808105
13,8,0.42049646377563477
13,9,0.5166372060775757
14,0,0.5416501760482788
14,1,0.42389941215515137
14,2,0.8087402582168579
14,3,0.40380042791366577
14,4,0.619069516658783
14,5,0.5404366254806519
14,6,0.2364979088306427
14,7,0.4324657917022705
14,8,0.9367172122001648
14,9,0.4383581280708313
15,0,0.6783919930458069
15,1,0.6460316181182861
15,2,0.5141206979751587
15,3,0.519075870513916
15,4,0.6637204885482788
15,5,0.44110339879989624
15,6,0.38384899497032166
15,7,0.475663959980011
15,8,0.42139190435409546
15,9,0.5727202892303467
16,0,0.37373441457748413
16,1,0.4048706591129303
16,2,0.3845563530921936
16,3,0.7072582244873047
16,4,0.4421628415584564
16,5,0.48597970604896545
16,6,0.6338284015655518
16,7,0.6138268709182739
16,8,0.6827433109283447
16,9,0.5730137825012207
17,0,0.3536105751991272
17,1,0.37319278717041016
17,2,0.4962178170681
17,3,0.6522111296653748
17,4,0.42250603437423706
17,5,0.5022244453430176
17,6,0.6635997891426086
17,7,0.4652171730995178
17,8,0.7061434984207153
17,9,0.6138032078742981
18,0,0.6110882759094238
18,1,0.71217942237854
18,2,0.44454097747802734
18,3,0.690648078918457
18,4,0.461468368768692
18,5,0.5229305028915405
18,6,0.25650647282600403
18,7,0.462195485830307
18,8,0.46526002883911133
18,9,0.5259271860122681
19,0,0.8479881286621094
19,1,0.5640670657157898
19,2,0.405001699924469
19,3,0.31888002157211304
19,4,0.435507208108902
19,5,0.41490641236305237
19,6,0.2169569432735443
19,7,0.5468360781669617
19,8,0.8103502988815308
19,9,0.370997816324234
20,0,0.6228688955307007
20,1,0.504363477230072
20,2,0.5938599109649658
20,3,0.37780582904815674
20,4,0.37205132842063904
20,5,0.5043467283248901
20,6,0.476509153842926
20,7,0.37031933665275574
20,8,0.46119242906570435
20,9,0.45586448907852173
21,0,0.390802800655365
21,1,0.5619226694107056
21,2,0.5139166116714478
21,3,0.32624635100364685
21,4,0.7828012704849243
21,5,0.23487238585948944
21,6,0.3851005733013153
21,7,0.4290636479854584
21,8,0.6387375593185425
21,9,0.24719400703907013
22,0,0.4524960517883301
22,1,0.4464506506919861
22,2,0.24525174498558044
22,3,0.7372150421142578
22,4,0.603486180305481
22,5,0.2977835237979889
22,6,0.28948479890823364
22,7,0.3786640763282776
22,8,0.2851259112358093
22,9,0.5129695534706116
23,0,0.48335185647010803
23,1,0.3291007876396179
23,2,0.5910198092460632
23,3,0.33511632680892944
23,4,0.17522715032100677
23,5,0.3148714601993561
23,6,0.5027528405189514
23,7,0.4269309639930725
23,8,0.2809012532234192
23,9,0.5780401825904846
24,0,0.43360501527786255
24,1,0.1983785629272461
24,2,0.4106779098510742
24,3,0.20989978313446045
24,4,0.3257577419281006
24,5,0.23696061968803406
24,6,0.4746066927909851
24,7,0.5394142866134644
24,8,0.47851595282554626
24,9,0.5714201927185059
25,0,0.45647239685058594
25,1,0.3330116868019104
25,2,0.35019227862358093
25,3,0.4764808118343353
25,4,0.24941444396972656
25,5,0.44642895460128784
25,6,0.4898459315299988
25,7,0.19450227916240692
25,8,0.4028550684452057
25,9,0.30120140314102173
26,0,0.1898539662361145
26,1,0.22391006350517273
26,2,0.2601645886898041
26,3,0.5734158754348755
26,4,0.3289581835269928
26,5,0.5595015287399292
26,6,0.30747246742248535
26,7,0.4173135757446289
26,8,0.528410792350769
26,9,0.2885216772556305
27,0,0.4824732840061188
27,1,0.2549983859062195
27,2,0.4268660545349121
27,3,0.2279016673564911
27,4,0.23772040009498596
27,5,0.6647847890853882
27,6,0.2281847894191742
27,7,0.3641147017478943
27,8,0.2283984124660492
27,9,0.4819379448890686
28,0,0.40292587876319885
28,1,0.23321786522865295
28,2,0.29511940479278564
28,3,0.5186909437179565
28,4,0.3671434223651886
28,5,0.19583238661289215
28,6,0.21773596107959747
28,7,0.26877880096435547
28,8,0.4376351237297058
28,9,0.5365022420883179
29,0,0.14380820095539093
29,1,0.21673735976219177
29,2,0.4716109335422516
29,3,0.6627531051635742
29,4,0.557323157787323
29,5,0.3108244240283966
29,6,0.26666781306266785
29,7,0.26649898290634155
29,8,0.3298908472061157
29,9,0.23759791254997253