y_true: [-0.09306899 -0.27258253  0.16008958 -0.21116664  0.43398401 -0.47863573
  0.13426128  0.4431476   0.03394356 -0.66466618 -0.90634233 -0.45854884
  0.14801385 -0.60822886 -0.3242591  -0.41356704  0.07069704 -0.14115196
  0.10566022 -0.31720424  0.31918573  0.12998202  0.18358937 -0.52108032
  0.14270498 -0.47245744  1.         -0.2601712   0.28752375 -0.50259739
 -0.25498039 -0.44466028 -0.36699945 -0.20722339  0.19620712  0.28771925
  0.10925925  0.18319859  0.14105712  0.08759619 -0.5333789  -0.27776584
  0.35615945  0.71544284  0.10306858 -0.28524476  0.41363949 -0.27164999
 -0.78121418 -0.14312677 -0.13701206  0.28922158 -0.16102125  0.03250793
 -0.17595549 -0.22449546 -0.36383826 -0.44776741 -0.5605303  -0.36122587
 -0.92949069 -0.2962257  -0.30238786  0.31293711 -0.5221343  -0.51151502
 -0.04999832 -0.57095283 -0.15971498 -0.41722029 -0.30357891  0.41096601
 -0.89337683 -0.11942037  0.07071843 -0.6897741  -0.21217309 -0.16200756
 -0.24971506 -0.62025106  0.52128953 -0.12497903 -1.         -0.48076969
  0.53718424  0.1669915   0.20092726 -0.25984648 -0.06745447 -0.49520519
 -0.58735007  0.4650262  -0.58803445 -0.02626549  0.4374218  -0.15792395
 -0.15446329  0.09326684 -0.38089329 -0.714634  ]
y_pred: [ 0.23797971  0.06934332  0.01991572  0.0665049   0.25871885 -0.18882978
  0.01366386  0.2690396   0.15603285 -0.24437709 -0.5428918  -0.16944554
  0.25690177 -0.19678929 -0.42712119 -0.36836764 -0.00198124  0.10972434
  0.05441247  0.0380833   0.2315373  -0.06294383  0.09034259 -0.27711943
  0.16601487 -0.36136347  0.29199353 -0.06145176  0.2493802  -0.33335721
  0.08835574 -0.34541878 -0.29478881 -0.11350532  0.18419698  0.22391447
 -0.16629049  0.13065344  0.06384087  0.2476666  -0.02953415  0.08558199
  0.22541022  0.23714729  0.26926869  0.21147817  0.24134545 -0.16471469
 -0.37485006 -0.14594004 -0.34358054  0.26345959 -0.02341093 -0.32203555
  0.11798865  0.13650315 -0.20937431 -0.09992566 -0.39413208 -0.04456847
 -0.50081444 -0.41615969 -0.27007473  0.17500597 -0.2594744  -0.50843418
  0.00879217 -0.2731652  -0.0190676   0.24053085 -0.13177085  0.22471337
 -0.60341728  0.23085821 -0.14506534 -0.41277122 -0.27850965 -0.15423602
 -0.3004871  -0.19861479  0.2791183   0.08767001 -0.61332738 -0.3923685
  0.1218074   0.10693869  0.11660625 -0.15364151 -0.13139103 -0.09304648
 -0.31221911 -0.02512781 -0.40658069  0.06318046  0.26435506  0.20417625
 -0.19454268 -0.19594958 -0.20852835 -0.39949003]
num_samples: 100
mae: 0.21379636361496523
mse: 0.06788454591520415
rmse: 0.2605466290612952
r-squared: 0.5402901147767476
adj r-squared: 0.4998760589329452
