y_true: [-0.09306899 -0.27258253  0.16008958 -0.21116664  0.43398401 -0.47863573
  0.13426128  0.4431476   0.03394356 -0.66466618 -0.90634233 -0.45854884
  0.14801385 -0.60822886 -0.3242591  -0.41356704  0.07069704 -0.14115196
  0.10566022 -0.31720424  0.31918573  0.12998202  0.18358937 -0.52108032
  0.14270498 -0.47245744  1.         -0.2601712   0.28752375 -0.50259739
 -0.25498039 -0.44466028 -0.36699945 -0.20722339  0.19620712  0.28771925
  0.10925925  0.18319859  0.14105712  0.08759619 -0.5333789  -0.27776584
  0.35615945  0.71544284  0.10306858 -0.28524476  0.41363949 -0.27164999
 -0.78121418 -0.14312677 -0.13701206  0.28922158 -0.16102125  0.03250793
 -0.17595549 -0.22449546 -0.36383826 -0.44776741 -0.5605303  -0.36122587
 -0.92949069 -0.2962257  -0.30238786  0.31293711 -0.5221343  -0.51151502
 -0.04999832 -0.57095283 -0.15971498 -0.41722029 -0.30357891  0.41096601
 -0.89337683 -0.11942037  0.07071843 -0.6897741  -0.21217309 -0.16200756
 -0.24971506 -0.62025106  0.52128953 -0.12497903 -1.         -0.48076969
  0.53718424  0.1669915   0.20092726 -0.25984648 -0.06745447 -0.49520519
 -0.58735007  0.4650262  -0.58803445 -0.02626549  0.4374218  -0.15792395
 -0.15446329  0.09326684 -0.38089329 -0.714634  ]
y_pred: [ 0.20695622 -0.08700547 -0.10929158 -0.07374908  0.19890909 -0.35172859
 -0.12934151  0.23556009 -0.09553514 -0.31571952 -0.60475773 -0.29449609
  0.22407708 -0.32723108 -0.49597508 -0.436097   -0.14788899  0.05549927
 -0.09874166 -0.13440111  0.21024196 -0.26039782 -0.04260952 -0.41455558
  0.04627397 -0.46463969  0.26460034 -0.19251297  0.20777817 -0.42228642
  0.02547614 -0.34664801 -0.43431237 -0.24500859  0.0647979   0.10509001
 -0.32535988  0.11970919 -0.02670471  0.21352291 -0.18507577  0.03294683
  0.10473001  0.21213841  0.23439728  0.11449721  0.15491614 -0.24976954
 -0.43091357 -0.21833451 -0.43606094  0.2218004  -0.10419823 -0.33255804
 -0.14089103 -0.03245019 -0.28691679 -0.21584499 -0.47787774 -0.17880389
 -0.56551808 -0.44523522 -0.32194024 -0.00842815 -0.32470644 -0.61342615
 -0.15786198 -0.39229032 -0.08693981  0.21047086 -0.26012164  0.09390578
 -0.6537382   0.19800149 -0.241899   -0.53788203 -0.28597105 -0.28000608
 -0.35410771 -0.28509048  0.22708081  0.0012396  -0.65014905 -0.47332516
 -0.02450432  0.03823729 -0.00317838 -0.21407811 -0.25566885 -0.25991657
 -0.33527869 -0.18474238 -0.43300506 -0.05068647  0.21795723  0.06114178
 -0.28260836 -0.26524839 -0.32078773 -0.47817755]
num_samples: 100
mae: 0.20350771810743026
mse: 0.06161458985730611
rmse: 0.24822286328480322
r-squared: 0.5827498637648538
adj r-squared: 0.546068533106819
best_epoch: 28
