epoch,batch,train_batch_loss
0,0,0.19351737201213837
0,1,0.031744539737701416
0,2,0.11166234314441681
0,3,0.19993296265602112
0,4,0.24978291988372803
0,5,0.20875458419322968
0,6,0.09493641555309296
0,7,0.21612755954265594
0,8,0.12904143333435059
0,9,0.20618227124214172
1,0,0.1785217821598053
1,1,0.12794694304466248
1,2,0.16618649661540985
1,3,0.14171873033046722
1,4,0.06086408346891403
1,5,0.08565019071102142
1,6,0.2247285544872284
1,7,0.16296786069869995
1,8,0.2394677698612213
1,9,0.17978894710540771
2,0,0.05711856484413147
2,1,0.23838892579078674
2,2,0.21745285391807556
2,3,0.14797374606132507
2,4,0.14792321622371674
2,5,0.13347022235393524
2,6,0.10171109437942505
2,7,0.19025014340877533
2,8,0.18751652538776398
2,9,0.09507955610752106
3,0,0.143296480178833
3,1,0.11301393806934357
3,2,0.08729403465986252
3,3,0.06049799174070358
3,4,0.1319872885942459
3,5,0.36709150671958923
3,6,0.10387774556875229
3,7,0.24487054347991943
3,8,0.14022661745548248
3,9,0.12461795657873154
4,0,0.10594085603952408
4,1,0.11627712100744247
4,2,0.16922035813331604
4,3,0.09565597772598267
4,4,0.13847434520721436
4,5,0.1418781280517578
4,6,0.08786831051111221
4,7,0.17092342674732208
4,8,0.18065093457698822
4,9,0.262802392244339
5,0,0.10673575103282928
5,1,0.0820363461971283
5,2,0.2884315550327301
5,3,0.10084041208028793
5,4,0.1768144965171814
5,5,0.09192456305027008
5,6,0.20795723795890808
5,7,0.11088748276233673
5,8,0.14060147106647491
5,9,0.1997651308774948
6,0,0.15239065885543823
6,1,0.13042059540748596
6,2,0.13232198357582092
6,3,0.20416097342967987
6,4,0.2462816685438156
6,5,0.23382386565208435
6,6,0.11504404246807098
6,7,0.09692279994487762
6,8,0.11018238216638565
6,9,0.06767593324184418
7,0,0.12005685269832611
7,1,0.23997879028320312
7,2,0.03983127325773239
7,3,0.11639036983251572
7,4,0.2537519037723541
7,5,0.1445334255695343
7,6,0.16094620525836945
7,7,0.1757661998271942
7,8,0.1249634250998497
7,9,0.10863582044839859
8,0,0.2145722210407257
8,1,0.14986062049865723
8,2,0.18181583285331726
8,3,0.11040506511926651
8,4,0.1364920288324356
8,5,0.08633466064929962
8,6,0.23203042149543762
8,7,0.21033310890197754
8,8,0.07791491597890854
8,9,0.07935962080955505
9,0,0.16932490468025208
9,1,0.21898004412651062
9,2,0.09851830452680588
9,3,0.04867022484540939
9,4,0.19951820373535156
9,5,0.10098884254693985
9,6,0.14176541566848755
9,7,0.13370217382907867
9,8,0.10460478067398071
9,9,0.26961955428123474
10,0,0.16570043563842773
10,1,0.1592637002468109
10,2,0.12044267356395721
10,3,0.05928706377744675
10,4,0.18921451270580292
10,5,0.21921367943286896
10,6,0.08771302551031113
10,7,0.16464927792549133
10,8,0.22254905104637146
10,9,0.08275819569826126
11,0,0.1036398783326149
11,1,0.1035613864660263
11,2,0.15328583121299744
11,3,0.07868055999279022
11,4,0.14476074278354645
11,5,0.09757663309574127
11,6,0.1404074877500534
11,7,0.2940126061439514
11,8,0.22778718173503876
11,9,0.12141704559326172
12,0,0.09943188726902008
12,1,0.06103463098406792
12,2,0.15473750233650208
12,3,0.17908267676830292
12,4,0.05473246052861214
12,5,0.21942785382270813
12,6,0.2575133740901947
12,7,0.09979686141014099
12,8,0.16481348872184753
12,9,0.15044066309928894
13,0,0.24653974175453186
13,1,0.11059608310461044
13,2,0.09723067283630371
13,3,0.08466895669698715
13,4,0.08643762767314911
13,5,0.22450844943523407
13,6,0.24089673161506653
13,7,0.08139490336179733
13,8,0.1079878956079483
13,9,0.16058459877967834
14,0,0.1817433089017868
14,1,0.0687955915927887
14,2,0.10093726962804794
14,3,0.12059521675109863
14,4,0.1099586933851242
14,5,0.09725407510995865
14,6,0.07849092781543732
14,7,0.14832092821598053
14,8,0.28404924273490906
14,9,0.21075066924095154
15,0,0.09606657177209854
15,1,0.2135612964630127
15,2,0.05219713971018791
15,3,0.11313053220510483
15,4,0.10368641465902328
15,5,0.18195950984954834
15,6,0.12508460879325867
15,7,0.18092183768749237
15,8,0.07107798755168915
15,9,0.17414039373397827
16,0,0.08054234087467194
16,1,0.1461000144481659
16,2,0.14700062572956085
16,3,0.15083852410316467
16,4,0.0934164822101593
16,5,0.19331353902816772
16,6,0.08226252347230911
16,7,0.13935348391532898
16,8,0.15429946780204773
16,9,0.06799284368753433
17,0,0.03363944962620735
17,1,0.0798662081360817
17,2,0.1266307532787323
17,3,0.11578885465860367
17,4,0.2376491129398346
17,5,0.18772295117378235
17,6,0.07661356776952744
17,7,0.10738794505596161
17,8,0.10223746299743652
17,9,0.08800724893808365
18,0,0.15030699968338013
18,1,0.09580010175704956
18,2,0.07913266122341156
18,3,0.15376760065555573
18,4,0.06799715012311935
18,5,0.14685949683189392
18,6,0.11389287561178207
18,7,0.11172492802143097
18,8,0.10362155735492706
18,9,0.06103452295064926
19,0,0.04880800470709801
19,1,0.08159266412258148
19,2,0.08839398622512817
19,3,0.11121316254138947
19,4,0.2287536859512329
19,5,0.1403551697731018
19,6,0.05293305590748787
19,7,0.07790059596300125
19,8,0.07509580999612808
19,9,0.09132292866706848
20,0,0.16187700629234314
20,1,0.04547378793358803
20,2,0.0768391489982605
20,3,0.04586852714419365
20,4,0.14401698112487793
20,5,0.06726028025150299
20,6,0.1215992346405983
20,7,0.06334228813648224
20,8,0.060723356902599335
20,9,0.13138847053050995
21,0,0.08866141736507416
21,1,0.049809373915195465
21,2,0.08489254117012024
21,3,0.15738388895988464
21,4,0.08595117926597595
21,5,0.05662376806139946
21,6,0.04729578644037247
21,7,0.12297310680150986
21,8,0.0828447937965393
21,9,0.1023351177573204
22,0,0.02828509546816349
22,1,0.03233170881867409
22,2,0.08282065391540527
22,3,0.07780525833368301
22,4,0.05811704322695732
22,5,0.11075939238071442
22,6,0.16030974686145782
22,7,0.09151186794042587
22,8,0.07504666596651077
22,9,0.11127261817455292
23,0,0.0446011908352375
23,1,0.09084786474704742
23,2,0.04388561099767685
23,3,0.09782806783914566
23,4,0.117500901222229
23,5,0.07218620181083679
23,6,0.08871486783027649
23,7,0.0857928991317749
23,8,0.03799711540341377
23,9,0.17066171765327454
24,0,0.0764419436454773
24,1,0.08805742114782333
24,2,0.10040334612131119
24,3,0.06745529174804688
24,4,0.05413515493273735
24,5,0.14234879612922668
24,6,0.056673236191272736
24,7,0.04129926860332489
24,8,0.038168877363204956
24,9,0.05579338222742081
25,0,0.02607961930334568
25,1,0.09309117496013641
25,2,0.0817800834774971
25,3,0.08044341951608658
25,4,0.04986444488167763
25,5,0.029896240681409836
25,6,0.09695303440093994
25,7,0.11506985127925873
25,8,0.03515734523534775
25,9,0.08936737477779388
26,0,0.03852995112538338
26,1,0.04659462720155716
26,2,0.061908185482025146
26,3,0.03610098361968994
26,4,0.10550510883331299
26,5,0.06480336934328079
26,6,0.045943498611450195
26,7,0.04886239022016525
26,8,0.086114801466465
26,9,0.12269935756921768
27,0,0.05674934387207031
27,1,0.03511500731110573
27,2,0.13657672703266144
27,3,0.052048128098249435
27,4,0.06008925288915634
27,5,0.08664040267467499
27,6,0.04218252748250961
27,7,0.034562986344099045
27,8,0.10181063413619995
27,9,0.08774988353252411
28,0,0.049991674721241
28,1,0.03251805901527405
28,2,0.06435590237379074
28,3,0.07230586558580399
28,4,0.06602109968662262
28,5,0.031077027320861816
28,6,0.04738817363977432
28,7,0.0788135752081871
28,8,0.03828195482492447
28,9,0.14747875928878784
29,0,0.10334993898868561
29,1,0.03896631672978401
29,2,0.045441143214702606
29,3,0.036742471158504486
29,4,0.05951644107699394
29,5,0.07561129331588745
29,6,0.07170478999614716
29,7,0.06422534584999084
29,8,0.06285889446735382
29,9,0.11574907600879669