epoch,batch,train_batch_loss
0,0,0.6637507677078247
0,1,0.6980971693992615
0,2,0.6992117166519165
0,3,0.6765696406364441
0,4,0.7473779916763306
0,5,0.6769940853118896
0,6,0.7625491619110107
0,7,0.7353085875511169
0,8,0.6799256205558777
0,9,0.7099074125289917
0,10,0.6700918078422546
0,11,0.7054439783096313
0,12,0.6934792399406433
0,13,0.6854981780052185
0,14,0.6865438222885132
0,15,0.6873732209205627
0,16,0.6864913702011108
0,17,0.699005126953125
0,18,0.6879480481147766
0,19,0.704658031463623
1,0,0.6978976130485535
1,1,0.6890615224838257
1,2,0.6964128613471985
1,3,0.69010990858078
1,4,0.6913188695907593
1,5,0.6894086003303528
1,6,0.6860699653625488
1,7,0.6965165138244629
1,8,0.7039250731468201
1,9,0.682450532913208
1,10,0.6929659843444824
1,11,0.6798517107963562
1,12,0.7028762102127075
1,13,0.6925300359725952
1,14,0.7044869661331177
1,15,0.6921170949935913
1,16,0.696733832359314
1,17,0.691996157169342
1,18,0.6920070648193359
1,19,0.6995725631713867
2,0,0.6890982389450073
2,1,0.6957330107688904
2,2,0.6892507672309875
2,3,0.6897242665290833
2,4,0.6939038038253784
2,5,0.6910512447357178
2,6,0.6911594867706299
2,7,0.6901575922966003
2,8,0.6909175515174866
2,9,0.6884666085243225
2,10,0.6864954829216003
2,11,0.6957376003265381
2,12,0.6994439363479614
2,13,0.6770219206809998
2,14,0.7020188570022583
2,15,0.7102258801460266
2,16,0.6902992725372314
2,17,0.6976169347763062
2,18,0.7105474472045898
2,19,0.6921124458312988
3,0,0.6893230676651001
3,1,0.6998499035835266
3,2,0.6980158686637878
3,3,0.6851648092269897
3,4,0.6918573975563049
3,5,0.6887179017066956
3,6,0.6889914274215698
3,7,0.684319257736206
3,8,0.6851624250411987
3,9,0.6946433186531067
3,10,0.6895960569381714
3,11,0.6870693564414978
3,12,0.6663258075714111
3,13,0.6828107833862305
3,14,0.7052927613258362
3,15,0.7187339663505554
3,16,0.7495058178901672
3,17,0.7315733432769775
3,18,0.6889911890029907
3,19,0.6916516423225403
4,0,0.6719175577163696
4,1,0.6812012195587158
4,2,0.6740390062332153
4,3,0.7023768424987793
4,4,0.6996089816093445
4,5,0.6837844252586365
4,6,0.678195059299469
4,7,0.6921308040618896
4,8,0.689241349697113
4,9,0.6879603862762451
4,10,0.6821475625038147
4,11,0.6883102655410767
4,12,0.7038465738296509
4,13,0.6930569410324097
4,14,0.6921818852424622
4,15,0.6883947253227234
4,16,0.6872779130935669
4,17,0.6837083101272583
4,18,0.6885162591934204
4,19,0.6979272961616516
5,0,0.6883337497711182
5,1,0.6768225431442261
5,2,0.6878148913383484
5,3,0.6842061281204224
5,4,0.6788026094436646
5,5,0.653383731842041
5,6,0.686444103717804
5,7,0.6866130828857422
5,8,0.6869747042655945
5,9,0.6952422261238098
5,10,0.6877678632736206
5,11,0.7085792422294617
5,12,0.669028639793396
5,13,0.7066205739974976
5,14,0.6916738748550415
5,15,0.7240380644798279
5,16,0.6766515970230103
5,17,0.7244211435317993
5,18,0.6835008263587952
5,19,0.7167934775352478
6,0,0.6733142137527466
6,1,0.6663161516189575
6,2,0.7043531537055969
6,3,0.6810747981071472
6,4,0.6907986402511597
6,5,0.681158721446991
6,6,0.6861693859100342
6,7,0.6866422891616821
6,8,0.7131530046463013
6,9,0.6882470846176147
6,10,0.6800301671028137
6,11,0.6832638382911682
6,12,0.6846590638160706
6,13,0.6712841987609863
6,14,0.7067142128944397
6,15,0.674572229385376
6,16,0.6765947341918945
6,17,0.6934798955917358
6,18,0.6954131126403809
6,19,0.6922062039375305
7,0,0.6640442609786987
7,1,0.6888240575790405
7,2,0.6830483675003052
7,3,0.689469039440155
7,4,0.663293719291687
7,5,0.7060213685035706
7,6,0.6866674423217773
7,7,0.6712131500244141
7,8,0.6638616323471069
7,9,0.682300865650177
7,10,0.6941124200820923
7,11,0.684073269367218
7,12,0.6798025369644165
7,13,0.678080677986145
7,14,0.6844059824943542
7,15,0.6824223399162292
7,16,0.6861644387245178
7,17,0.6831060647964478
7,18,0.6776389479637146
7,19,0.6776971220970154
8,0,0.6737218499183655
8,1,0.6730824708938599
8,2,0.6790891289710999
8,3,0.7047308683395386
8,4,0.6602708697319031
8,5,0.7291803359985352
8,6,0.7038665413856506
8,7,0.67798912525177
8,8,0.7057790160179138
8,9,0.6552114486694336
8,10,0.669417142868042
8,11,0.6929581165313721
8,12,0.663094162940979
8,13,0.6864632368087769
8,14,0.6646400690078735
8,15,0.6626425981521606
8,16,0.6656616926193237
8,17,0.6769413948059082
8,18,0.6712237000465393
8,19,0.6654693484306335
9,0,0.6722040176391602
9,1,0.676719605922699
9,2,0.665401816368103
9,3,0.6706579923629761
9,4,0.6608547568321228
9,5,0.6733001470565796
9,6,0.6852657198905945
9,7,0.6790246367454529
9,8,0.6650850176811218
9,9,0.6544755101203918
9,10,0.6932321190834045
9,11,0.684011697769165
9,12,0.6691209077835083
9,13,0.6712847352027893
9,14,0.6492047309875488
9,15,0.6672565340995789
9,16,0.6604782342910767
9,17,0.6644107103347778
9,18,0.6813552975654602
9,19,0.665201723575592
10,0,0.6808123588562012
10,1,0.6650642156600952
10,2,0.6675806641578674
10,3,0.6310204267501831
10,4,0.6718965172767639
10,5,0.6716130971908569
10,6,0.6977995038032532
10,7,0.6744994521141052
10,8,0.6327215433120728
10,9,0.6545894742012024
10,10,0.6733376979827881
10,11,0.6687589883804321
10,12,0.66489177942276
10,13,0.642593264579773
10,14,0.6653427481651306
10,15,0.6819761991500854
10,16,0.66483473777771
10,17,0.6827265024185181
10,18,0.6961561441421509
10,19,0.6577345132827759
11,0,0.644707202911377
11,1,0.6420691013336182
11,2,0.666556715965271
11,3,0.6637709736824036
11,4,0.7007783651351929
11,5,0.6477305293083191
11,6,0.664661169052124
11,7,0.6392284631729126
11,8,0.6763501167297363
11,9,0.6650999784469604
11,10,0.6375335454940796
11,11,0.6476222276687622
11,12,0.6674166321754456
11,13,0.6432409286499023
11,14,0.6530657410621643
11,15,0.6674928069114685
11,16,0.6212759613990784
11,17,0.6382383108139038
11,18,0.6825637221336365
11,19,0.6639319062232971
12,0,0.6348815560340881
12,1,0.651891827583313
12,2,0.642032265663147
12,3,0.6748501658439636
12,4,0.6642906665802002
12,5,0.6565942168235779
12,6,0.6489459276199341
12,7,0.6205011606216431
12,8,0.6268872022628784
12,9,0.646867036819458
12,10,0.6090214848518372
12,11,0.6649140119552612
12,12,0.6455333828926086
12,13,0.637596845626831
12,14,0.6145416498184204
12,15,0.6622104048728943
12,16,0.6536165475845337
12,17,0.6575058698654175
12,18,0.666195273399353
12,19,0.6142902374267578
13,0,0.6716528534889221
13,1,0.6464593410491943
13,2,0.6424127817153931
13,3,0.6147611737251282
13,4,0.6449291706085205
13,5,0.6364384889602661
13,6,0.6550495624542236
13,7,0.6027573347091675
13,8,0.6514432430267334
13,9,0.6635491251945496
13,10,0.6409010887145996
13,11,0.6097936630249023
13,12,0.6349595189094543
13,13,0.6645733118057251
13,14,0.6148368716239929
13,15,0.6482363939285278
13,16,0.6536551713943481
13,17,0.6299625039100647
13,18,0.5909401178359985
13,19,0.6214593648910522
14,0,0.621971070766449
14,1,0.61670982837677
14,2,0.6563887596130371
14,3,0.6502944827079773
14,4,0.6696809530258179
14,5,0.5735903978347778
14,6,0.6126711368560791
14,7,0.6430299282073975
14,8,0.6266434788703918
14,9,0.5717476606369019
14,10,0.6457943916320801
14,11,0.6146104335784912
14,12,0.5786974430084229
14,13,0.62360680103302
14,14,0.6652538180351257
14,15,0.6200119256973267
14,16,0.6763004064559937
14,17,0.6481285691261292
14,18,0.6554120779037476
14,19,0.5863454341888428
15,0,0.6265460848808289
15,1,0.6132596731185913
15,2,0.6346129775047302
15,3,0.6177226901054382
15,4,0.6105422973632812
15,5,0.6240801811218262
15,6,0.6232677102088928
15,7,0.7044128179550171
15,8,0.6596682071685791
15,9,0.6427288055419922
15,10,0.6440714597702026
15,11,0.5599660873413086
15,12,0.6282991170883179
15,13,0.5546263456344604
15,14,0.6385349631309509
15,15,0.6599695086479187
15,16,0.6424528956413269
15,17,0.6213341951370239
15,18,0.6600757837295532
15,19,0.5724171996116638
16,0,0.6968031525611877
16,1,0.642166018486023
16,2,0.5957614779472351
16,3,0.6305739879608154
16,4,0.5925948023796082
16,5,0.6566771268844604
16,6,0.6948283910751343
16,7,0.6811203360557556
16,8,0.6260280609130859
16,9,0.6265353560447693
16,10,0.6116918921470642
16,11,0.6841667890548706
16,12,0.5961846113204956
16,13,0.6928274035453796
16,14,0.5765182971954346
16,15,0.5465503334999084
16,16,0.5685276389122009
16,17,0.5421808958053589
16,18,0.5884573459625244
16,19,0.5445653200149536
17,0,0.669403076171875
17,1,0.587867021560669
17,2,0.6126755475997925
17,3,0.6037947535514832
17,4,0.5980516672134399
17,5,0.4996919631958008
17,6,0.6125655174255371
17,7,0.6189372539520264
17,8,0.6407473087310791
17,9,0.5167818665504456
17,10,0.4404093325138092
17,11,0.6110337376594543
17,12,0.7165748476982117
17,13,0.6635631322860718
17,14,0.5578745007514954
17,15,0.5932656526565552
17,16,0.5912801027297974
17,17,0.6137338280677795
17,18,0.5942952632904053
17,19,0.5653769373893738
18,0,0.5707076787948608
18,1,0.615605890750885
18,2,0.6347769498825073
18,3,0.6927467584609985
18,4,0.5802674293518066
18,5,0.5057945847511292
18,6,0.5435701608657837
18,7,0.5914730429649353
18,8,0.5865522623062134
18,9,0.6481391191482544
18,10,0.4870221018791199
18,11,0.6877734065055847
18,12,0.5924962162971497
18,13,0.5880072116851807
18,14,0.44108396768569946
18,15,0.7003237009048462
18,16,0.6061626672744751
18,17,0.49596959352493286
18,18,0.5724824070930481
18,19,0.4702044427394867
19,0,0.5811322927474976
19,1,0.6119284629821777
19,2,0.4919964671134949
19,3,0.6193361282348633
19,4,0.6201265454292297
19,5,0.5482746362686157
19,6,0.5623551607131958
19,7,0.6538434624671936
19,8,0.6196343898773193
19,9,0.6131819486618042
19,10,0.588904619216919
19,11,0.4932679533958435
19,12,0.5679224729537964
19,13,0.6392902731895447
19,14,0.6389608979225159
19,15,0.6205362677574158
19,16,0.5556403398513794
19,17,0.55507892370224
19,18,0.5404366254806519
19,19,0.49020662903785706