y_true: [-0.09306899 -0.27258253  0.16008958 -0.21116664  0.43398401 -0.47863573
  0.13426128  0.4431476   0.03394356 -0.66466618 -0.90634233 -0.45854884
  0.14801385 -0.60822886 -0.3242591  -0.41356704  0.07069704 -0.14115196
  0.10566022 -0.31720424  0.31918573  0.12998202  0.18358937 -0.52108032
  0.14270498 -0.47245744  1.         -0.2601712   0.28752375 -0.50259739
 -0.25498039 -0.44466028 -0.36699945 -0.20722339  0.19620712  0.28771925
  0.10925925  0.18319859  0.14105712  0.08759619 -0.5333789  -0.27776584
  0.35615945  0.71544284  0.10306858 -0.28524476  0.41363949 -0.27164999
 -0.78121418 -0.14312677 -0.13701206  0.28922158 -0.16102125  0.03250793
 -0.17595549 -0.22449546 -0.36383826 -0.44776741 -0.5605303  -0.36122587
 -0.92949069 -0.2962257  -0.30238786  0.31293711 -0.5221343  -0.51151502
 -0.04999832 -0.57095283 -0.15971498 -0.41722029 -0.30357891  0.41096601
 -0.89337683 -0.11942037  0.07071843 -0.6897741  -0.21217309 -0.16200756
 -0.24971506 -0.62025106  0.52128953 -0.12497903 -1.         -0.48076969
  0.53718424  0.1669915   0.20092726 -0.25984648 -0.06745447 -0.49520519
 -0.58735007  0.4650262  -0.58803445 -0.02626549  0.4374218  -0.15792395
 -0.15446329  0.09326684 -0.38089329 -0.714634  ]
y_pred: [-0.11273117 -0.21610866 -0.24656913 -0.36178437 -0.08985713 -0.46696591
 -0.11859653  0.01413604 -0.14454511 -0.39869383 -0.47028205 -0.34627864
 -0.16096844 -0.35663211 -0.40538612 -0.49273795 -0.2290168  -0.17614345
 -0.16510531 -0.18255059 -0.01623972 -0.34821108 -0.06260605 -0.41430601
 -0.22156645 -0.45787835  0.14733437 -0.31033024 -0.04832986 -0.3390536
 -0.19520834 -0.3820717  -0.36360574 -0.28600207 -0.07227236 -0.1471923
 -0.16131531 -0.20397156 -0.13999918 -0.19427274 -0.351551   -0.29833281
 -0.2664113   0.01904977 -0.05195701 -0.21363463 -0.02596255 -0.26809436
 -0.38604081 -0.35570204 -0.3993319   0.09461646 -0.3454423  -0.45250398
 -0.23979387 -0.37173885 -0.31832093 -0.06653263 -0.45437872 -0.22666749
 -0.45116121 -0.49371323 -0.4337371  -0.1818146  -0.40767053 -0.52526498
 -0.1126193  -0.27740309 -0.39608195 -0.10404602 -0.29047719 -0.06147127
 -0.53637123 -0.23374672 -0.24170879 -0.38172093 -0.34443238 -0.41104859
 -0.37947577 -0.29109785  0.11442238 -0.08600777 -0.46519464 -0.49309805
 -0.19351906 -0.29044548 -0.20886299 -0.40844631 -0.21276519 -0.40508252
 -0.34161729 -0.26612312 -0.39087826 -0.17311995 -0.08920694 -0.09706154
 -0.32990223 -0.4460119  -0.41425863 -0.2803224 ]
num_samples: 100
mae: 0.2500376672949642
mse: 0.09765305717817008
rmse: 0.3124948914433164
r-squared: 0.3386996244601562
adj r-squared: 0.28056332770940073
