y_true: [-0.09306899 -0.27258253  0.16008958 -0.21116664  0.43398401 -0.47863573
  0.13426128  0.4431476   0.03394356 -0.66466618 -0.90634233 -0.45854884
  0.14801385 -0.60822886 -0.3242591  -0.41356704  0.07069704 -0.14115196
  0.10566022 -0.31720424  0.31918573  0.12998202  0.18358937 -0.52108032
  0.14270498 -0.47245744  1.         -0.2601712   0.28752375 -0.50259739
 -0.25498039 -0.44466028 -0.36699945 -0.20722339  0.19620712  0.28771925
  0.10925925  0.18319859  0.14105712  0.08759619 -0.5333789  -0.27776584
  0.35615945  0.71544284  0.10306858 -0.28524476  0.41363949 -0.27164999
 -0.78121418 -0.14312677 -0.13701206  0.28922158 -0.16102125  0.03250793
 -0.17595549 -0.22449546 -0.36383826 -0.44776741 -0.5605303  -0.36122587
 -0.92949069 -0.2962257  -0.30238786  0.31293711 -0.5221343  -0.51151502
 -0.04999832 -0.57095283 -0.15971498 -0.41722029 -0.30357891  0.41096601
 -0.89337683 -0.11942037  0.07071843 -0.6897741  -0.21217309 -0.16200756
 -0.24971506 -0.62025106  0.52128953 -0.12497903 -1.         -0.48076969
  0.53718424  0.1669915   0.20092726 -0.25984648 -0.06745447 -0.49520519
 -0.58735007  0.4650262  -0.58803445 -0.02626549  0.4374218  -0.15792395
 -0.15446329  0.09326684 -0.38089329 -0.714634  ]
y_pred: [ 1.62491063e-03 -1.01545438e-01 -5.87474257e-02 -2.11505935e-01
 -3.04212235e-03 -2.40233123e-01 -1.19909858e-02  6.25298917e-02
 -6.79074451e-02 -2.47451097e-01 -2.72860467e-01 -1.82225645e-01
 -6.32930472e-02 -1.87529027e-01 -2.19029710e-01 -3.07284862e-01
 -1.09325863e-01 -5.05409762e-02 -4.52092066e-02 -5.44276051e-02
  4.04817238e-02 -1.84704795e-01  2.97675971e-02 -1.90478176e-01
 -7.17995539e-02 -2.54562706e-01  1.61701113e-01 -1.66172281e-01
  1.25967162e-02 -1.52099416e-01 -7.12222680e-02 -2.03974321e-01
 -1.84698001e-01 -1.62028685e-01  1.24458205e-02 -7.14916736e-02
 -4.97334935e-02 -7.56472200e-02 -5.09404317e-02 -5.54238334e-02
 -1.96283206e-01 -1.58694223e-01 -1.59436911e-01  9.72697064e-02
  1.86352767e-02 -1.27568454e-01  5.32215387e-02 -1.23419948e-01
 -2.28153646e-01 -1.82470486e-01 -2.27528691e-01  1.12831384e-01
 -2.06980348e-01 -2.82634705e-01 -7.05910847e-02 -1.87106162e-01
 -1.43897220e-01  3.33658233e-02 -2.87493408e-01 -9.72074792e-02
 -2.56965131e-01 -3.28027099e-01 -2.37779826e-01 -6.06540628e-02
 -2.08641693e-01 -3.26105297e-01  1.17823482e-04 -1.00410491e-01
 -2.01650247e-01 -2.16978397e-02 -1.47981316e-01  5.65000847e-02
 -3.37607384e-01 -1.08169489e-01 -7.65538886e-02 -1.81424364e-01
 -1.89776227e-01 -2.32777387e-01 -1.89192593e-01 -1.54355302e-01
  1.81686074e-01  1.70714352e-02 -2.80129671e-01 -2.93960422e-01
 -7.44672641e-02 -1.40415817e-01 -5.73948957e-02 -2.60585159e-01
 -6.60065114e-02 -2.38566205e-01 -1.68785796e-01 -1.04872979e-01
 -1.97157770e-01 -6.45018518e-02 -1.95103567e-02 -1.92685192e-03
 -1.40403658e-01 -2.59404421e-01 -2.45600387e-01 -1.24732077e-01]
num_samples: 100
mae: 0.2550037837866694
mse: 0.09880769605231209
rmse: 0.3143369148736942
r-squared: 0.3308804824573629
adj r-squared: 0.27205678860746085
best_epoch: 27
