epoch,batch,train_batch_loss
0,0,0.9697812795639038
0,1,1.0639774799346924
0,2,0.840043842792511
0,3,0.6614121198654175
0,4,0.8812810182571411
0,5,0.7470458149909973
0,6,0.7470155954360962
0,7,0.6676825284957886
0,8,0.6738920211791992
0,9,0.7576276063919067
0,10,0.7059499621391296
0,11,0.7992662787437439
0,12,0.6306483149528503
0,13,0.6944897770881653
0,14,0.5039323568344116
0,15,0.5130902528762817
0,16,0.6475255489349365
0,17,0.8506054878234863
0,18,0.7116177678108215
0,19,0.6518672108650208
1,0,0.6843405961990356
1,1,0.705638587474823
1,2,0.6429415941238403
1,3,0.763526976108551
1,4,0.6853854656219482
1,5,0.648619532585144
1,6,0.6377359628677368
1,7,0.6212128400802612
1,8,0.6522281169891357
1,9,0.6391212940216064
1,10,0.648410975933075
1,11,0.5649615526199341
1,12,0.628074049949646
1,13,0.5851728916168213
1,14,0.614839494228363
1,15,0.607184648513794
1,16,0.5665007829666138
1,17,0.6696401834487915
1,18,0.601150393486023
1,19,0.6304196715354919
2,0,0.5998501777648926
2,1,0.6017397046089172
2,2,0.6316176652908325
2,3,0.6382357478141785
2,4,0.5872327089309692
2,5,0.5953227281570435
2,6,0.5722846388816833
2,7,0.638659656047821
2,8,0.6083913445472717
2,9,0.6059333086013794
2,10,0.604245126247406
2,11,0.6202386617660522
2,12,0.6117188930511475
2,13,0.660478949546814
2,14,0.5604674816131592
2,15,0.6030815839767456
2,16,0.5969077348709106
2,17,0.562293529510498
2,18,0.5693529844284058
2,19,0.6198025345802307
3,0,0.5842664837837219
3,1,0.632905125617981
3,2,0.5787001848220825
3,3,0.6852928400039673
3,4,0.6141420602798462
3,5,0.6084515452384949
3,6,0.5698783993721008
3,7,0.6021428108215332
3,8,0.5659175515174866
3,9,0.6100753545761108
3,10,0.5656505227088928
3,11,0.5748975276947021
3,12,0.5450275540351868
3,13,0.5929673314094543
3,14,0.5715128183364868
3,15,0.5857572555541992
3,16,0.6150456666946411
3,17,0.5288239121437073
3,18,0.522790789604187
3,19,0.5964657068252563
4,0,0.5487257242202759
4,1,0.5882188081741333
4,2,0.6405001878738403
4,3,0.5898011922836304
4,4,0.5427318215370178
4,5,0.5647293329238892
4,6,0.5127830505371094
4,7,0.637100338935852
4,8,0.5680570602416992
4,9,0.5596394538879395
4,10,0.5372775793075562
4,11,0.5939008593559265
4,12,0.5895004272460938
4,13,0.5768927335739136
4,14,0.5467848777770996
4,15,0.6246194839477539
4,16,0.6392297744750977
4,17,0.5624895691871643
4,18,0.6306527256965637
4,19,0.5234271883964539
5,0,0.5130277872085571
5,1,0.6092898845672607
5,2,0.5655730366706848
5,3,0.6021274328231812
5,4,0.5525330901145935
5,5,0.5263224840164185
5,6,0.5010325312614441
5,7,0.5362240076065063
5,8,0.5395561456680298
5,9,0.5280283689498901
5,10,0.5352790951728821
5,11,0.5681024789810181
5,12,0.5296182036399841
5,13,0.6117071509361267
5,14,0.6328364610671997
5,15,0.5785094499588013
5,16,0.611937940120697
5,17,0.5756360292434692
5,18,0.5864707231521606
5,19,0.6404826045036316
6,0,0.5390769839286804
6,1,0.6535594463348389
6,2,0.5203572511672974
6,3,0.6476321220397949
6,4,0.5534257888793945
6,5,0.5888056755065918
6,6,0.6026725769042969
6,7,0.5605091452598572
6,8,0.6032029390335083
6,9,0.5093609094619751
6,10,0.586807131767273
6,11,0.583403468132019
6,12,0.5612128973007202
6,13,0.5590184330940247
6,14,0.5258814692497253
6,15,0.5495415925979614
6,16,0.5605894327163696
6,17,0.5729213953018188
6,18,0.6133492588996887
6,19,0.6273518204689026
7,0,0.5879388451576233
7,1,0.504755973815918
7,2,0.5646607875823975
7,3,0.6392115354537964
7,4,0.6007198095321655
7,5,0.5015230178833008
7,6,0.5314275026321411
7,7,0.5618078708648682
7,8,0.5462566614151001
7,9,0.5658105611801147
7,10,0.5788583159446716
7,11,0.5156481862068176
7,12,0.5505620837211609
7,13,0.5408560633659363
7,14,0.5640868544578552
7,15,0.7368046641349792
7,16,0.5512043237686157
7,17,0.4986087381839752
7,18,0.6536612510681152
7,19,0.5585941672325134
8,0,0.5196539163589478
8,1,0.48931989073753357
8,2,0.6491705179214478
8,3,0.629200279712677
8,4,0.5236259698867798
8,5,0.596636176109314
8,6,0.5028409361839294
8,7,0.5688184499740601
8,8,0.4947267472743988
8,9,0.5999029874801636
8,10,0.5728686451911926
8,11,0.5606852173805237
8,12,0.5724986791610718
8,13,0.6308948397636414
8,14,0.5840195417404175
8,15,0.5344719290733337
8,16,0.5521599054336548
8,17,0.4821607172489166
8,18,0.6093641519546509
8,19,0.5356709957122803
9,0,0.5253943800926208
9,1,0.6935933828353882
9,2,0.6538266539573669
9,3,0.560213029384613
9,4,0.5210817456245422
9,5,0.5673820376396179
9,6,0.5821618437767029
9,7,0.5163081884384155
9,8,0.5206633806228638
9,9,0.5638404488563538
9,10,0.5683718323707581
9,11,0.5199487805366516
9,12,0.6099613904953003
9,13,0.6152514219284058
9,14,0.5302451848983765
9,15,0.5815889239311218
9,16,0.5142639875411987
9,17,0.5155034065246582
9,18,0.5410751700401306
9,19,0.5960957407951355
10,0,0.6080592274665833
10,1,0.5577511191368103
10,2,0.5350877642631531
10,3,0.5247562527656555
10,4,0.5343033671379089
10,5,0.5313698649406433
10,6,0.6537356972694397
10,7,0.5935221910476685
10,8,0.5568869709968567
10,9,0.4867568612098694
10,10,0.5400025844573975
10,11,0.5689085721969604
10,12,0.6590039134025574
10,13,0.5810069441795349
10,14,0.5434946417808533
10,15,0.5630799531936646
10,16,0.46992549300193787
10,17,0.5043766498565674
10,18,0.5732976794242859
10,19,0.560570478439331
11,0,0.5720939040184021
11,1,0.5625345706939697
11,2,0.5777404308319092
11,3,0.6040350794792175
11,4,0.5197902321815491
11,5,0.4947163462638855
11,6,0.519290566444397
11,7,0.6511051654815674
11,8,0.6100684404373169
11,9,0.4691522717475891
11,10,0.5197963118553162
11,11,0.5654317140579224
11,12,0.48267072439193726
11,13,0.5450094938278198
11,14,0.5917675495147705
11,15,0.5654842257499695
11,16,0.6071149110794067
11,17,0.5459824800491333
11,18,0.5500307679176331
11,19,0.5896872878074646
12,0,0.513589084148407
12,1,0.6434621214866638
12,2,0.5758227109909058
12,3,0.4542008340358734
12,4,0.6278082132339478
12,5,0.4668845236301422
12,6,0.5504416227340698
12,7,0.4559813141822815
12,8,0.6035189628601074
12,9,0.5454095005989075
12,10,0.5812729597091675
12,11,0.5377108454704285
12,12,0.563759446144104
12,13,0.5613821148872375
12,14,0.5508970618247986
12,15,0.5778582096099854
12,16,0.5365954041481018
12,17,0.5499974489212036
12,18,0.53485506772995
12,19,0.5611037015914917
13,0,0.5437043309211731
13,1,0.5391322374343872
13,2,0.5861552357673645
13,3,0.5121415257453918
13,4,0.44037872552871704
13,5,0.45913630723953247
13,6,0.523769736289978
13,7,0.5701292753219604
13,8,0.48231473565101624
13,9,0.5054386854171753
13,10,0.6074097156524658
13,11,0.6156118512153625
13,12,0.5310814380645752
13,13,0.5677486658096313
13,14,0.5204460620880127
13,15,0.5593215823173523
13,16,0.6043227910995483
13,17,0.5401777029037476
13,18,0.6582909822463989
13,19,0.5320068001747131
14,0,0.48205336928367615
14,1,0.5878890752792358
14,2,0.5525036454200745
14,3,0.5677514672279358
14,4,0.47888797521591187
14,5,0.5475265383720398
14,6,0.5027163624763489
14,7,0.4563874304294586
14,8,0.6022181510925293
14,9,0.4545472264289856
14,10,0.6124621629714966
14,11,0.5779334306716919
14,12,0.5929373502731323
14,13,0.5271427035331726
14,14,0.6034590601921082
14,15,0.5538522005081177
14,16,0.5474815964698792
14,17,0.5804827213287354
14,18,0.5496366620063782
14,19,0.5135690569877625
15,0,0.4479641914367676
15,1,0.49322405457496643
15,2,0.5390517711639404
15,3,0.6880670189857483
15,4,0.5744701623916626
15,5,0.5689401030540466
15,6,0.5823326706886292
15,7,0.5531345009803772
15,8,0.4147704541683197
15,9,0.5864347815513611
15,10,0.5179845094680786
15,11,0.5699776411056519
15,12,0.5504346489906311
15,13,0.5957300066947937
15,14,0.5169987082481384
15,15,0.588357150554657
15,16,0.5220193862915039
15,17,0.5083726644515991
15,18,0.5693564414978027
15,19,0.549170970916748
16,0,0.5416918992996216
16,1,0.48099884390830994
16,2,0.5865789651870728
16,3,0.5502075552940369
16,4,0.6484529376029968
16,5,0.5328999161720276
16,6,0.562306821346283
16,7,0.5602374076843262
16,8,0.5548797249794006
16,9,0.5706185698509216
16,10,0.5434892773628235
16,11,0.5490962266921997
16,12,0.4851149916648865
16,13,0.5226897597312927
16,14,0.5854490399360657
16,15,0.47279995679855347
16,16,0.502924919128418
16,17,0.5248402953147888
16,18,0.5060266852378845
16,19,0.5784465074539185
17,0,0.5538052320480347
17,1,0.5438714623451233
17,2,0.5206633806228638
17,3,0.5570881962776184
17,4,0.4472789168357849
17,5,0.5777370929718018
17,6,0.5436277389526367
17,7,0.573041558265686
17,8,0.46857500076293945
17,9,0.5036572813987732
17,10,0.5740677118301392
17,11,0.5416903495788574
17,12,0.6136875152587891
17,13,0.44404569268226624
17,14,0.5731909871101379
17,15,0.5559087991714478
17,16,0.5210268497467041
17,17,0.5557355880737305
17,18,0.5880666971206665
17,19,0.5796859860420227
18,0,0.5525234937667847
18,1,0.6211842894554138
18,2,0.5485871434211731
18,3,0.48663991689682007
18,4,0.5094318389892578
18,5,0.4857606887817383
18,6,0.48391589522361755
18,7,0.4506186544895172
18,8,0.685099720954895
18,9,0.5537112951278687
18,10,0.6722806692123413
18,11,0.4701424241065979
18,12,0.5602594614028931
18,13,0.5728737115859985
18,14,0.5945737957954407
18,15,0.4908883571624756
18,16,0.5196608901023865
18,17,0.48362869024276733
18,18,0.5866731405258179
18,19,0.5244494676589966
19,0,0.5416741371154785
19,1,0.49484577775001526
19,2,0.6606963872909546
19,3,0.6326990723609924
19,4,0.5749379396438599
19,5,0.5639346837997437
19,6,0.492922306060791
19,7,0.5648914575576782
19,8,0.5528432130813599
19,9,0.509781539440155
19,10,0.4813161790370941
19,11,0.47181063890457153
19,12,0.4996715188026428
19,13,0.6174420714378357
19,14,0.5371178984642029
19,15,0.4774952828884125
19,16,0.5342282056808472
19,17,0.4611366391181946
19,18,0.6630862951278687
19,19,0.5891042947769165