y_true: [-0.65018821  0.53281015  0.49665552 -0.1984587   0.30947819 -0.24304697
 -0.03290847 -0.09715477 -0.1452079   0.87052011  0.374596   -0.11506206
 -0.32727876  0.2752631   0.21259516  0.17342159 -0.34828225  0.06260063
 -0.0344236   0.13040362  0.9176057  -0.62353426 -0.6736809   0.9054938
  0.20312536  0.21343169  0.1654294  -0.84784466 -0.28151184 -0.26691633
 -0.19216131 -0.53667438 -0.11245651  0.38323104 -0.12755869 -0.35350382
  0.33923489 -0.74991912  0.44715691 -0.39361614  0.03660766  0.36901128
  0.51410341 -0.34599361 -0.8176707   0.59257859  0.11401354  0.83219773
 -0.7777136  -0.78979379 -0.12351869 -0.01369487  0.13337448 -0.00933307
  0.42925584 -0.42058    -0.60312909  0.55884045 -0.13076673  0.22588012
  0.01613788  0.10222853  0.37742126 -0.65572703 -0.26911494  0.10164671
 -0.1739611   0.42433637 -0.29183999  0.21348637  0.49122152  0.15828159
 -0.85824412 -0.45555675  0.21682617 -0.29688942 -0.31875274 -0.68433672
  0.27176446 -0.15195391 -0.60094184  0.36716241  0.01092578 -0.04855493
  1.          0.05589242 -0.09750014  0.06800747 -0.32690504  0.3710416
  0.37066382 -0.24479263 -0.23817019 -1.         -0.73131692 -0.76803148
 -0.35190848 -0.11656986 -0.3688519   0.19657342]
y_pred: [-0.61559308  0.50329268  0.39691147 -0.17238615  0.41502148 -0.1561926
  0.06717294 -0.07807939 -0.17756246  0.6362254   0.3315157  -0.1533156
 -0.40486792 -0.05175831  0.16359776  0.139926   -0.31117535  0.40148222
 -0.03340461  0.57504582  0.51872045 -0.66753447 -0.62946033  0.66698748
  0.29455096  0.37178224  0.23480101 -0.66618633 -0.27254447 -0.35466382
 -0.23175646 -0.59811532 -0.17653294  0.33617559 -0.11225329 -0.36725563
  0.27519059 -0.6897099   0.5873391  -0.44254702  0.20235206  0.42670766
  0.51220655 -0.40123066 -0.45598191  0.61812901  0.20480317  0.63584536
 -0.60637611 -0.63312256 -0.04667068  0.01609442  0.24813877  0.01040462
  0.45565978 -0.38347501 -0.57410723  0.56831056  0.00337875  0.29880777
  0.15086989  0.23116222  0.51678121 -0.65582967 -0.34647816  0.17069769
 -0.22751121  0.54913449 -0.36284617  0.30578384  0.56886142  0.26143095
 -0.73730314 -0.56402779  0.2759819  -0.21150622 -0.19341826 -0.61102021
  0.52147388 -0.2830303  -0.63867545  0.53760636  0.01782162  0.02924597
  0.69643897  0.10711741 -0.12229261  0.00445854 -0.34813803  0.58362895
  0.37494901 -0.29970431  0.04430807 -0.72501683 -0.67374414 -0.67086369
 -0.48354608 -0.10232388 -0.48847404  0.3931033 ]
num_samples: 100
mae: 0.1009775097365491
mse: 0.018596343832752035
rmse: 0.1363684121516124
r-squared: 0.904596389986098
adj r-squared: 0.9005793958802495
best_epoch: 29
