y_true: [-0.65018821  0.53281015  0.49665552 -0.1984587   0.30947819 -0.24304697
 -0.03290847 -0.09715477 -0.1452079   0.87052011  0.374596   -0.11506206
 -0.32727876  0.2752631   0.21259516  0.17342159 -0.34828225  0.06260063
 -0.0344236   0.13040362  0.9176057  -0.62353426 -0.6736809   0.9054938
  0.20312536  0.21343169  0.1654294  -0.84784466 -0.28151184 -0.26691633
 -0.19216131 -0.53667438 -0.11245651  0.38323104 -0.12755869 -0.35350382
  0.33923489 -0.74991912  0.44715691 -0.39361614  0.03660766  0.36901128
  0.51410341 -0.34599361 -0.8176707   0.59257859  0.11401354  0.83219773
 -0.7777136  -0.78979379 -0.12351869 -0.01369487  0.13337448 -0.00933307
  0.42925584 -0.42058    -0.60312909  0.55884045 -0.13076673  0.22588012
  0.01613788  0.10222853  0.37742126 -0.65572703 -0.26911494  0.10164671
 -0.1739611   0.42433637 -0.29183999  0.21348637  0.49122152  0.15828159
 -0.85824412 -0.45555675  0.21682617 -0.29688942 -0.31875274 -0.68433672
  0.27176446 -0.15195391 -0.60094184  0.36716241  0.01092578 -0.04855493
  1.          0.05589242 -0.09750014  0.06800747 -0.32690504  0.3710416
  0.37066382 -0.24479263 -0.23817019 -1.         -0.73131692 -0.76803148
 -0.35190848 -0.11656986 -0.3688519   0.19657342]
y_pred: [-0.57911122  0.49315676  0.38389868 -0.02358476  0.36133194 -0.16243443
  0.03705777 -0.14451559 -0.15573645  0.62702596  0.34593374 -0.14819166
 -0.36886722 -0.01751974  0.16901876  0.11774125 -0.378746    0.28465852
 -0.03498542  0.53102189  0.60478765 -0.63374096 -0.64496863  0.65118814
  0.3830331   0.32359567  0.2376987  -0.68761152 -0.21056181 -0.2414864
 -0.23918429 -0.57232141 -0.13540602  0.3077918  -0.11241673 -0.34019354
  0.22523405 -0.65446562  0.56138045 -0.44262001  0.09387717  0.37798351
  0.51922178 -0.37117234 -0.47099221  0.64435267  0.25490695  0.65068698
 -0.64829242 -0.57305169 -0.11000149 -0.0194959   0.14359847  0.07867485
  0.49826995 -0.41348696 -0.57274199  0.56152779 -0.15633991  0.34313715
  0.14963569  0.26221231  0.52303624 -0.65746504 -0.22009705  0.12153273
 -0.17948896  0.54272324 -0.29729542  0.2740916   0.60092247  0.14448482
 -0.68647307 -0.56587255  0.25057447 -0.26816627 -0.16739914 -0.66332561
  0.49165195 -0.20129405 -0.55839634  0.58110625 -0.0503561   0.0092466
  0.71572149  0.07929251  0.06249084 -0.00107902 -0.34123862  0.55534023
  0.33262965 -0.31390342  0.03412019 -0.7246052  -0.5732072  -0.70789146
 -0.42316982 -0.16229902 -0.40516061  0.25235301]
num_samples: 100
mae: 0.09194091225508601
mse: 0.01606742072200336
rmse: 0.1267573300523617
r-squared: 0.9175703592987157
adj r-squared: 0.9140996375849774
