y_true: [-0.65018821  0.53281015  0.49665552 -0.1984587   0.30947819 -0.24304697
 -0.03290847 -0.09715477 -0.1452079   0.87052011  0.374596   -0.11506206
 -0.32727876  0.2752631   0.21259516  0.17342159 -0.34828225  0.06260063
 -0.0344236   0.13040362  0.9176057  -0.62353426 -0.6736809   0.9054938
  0.20312536  0.21343169  0.1654294  -0.84784466 -0.28151184 -0.26691633
 -0.19216131 -0.53667438 -0.11245651  0.38323104 -0.12755869 -0.35350382
  0.33923489 -0.74991912  0.44715691 -0.39361614  0.03660766  0.36901128
  0.51410341 -0.34599361 -0.8176707   0.59257859  0.11401354  0.83219773
 -0.7777136  -0.78979379 -0.12351869 -0.01369487  0.13337448 -0.00933307
  0.42925584 -0.42058    -0.60312909  0.55884045 -0.13076673  0.22588012
  0.01613788  0.10222853  0.37742126 -0.65572703 -0.26911494  0.10164671
 -0.1739611   0.42433637 -0.29183999  0.21348637  0.49122152  0.15828159
 -0.85824412 -0.45555675  0.21682617 -0.29688942 -0.31875274 -0.68433672
  0.27176446 -0.15195391 -0.60094184  0.36716241  0.01092578 -0.04855493
  1.          0.05589242 -0.09750014  0.06800747 -0.32690504  0.3710416
  0.37066382 -0.24479263 -0.23817019 -1.         -0.73131692 -0.76803148
 -0.35190848 -0.11656986 -0.3688519   0.19657342]
y_pred: [-0.42004213  0.27783358  0.29126546 -0.26144919  0.42826647 -0.29138938
  0.09465613 -0.32683027 -0.17368558  0.53185421 -0.08478604  0.05851158
 -0.45593002  0.07224486  0.42699909  0.38716105 -0.41653776 -0.10285337
  0.07194868 -0.16852815  0.41124305 -0.53055662 -0.54296345  0.54266375
  0.20089664  0.18834333 -0.01547714 -0.61042976 -0.25039867 -0.36280498
 -0.21845974 -0.48519242 -0.21138172  0.55342692 -0.32114893 -0.388354
  0.46399224 -0.60426199  0.15989403 -0.47997496  0.1241697   0.47624314
  0.55342692 -0.31814361 -0.38424692  0.47617057 -0.23727909  0.55342692
 -0.5882228  -0.56607717 -0.20947161  0.08290139  0.07489453 -0.0665381
  0.41138619 -0.48381364 -0.63972026  0.53302836 -0.08828631  0.23311606
  0.0722601   0.15159784  0.1625886  -0.57415473 -0.2709952   0.21764483
 -0.45913392  0.36938566 -0.26885816  0.28435126  0.46484601  0.22743942
 -0.5866524  -0.48323712  0.2510359  -0.34665176 -0.45751801 -0.58086121
  0.39322567 -0.28304839 -0.60828662  0.26979429  0.09290913 -0.09757021
  0.52627903  0.22851664  0.20217486 -0.00641874 -0.35318488  0.37340528
  0.31306195 -0.41812986 -0.15628928 -0.63439834 -0.62245923 -0.63467908
 -0.24772948 -0.10895866 -0.45729467  0.22927406]
num_samples: 100
mae: 0.13273918906692417
mse: 0.03050555758257147
rmse: 0.17465840255358878
r-squared: 0.8434993273388202
adj r-squared: 0.8369098253320336
