y_true: [-0.65018821  0.53281015  0.49665552 -0.1984587   0.30947819 -0.24304697
 -0.03290847 -0.09715477 -0.1452079   0.87052011  0.374596   -0.11506206
 -0.32727876  0.2752631   0.21259516  0.17342159 -0.34828225  0.06260063
 -0.0344236   0.13040362  0.9176057  -0.62353426 -0.6736809   0.9054938
  0.20312536  0.21343169  0.1654294  -0.84784466 -0.28151184 -0.26691633
 -0.19216131 -0.53667438 -0.11245651  0.38323104 -0.12755869 -0.35350382
  0.33923489 -0.74991912  0.44715691 -0.39361614  0.03660766  0.36901128
  0.51410341 -0.34599361 -0.8176707   0.59257859  0.11401354  0.83219773
 -0.7777136  -0.78979379 -0.12351869 -0.01369487  0.13337448 -0.00933307
  0.42925584 -0.42058    -0.60312909  0.55884045 -0.13076673  0.22588012
  0.01613788  0.10222853  0.37742126 -0.65572703 -0.26911494  0.10164671
 -0.1739611   0.42433637 -0.29183999  0.21348637  0.49122152  0.15828159
 -0.85824412 -0.45555675  0.21682617 -0.29688942 -0.31875274 -0.68433672
  0.27176446 -0.15195391 -0.60094184  0.36716241  0.01092578 -0.04855493
  1.          0.05589242 -0.09750014  0.06800747 -0.32690504  0.3710416
  0.37066382 -0.24479263 -0.23817019 -1.         -0.73131692 -0.76803148
 -0.35190848 -0.11656986 -0.3688519   0.19657342]
y_pred: [-0.39921561  0.22264399  0.21458606 -0.21669805  0.40842444 -0.28302377
  0.09525106 -0.29275841 -0.19186135  0.44615963 -0.12123138  0.09496291
 -0.44541577  0.00716167  0.39505321  0.3370443  -0.42185029 -0.1054754
  0.14991821 -0.20256834  0.33432302 -0.50948668 -0.53795743  0.49216661
  0.16172561  0.1033489  -0.0275417  -0.57933426 -0.23524414 -0.37886703
 -0.20401607 -0.41972864 -0.24681549  0.5155136  -0.34099799 -0.37211153
  0.40406501 -0.58056343  0.14877619 -0.45006463  0.04026571  0.40376306
  0.50100833 -0.21515183 -0.38293287  0.363161   -0.24616413  0.51634115
 -0.56387413 -0.46305373 -0.11198442  0.06541607  0.03639044 -0.10676587
  0.3486672  -0.44563207 -0.57019025  0.44390953 -0.08356972  0.16109328
  0.00524909  0.15475689  0.23643722 -0.50730574 -0.28093559  0.18415393
 -0.44820163  0.38142082 -0.26210839  0.23137629  0.40338522  0.1830748
 -0.54426116 -0.50770134  0.2084762  -0.34442928 -0.42450917 -0.54557967
  0.29995966 -0.302232   -0.5695051   0.21136086  0.06896682 -0.1202684
  0.46083757  0.24697493  0.03955255 -0.01448745 -0.32848218  0.27174622
  0.26543796 -0.38281578 -0.17689222 -0.58513099 -0.53099513 -0.59301913
 -0.16181381 -0.06620105 -0.4170703   0.1819884 ]
num_samples: 100
mae: 0.14475233267527074
mse: 0.037078994960328265
rmse: 0.19255906875639034
r-squared: 0.8097760502431467
adj r-squared: 0.8017666207797003
best_epoch: 23
