y_true: [-0.65018821  0.53281015  0.49665552 -0.1984587   0.30947819 -0.24304697
 -0.03290847 -0.09715477 -0.1452079   0.87052011  0.374596   -0.11506206
 -0.32727876  0.2752631   0.21259516  0.17342159 -0.34828225  0.06260063
 -0.0344236   0.13040362  0.9176057  -0.62353426 -0.6736809   0.9054938
  0.20312536  0.21343169  0.1654294  -0.84784466 -0.28151184 -0.26691633
 -0.19216131 -0.53667438 -0.11245651  0.38323104 -0.12755869 -0.35350382
  0.33923489 -0.74991912  0.44715691 -0.39361614  0.03660766  0.36901128
  0.51410341 -0.34599361 -0.8176707   0.59257859  0.11401354  0.83219773
 -0.7777136  -0.78979379 -0.12351869 -0.01369487  0.13337448 -0.00933307
  0.42925584 -0.42058    -0.60312909  0.55884045 -0.13076673  0.22588012
  0.01613788  0.10222853  0.37742126 -0.65572703 -0.26911494  0.10164671
 -0.1739611   0.42433637 -0.29183999  0.21348637  0.49122152  0.15828159
 -0.85824412 -0.45555675  0.21682617 -0.29688942 -0.31875274 -0.68433672
  0.27176446 -0.15195391 -0.60094184  0.36716241  0.01092578 -0.04855493
  1.          0.05589242 -0.09750014  0.06800747 -0.32690504  0.3710416
  0.37066382 -0.24479263 -0.23817019 -1.         -0.73131692 -0.76803148
 -0.35190848 -0.11656986 -0.3688519   0.19657342]
y_pred: [-0.48542777  0.39299679  0.38391295 -0.16867091  0.35538784 -0.34583893
  0.00087761 -0.03516696 -0.17841773  0.64997971  0.38269648 -0.00376867
 -0.27997136  0.61803281  0.52215457  0.33402219 -0.42402816 -0.01719848
 -0.04126339  0.02414901  0.69406497 -0.67091072 -0.62302744  0.81873691
  0.33139873  0.02592066  0.05545624 -0.69013214 -0.25433499 -0.36592978
  0.03013002 -0.51937068  0.02649223  0.33911964 -0.1272355  -0.42502895
  0.46707726 -0.63072109  0.42822444 -0.46125698  0.02784211  0.42006221
  0.47538283 -0.16603521 -0.48618829  0.66909784  0.14975081  0.66938424
 -0.67804903 -0.48286271 -0.16570915  0.04833267  0.20439392  0.00275861
  0.59432113 -0.36577085 -0.48256466  0.66768068 -0.12315124  0.32156071
 -0.01182967 -0.08298972  0.41977781 -0.63531244 -0.28517181  0.40403128
  0.09569773  0.4940562  -0.3115316   0.2719405   0.50137264  0.23691663
 -0.7016561  -0.54180479  0.09291432 -0.39571136 -0.286899   -0.6084429
  0.09919654 -0.17894091 -0.59979707  0.42168152 -0.00886823 -0.05754004
  0.77130055  0.01031135 -0.08262549  0.0916279  -0.40152827  0.52047127
  0.48713857 -0.17244847 -0.15160623 -0.54009306 -0.63811374 -0.62385935
 -0.37343958 -0.19522838 -0.40239805  0.14208439]
num_samples: 100
mae: 0.0982699589850381
mse: 0.017143744655302943
rmse: 0.13093412334186585
r-squared: 0.912048564815636
adj r-squared: 0.9083453464920839
