y_true: [-0.65018821  0.53281015  0.49665552 -0.1984587   0.30947819 -0.24304697
 -0.03290847 -0.09715477 -0.1452079   0.87052011  0.374596   -0.11506206
 -0.32727876  0.2752631   0.21259516  0.17342159 -0.34828225  0.06260063
 -0.0344236   0.13040362  0.9176057  -0.62353426 -0.6736809   0.9054938
  0.20312536  0.21343169  0.1654294  -0.84784466 -0.28151184 -0.26691633
 -0.19216131 -0.53667438 -0.11245651  0.38323104 -0.12755869 -0.35350382
  0.33923489 -0.74991912  0.44715691 -0.39361614  0.03660766  0.36901128
  0.51410341 -0.34599361 -0.8176707   0.59257859  0.11401354  0.83219773
 -0.7777136  -0.78979379 -0.12351869 -0.01369487  0.13337448 -0.00933307
  0.42925584 -0.42058    -0.60312909  0.55884045 -0.13076673  0.22588012
  0.01613788  0.10222853  0.37742126 -0.65572703 -0.26911494  0.10164671
 -0.1739611   0.42433637 -0.29183999  0.21348637  0.49122152  0.15828159
 -0.85824412 -0.45555675  0.21682617 -0.29688942 -0.31875274 -0.68433672
  0.27176446 -0.15195391 -0.60094184  0.36716241  0.01092578 -0.04855493
  1.          0.05589242 -0.09750014  0.06800747 -0.32690504  0.3710416
  0.37066382 -0.24479263 -0.23817019 -1.         -0.73131692 -0.76803148
 -0.35190848 -0.11656986 -0.3688519   0.19657342]
y_pred: [-0.47385812  0.30787575  0.40767345 -0.09824486  0.29460523 -0.3685703
  0.02374839 -0.20260237 -0.35168627  0.57411218  0.43497759 -0.05128234
 -0.40109402  0.63306189  0.41678655  0.16160274 -0.3641893  -0.0838913
 -0.05374477  0.0272293   0.65838706 -0.58845741 -0.58020312  0.7749384
  0.33447623 -0.07666323 -0.02260849 -0.68487537 -0.40128791 -0.38088828
  0.0782147  -0.52072865 -0.00587798  0.36690637 -0.11959318 -0.45701218
  0.40898609 -0.64551979  0.40374056 -0.44400969 -0.06720936  0.30208689
  0.50256199 -0.15794523 -0.45619893  0.55735439  0.0754847   0.68116063
 -0.6806224  -0.50619131 -0.21993621 -0.07486545  0.24852751 -0.15325613
  0.44615245 -0.53907984 -0.54869694  0.56390065 -0.26861     0.23911367
 -0.02747656 -0.09530742  0.43794858 -0.64168423 -0.2671164   0.37867573
 -0.10349221  0.43783277 -0.34463367  0.25106889  0.49047747  0.13128272
 -0.68591166 -0.47759449  0.13549414 -0.40090024 -0.30887648 -0.61960077
  0.1434629  -0.33999217 -0.65779686  0.22990355 -0.05380058 -0.17524269
  0.59173602 -0.005173   -0.16328244  0.09015381 -0.37905833  0.46157342
  0.41345692 -0.23174596 -0.18713821 -0.63298464 -0.67307657 -0.60684282
 -0.3905338  -0.27415535 -0.45744848 -0.01070692]
num_samples: 100
mae: 0.10704005623236298
mse: 0.019669324605432748
rmse: 0.14024736933515988
r-squared: 0.8990917467019188
adj r-squared: 0.8948429781419996
best_epoch: 23
