epoch,batch,train_batch_loss
0,0,0.14810439944267273
0,1,0.3333043158054352
0,2,0.22758440673351288
0,3,0.23372049629688263
0,4,0.14695467054843903
0,5,0.17727801203727722
0,6,0.23885145783424377
0,7,0.1322154998779297
0,8,0.22896838188171387
0,9,0.2157859057188034
1,0,0.1429280936717987
1,1,0.15922054648399353
1,2,0.17525194585323334
1,3,0.133548766374588
1,4,0.26933324337005615
1,5,0.21914076805114746
1,6,0.22016091644763947
1,7,0.27154019474983215
1,8,0.2407291680574417
1,9,0.13283178210258484
2,0,0.20982158184051514
2,1,0.17352941632270813
2,2,0.14537134766578674
2,3,0.10818339884281158
2,4,0.31934186816215515
2,5,0.22674259543418884
2,6,0.06874655932188034
2,7,0.21586140990257263
2,8,0.17408014833927155
2,9,0.2953008711338043
3,0,0.1542665660381317
3,1,0.1722138524055481
3,2,0.1717502772808075
3,3,0.12549826502799988
3,4,0.3111819624900818
3,5,0.21725933253765106
3,6,0.1689932644367218
3,7,0.11115789413452148
3,8,0.23664486408233643
3,9,0.17991676926612854
4,0,0.19109222292900085
4,1,0.07409064471721649
4,2,0.20800694823265076
4,3,0.30322158336639404
4,4,0.16814713180065155
4,5,0.08315495401620865
4,6,0.10307113081216812
4,7,0.10581861436367035
4,8,0.3575749397277832
4,9,0.18304286897182465
5,0,0.31317102909088135
5,1,0.18895825743675232
5,2,0.12127812206745148
5,3,0.1741345226764679
5,4,0.14788676798343658
5,5,0.10758696496486664
5,6,0.12133026123046875
5,7,0.16515859961509705
5,8,0.10968949645757675
5,9,0.2291046679019928
6,0,0.22016434371471405
6,1,0.11004775762557983
6,2,0.11170218139886856
6,3,0.21139967441558838
6,4,0.1523858904838562
6,5,0.08668079972267151
6,6,0.10635519027709961
6,7,0.22352056205272675
6,8,0.15657706558704376
6,9,0.15104477107524872
7,0,0.044633347541093826
7,1,0.1379169523715973
7,2,0.1720631718635559
7,3,0.18916800618171692
7,4,0.1650063395500183
7,5,0.14103160798549652
7,6,0.242986798286438
7,7,0.04329225420951843
7,8,0.13336427509784698
7,9,0.07654814422130585
8,0,0.17460432648658752
8,1,0.07093413174152374
8,2,0.11088547855615616
8,3,0.17948710918426514
8,4,0.0994531512260437
8,5,0.175399050116539
8,6,0.1278969943523407
8,7,0.08962695300579071
8,8,0.08751127123832703
8,9,0.09318646043539047
9,0,0.13437935709953308
9,1,0.06511298567056656
9,2,0.09971024096012115
9,3,0.10465307533740997
9,4,0.0596744641661644
9,5,0.1456252485513687
9,6,0.05512585490942001
9,7,0.13157275319099426
9,8,0.1342584192752838
9,9,0.08112282305955887
10,0,0.061616282910108566
10,1,0.10788498818874359
10,2,0.0935220867395401
10,3,0.08196239173412323
10,4,0.08259084075689316
10,5,0.08887859433889389
10,6,0.061445534229278564
10,7,0.15498414635658264
10,8,0.06109708547592163
10,9,0.057279132306575775
11,0,0.03421817347407341
11,1,0.06466950476169586
11,2,0.04379811882972717
11,3,0.1790814995765686
11,4,0.036631472408771515
11,5,0.04522016644477844
11,6,0.06228092312812805
11,7,0.10049626976251602
11,8,0.06120752543210983
11,9,0.05568183586001396
12,0,0.05442925542593002
12,1,0.05970843881368637
12,2,0.0939415991306305
12,3,0.11363206803798676
12,4,0.05039256811141968
12,5,0.04841063544154167
12,6,0.03631699085235596
12,7,0.04462983459234238
12,8,0.029802922159433365
12,9,0.04238245263695717
13,0,0.057016681879758835
13,1,0.07013313472270966
13,2,0.053186945617198944
13,3,0.05057607963681221
13,4,0.03937496617436409
13,5,0.03878789767622948
13,6,0.02906186319887638
13,7,0.07100392132997513
13,8,0.0592673197388649
13,9,0.0254703126847744
14,0,0.033204980194568634
14,1,0.03325103223323822
14,2,0.06411876529455185
14,3,0.04655662924051285
14,4,0.04933179169893265
14,5,0.016989335417747498
14,6,0.03393470495939255
14,7,0.007107781711965799
14,8,0.09925675392150879
14,9,0.04920355603098869
15,0,0.047096144407987595
15,1,0.02095813676714897
15,2,0.0679137334227562
15,3,0.04436748847365379
15,4,0.017204657196998596
15,5,0.052785664796829224
15,6,0.05912815406918526
15,7,0.043950654566287994
15,8,0.02358390763401985
15,9,0.024217689409852028
16,0,0.02548324689269066
16,1,0.060135938227176666
16,2,0.046773988753557205
16,3,0.025242239236831665
16,4,0.04653921723365784
16,5,0.05906471610069275
16,6,0.014208617620170116
16,7,0.04661159962415695
16,8,0.013079682365059853
16,9,0.041732657700777054
17,0,0.032553430646657944
17,1,0.01700790785253048
17,2,0.039027780294418335
17,3,0.030379220843315125
17,4,0.028417523950338364
17,5,0.03950926661491394
17,6,0.04342006891965866
17,7,0.018203090876340866
17,8,0.014636969193816185
17,9,0.055336154997348785
18,0,0.023431649431586266
18,1,0.03624958544969559
18,2,0.05410155653953552
18,3,0.01896396279335022
18,4,0.029324527829885483
18,5,0.023189812898635864
18,6,0.037794001400470734
18,7,0.041686706244945526
18,8,0.03546150028705597
18,9,0.033051393926143646
19,0,0.06294314563274384
19,1,0.019736696034669876
19,2,0.021906936541199684
19,3,0.04685669764876366
19,4,0.023270662873983383
19,5,0.035894762724637985
19,6,0.03356640413403511
19,7,0.017783749848604202
19,8,0.027506906539201736
19,9,0.03710201010107994
20,0,0.046639326959848404
20,1,0.03510523959994316
20,2,0.011514177545905113
20,3,0.021808577701449394
20,4,0.029824158176779747
20,5,0.009801572188735008
20,6,0.03690927475690842
20,7,0.02545168437063694
20,8,0.02656375803053379
20,9,0.02969897910952568
21,0,0.01732105389237404
21,1,0.0099801542237401
21,2,0.0439368337392807
21,3,0.023999188095331192
21,4,0.016512036323547363
21,5,0.009476067498326302
21,6,0.010987293906509876
21,7,0.0554376021027565
21,8,0.02657351829111576
21,9,0.03433138504624367
22,0,0.03841197118163109
22,1,0.03195197135210037
22,2,0.012220429256558418
22,3,0.01790020242333412
22,4,0.030082151293754578
22,5,0.022210052236914635
22,6,0.018131792545318604
22,7,0.009435204789042473
22,8,0.012333345599472523
22,9,0.03765328973531723
23,0,0.03423113748431206
23,1,0.021863985806703568
23,2,0.021096188575029373
23,3,0.024034880101680756
23,4,0.00987538043409586
23,5,0.01836778223514557
23,6,0.02683941461145878
23,7,0.014684649184346199
23,8,0.0073698945343494415
23,9,0.027938419952988625
24,0,0.018649553880095482
24,1,0.0070761414244771
24,2,0.0070810625329613686
24,3,0.021553806960582733
24,4,0.02819356881082058
24,5,0.01686364971101284
24,6,0.018874775618314743
24,7,0.03450796753168106
24,8,0.026924241334199905
24,9,0.019575821235775948
25,0,0.022894959896802902
25,1,0.009556407108902931
25,2,0.011641577817499638
25,3,0.022608479484915733
25,4,0.009927159175276756
25,5,0.021214447915554047
25,6,0.016420474275946617
25,7,0.002633035182952881
25,8,0.019686643034219742
25,9,0.041356317698955536
26,0,0.02786259725689888
26,1,0.014320787973701954
26,2,0.006305406801402569
26,3,0.007695829961448908
26,4,0.012188972905278206
26,5,0.016273532062768936
26,6,0.009885801933705807
26,7,0.023386001586914062
26,8,0.034774553030729294
26,9,0.016734369099140167
27,0,0.011197211220860481
27,1,0.033797573298215866
27,2,0.015603994019329548
27,3,0.003849208354949951
27,4,0.014527449384331703
27,5,0.015065915882587433
27,6,0.017819229513406754
27,7,0.01836778037250042
27,8,0.023642204701900482
27,9,0.017075389623641968
28,0,0.008660850115120411
28,1,0.037156712263822556
28,2,0.02972966805100441
28,3,0.011827643029391766
28,4,0.011918539181351662
28,5,0.01778751239180565
28,6,0.027489345520734787
28,7,0.0042485021986067295
28,8,0.006089290138334036
28,9,0.010044606402516365
29,0,0.028943169862031937
29,1,0.02992093563079834
29,2,0.005704102106392384
29,3,0.006268899887800217
29,4,0.0037880714517086744
29,5,0.016667230054736137
29,6,0.016957717016339302
29,7,0.010630300268530846
29,8,0.018401358276605606
29,9,0.014719685539603233