y_true_label: tensor([0, 0, 0, 0, 0, 0, 0, 0, 0, 0, 0, 0, 0, 0, 0, 0, 0, 0, 0, 0, 0, 0, 0, 0,
        0, 0, 0, 0, 0, 0, 0, 0, 0, 0, 0, 0, 0, 0, 0, 0, 0, 0, 0, 0, 0, 0, 0, 0,
        0, 0, 0, 0, 0, 0, 0, 0, 0, 0, 0, 0, 0, 0, 0, 0, 0, 0, 0, 0, 0, 0, 0, 0,
        0, 0, 0, 0, 0, 0, 0, 0, 0, 0, 0, 0, 0, 0, 0, 0, 0, 0, 0, 0, 0, 0, 0, 0,
        0, 0, 0, 0, 1, 1, 1, 1, 1, 1, 1, 1, 1, 1, 1, 1, 1, 1, 1, 1, 1, 1, 1, 1,
        1, 1, 1, 1, 1, 1, 1, 1, 1, 1, 1, 1, 1, 1, 1, 1, 1, 1, 1, 1, 1, 1, 1, 1,
        1, 1, 1, 1, 1, 1, 1, 1, 1, 1, 1, 1, 1, 1, 1, 1, 1, 1, 1, 1, 1, 1, 1, 1,
        1, 1, 1, 1, 1, 1, 1, 1, 1, 1, 1, 1, 1, 1, 1, 1, 1, 1, 1, 1, 1, 1, 1, 1,
        1, 1, 1, 1, 1, 1, 1, 1])
y_pred_label: tensor([-1., -1., -1., -1., -1., -1., -1.,  1., -1., -1., -1., -1., -1., -1.,
        -1., -1., -1., -1., -1., -1., -1., -1., -1., -1., -1., -1., -1., -1.,
        -1., -1., -1., -1., -1., -1., -1., -1., -1., -1., -1., -1., -1., -1.,
        -1., -1., -1., -1., -1., -1., -1., -1., -1., -1., -1., -1., -1., -1.,
        -1., -1., -1., -1., -1., -1., -1., -1., -1., -1., -1., -1., -1., -1.,
        -1., -1., -1., -1., -1., -1., -1., -1., -1., -1., -1., -1., -1., -1.,
        -1., -1., -1., -1., -1., -1., -1., -1., -1., -1., -1., -1., -1.,  1.,
        -1., -1.,  1., -1., -1., -1., -1., -1., -1.,  1., -1., -1., -1., -1.,
        -1.,  1., -1., -1., -1., -1.,  1.,  1., -1., -1., -1., -1., -1., -1.,
        -1.,  1.,  1.,  1., -1., -1., -1., -1.,  1., -1., -1., -1., -1., -1.,
        -1.,  1.,  1., -1.,  1.,  1., -1., -1., -1., -1., -1., -1., -1., -1.,
        -1., -1.,  1., -1., -1.,  1., -1.,  1., -1., -1., -1.,  1., -1.,  1.,
        -1.,  1., -1., -1., -1., -1., -1., -1., -1., -1.,  1., -1., -1., -1.,
        -1.,  1., -1., -1., -1., -1., -1., -1., -1., -1., -1.,  1., -1., -1.,
        -1., -1., -1., -1.])
num_samples: 200
binary_cross_entropy_loss: 0.632790744304657
accuracy: 60.0
