y_true: [-0.65018821  0.53281015  0.49665552 -0.1984587   0.30947819 -0.24304697
 -0.03290847 -0.09715477 -0.1452079   0.87052011  0.374596   -0.11506206
 -0.32727876  0.2752631   0.21259516  0.17342159 -0.34828225  0.06260063
 -0.0344236   0.13040362  0.9176057  -0.62353426 -0.6736809   0.9054938
  0.20312536  0.21343169  0.1654294  -0.84784466 -0.28151184 -0.26691633
 -0.19216131 -0.53667438 -0.11245651  0.38323104 -0.12755869 -0.35350382
  0.33923489 -0.74991912  0.44715691 -0.39361614  0.03660766  0.36901128
  0.51410341 -0.34599361 -0.8176707   0.59257859  0.11401354  0.83219773
 -0.7777136  -0.78979379 -0.12351869 -0.01369487  0.13337448 -0.00933307
  0.42925584 -0.42058    -0.60312909  0.55884045 -0.13076673  0.22588012
  0.01613788  0.10222853  0.37742126 -0.65572703 -0.26911494  0.10164671
 -0.1739611   0.42433637 -0.29183999  0.21348637  0.49122152  0.15828159
 -0.85824412 -0.45555675  0.21682617 -0.29688942 -0.31875274 -0.68433672
  0.27176446 -0.15195391 -0.60094184  0.36716241  0.01092578 -0.04855493
  1.          0.05589242 -0.09750014  0.06800747 -0.32690504  0.3710416
  0.37066382 -0.24479263 -0.23817019 -1.         -0.73131692 -0.76803148
 -0.35190848 -0.11656986 -0.3688519   0.19657342]
y_pred: [0.2890625  0.46484375 0.42675781 0.27441406 0.37597656 0.22460938
 0.30761719 0.28808594 0.31152344 0.43945312 0.359375   0.27929688
 0.24902344 0.41210938 0.390625   0.34570312 0.19238281 0.34960938
 0.2734375  0.41894531 0.41796875 0.18164062 0.17773438 0.53125
 0.32714844 0.38671875 0.32617188 0.20214844 0.23828125 0.24511719
 0.29199219 0.19726562 0.29101562 0.42773438 0.28125    0.20703125
 0.40332031 0.203125   0.44628906 0.23242188 0.27246094 0.37109375
 0.43945312 0.23925781 0.28320312 0.40820312 0.3828125  0.47265625
 0.23242188 0.18847656 0.25878906 0.29003906 0.32226562 0.29101562
 0.33789062 0.20703125 0.21289062 0.46484375 0.26757812 0.3828125
 0.28710938 0.32128906 0.40136719 0.18164062 0.27636719 0.35644531
 0.359375   0.37011719 0.23535156 0.31835938 0.40039062 0.34179688
 0.19921875 0.1640625  0.33398438 0.23242188 0.3046875  0.20703125
 0.39550781 0.29101562 0.20117188 0.37304688 0.29492188 0.25585938
 0.43359375 0.33496094 0.28125    0.35449219 0.21386719 0.35839844
 0.3828125  0.27246094 0.38867188 0.265625   0.31738281 0.22167969
 0.22558594 0.24609375 0.18066406 0.33691406]
num_samples: 100
mae: 0.41705492885783313
mse: 0.26620221332549276
rmse: 0.5159478784969396
r-squared: -0.3656798547795206
adj r-squared: -0.42318216445444756
