y_true: [-0.65018821  0.53281015  0.49665552 -0.1984587   0.30947819 -0.24304697
 -0.03290847 -0.09715477 -0.1452079   0.87052011  0.374596   -0.11506206
 -0.32727876  0.2752631   0.21259516  0.17342159 -0.34828225  0.06260063
 -0.0344236   0.13040362  0.9176057  -0.62353426 -0.6736809   0.9054938
  0.20312536  0.21343169  0.1654294  -0.84784466 -0.28151184 -0.26691633
 -0.19216131 -0.53667438 -0.11245651  0.38323104 -0.12755869 -0.35350382
  0.33923489 -0.74991912  0.44715691 -0.39361614  0.03660766  0.36901128
  0.51410341 -0.34599361 -0.8176707   0.59257859  0.11401354  0.83219773
 -0.7777136  -0.78979379 -0.12351869 -0.01369487  0.13337448 -0.00933307
  0.42925584 -0.42058    -0.60312909  0.55884045 -0.13076673  0.22588012
  0.01613788  0.10222853  0.37742126 -0.65572703 -0.26911494  0.10164671
 -0.1739611   0.42433637 -0.29183999  0.21348637  0.49122152  0.15828159
 -0.85824412 -0.45555675  0.21682617 -0.29688942 -0.31875274 -0.68433672
  0.27176446 -0.15195391 -0.60094184  0.36716241  0.01092578 -0.04855493
  1.          0.05589242 -0.09750014  0.06800747 -0.32690504  0.3710416
  0.37066382 -0.24479263 -0.23817019 -1.         -0.73131692 -0.76803148
 -0.35190848 -0.11656986 -0.3688519   0.19657342]
y_pred: [0.30371094 0.44628906 0.41894531 0.26855469 0.40429688 0.28125
 0.31347656 0.30371094 0.25097656 0.44628906 0.35449219 0.32910156
 0.27636719 0.43066406 0.39453125 0.359375   0.21972656 0.36816406
 0.2578125  0.43261719 0.43945312 0.19628906 0.21582031 0.52148438
 0.31445312 0.39648438 0.34960938 0.22949219 0.21875    0.25878906
 0.29492188 0.19628906 0.25878906 0.42382812 0.28417969 0.21191406
 0.4296875  0.19726562 0.44628906 0.21875    0.24609375 0.36132812
 0.44140625 0.234375   0.33691406 0.40527344 0.38085938 0.4921875
 0.24023438 0.22070312 0.26367188 0.28613281 0.33496094 0.25683594
 0.36523438 0.2265625  0.22070312 0.43359375 0.28613281 0.36621094
 0.27636719 0.32910156 0.40234375 0.19238281 0.30566406 0.35546875
 0.32226562 0.40234375 0.26953125 0.3359375  0.39355469 0.33105469
 0.24804688 0.20117188 0.31835938 0.23046875 0.32714844 0.22070312
 0.37695312 0.30761719 0.20214844 0.35058594 0.28125    0.25390625
 0.42285156 0.33007812 0.27148438 0.3359375  0.22753906 0.36914062
 0.38671875 0.26855469 0.36523438 0.25878906 0.30664062 0.21777344
 0.21191406 0.27441406 0.19628906 0.375     ]
num_samples: 100
mae: 0.4218369963951409
mse: 0.27309414485930256
rmse: 0.5225841031444628
r-squared: -0.4010370816735558
adj r-squared: -0.46002811669138954
best_epoch: 24
