epoch,batch,train_batch_loss
0,0,0.6589428782463074
0,1,0.6967574954032898
0,2,0.6654541492462158
0,3,0.7171728014945984
0,4,0.7079090476036072
0,5,0.7292914390563965
0,6,0.6105705499649048
0,7,0.6672630310058594
0,8,0.7556711435317993
0,9,0.7689757943153381
0,10,0.6726283431053162
0,11,0.729151725769043
0,12,0.7221852540969849
0,13,0.697262167930603
0,14,0.6755785942077637
0,15,0.7268836498260498
0,16,0.7006593942642212
0,17,0.7058725953102112
0,18,0.7080410718917847
0,19,0.7132851481437683
1,0,0.6831899881362915
1,1,0.6423234939575195
1,2,0.7061672806739807
1,3,0.7042316198348999
1,4,0.6858604550361633
1,5,0.7230385541915894
1,6,0.7168654203414917
1,7,0.7022132873535156
1,8,0.7006398439407349
1,9,0.7170040607452393
1,10,0.6320606470108032
1,11,0.7358726263046265
1,12,0.6368693113327026
1,13,0.6935927271842957
1,14,0.6587430238723755
1,15,0.7030385732650757
1,16,0.7534710168838501
1,17,0.686447024345398
1,18,0.6940017938613892
1,19,0.6911557912826538
2,0,0.7082396745681763
2,1,0.7140547633171082
2,2,0.7149175405502319
2,3,0.6439674496650696
2,4,0.6713516712188721
2,5,0.6916568875312805
2,6,0.6541178226470947
2,7,0.7612158060073853
2,8,0.7077160477638245
2,9,0.6876047849655151
2,10,0.7383347749710083
2,11,0.6859836578369141
2,12,0.6433515548706055
2,13,0.6627453565597534
2,14,0.7091314196586609
2,15,0.6463466882705688
2,16,0.6715955138206482
2,17,0.7041065692901611
2,18,0.6741167306900024
2,19,0.7106717824935913
3,0,0.6601536870002747
3,1,0.7238518595695496
3,2,0.677899181842804
3,3,0.7306538820266724
3,4,0.6644114255905151
3,5,0.6484674215316772
3,6,0.6956998109817505
3,7,0.7066260576248169
3,8,0.699609637260437
3,9,0.6830708384513855
3,10,0.657478928565979
3,11,0.6969362497329712
3,12,0.6929676532745361
3,13,0.7228265404701233
3,14,0.6903565526008606
3,15,0.665509045124054
3,16,0.6603295207023621
3,17,0.7005802392959595
3,18,0.6660953164100647
3,19,0.6691701412200928
4,0,0.6663569211959839
4,1,0.6983190178871155
4,2,0.746822714805603
4,3,0.7066994309425354
4,4,0.6307151317596436
4,5,0.6981998085975647
4,6,0.6840674877166748
4,7,0.6859856247901917
4,8,0.6930788159370422
4,9,0.6575517058372498
4,10,0.6365700960159302
4,11,0.7012017369270325
4,12,0.6464467644691467
4,13,0.6585766077041626
4,14,0.6960105895996094
4,15,0.6513086557388306
4,16,0.6873306632041931
4,17,0.6918738484382629
4,18,0.7113256454467773
4,19,0.7334231734275818
5,0,0.6563576459884644
5,1,0.6300092935562134
5,2,0.6937987804412842
5,3,0.7292460203170776
5,4,0.6761515140533447
5,5,0.6667239665985107
5,6,0.6671116948127747
5,7,0.672168493270874
5,8,0.6504113078117371
5,9,0.6635464429855347
5,10,0.6497427225112915
5,11,0.6473150849342346
5,12,0.6450014114379883
5,13,0.6659276485443115
5,14,0.6457051038742065
5,15,0.664718508720398
5,16,0.6590126752853394
5,17,0.6949681639671326
5,18,0.6265995502471924
5,19,0.6445456743240356
6,0,0.6133009195327759
6,1,0.6702309846878052
6,2,0.7125493884086609
6,3,0.6738486886024475
6,4,0.6822290420532227
6,5,0.6631952524185181
6,6,0.6526387929916382
6,7,0.6712180376052856
6,8,0.6455281376838684
6,9,0.69284588098526
6,10,0.6920480728149414
6,11,0.6825634241104126
6,12,0.7013530135154724
6,13,0.625285267829895
6,14,0.6407101154327393
6,15,0.6668501496315002
6,16,0.6862711310386658
6,17,0.6485192775726318
6,18,0.6835138201713562
6,19,0.6712112426757812
7,0,0.6663222312927246
7,1,0.6555801033973694
7,2,0.624568521976471
7,3,0.6274081468582153
7,4,0.6338374614715576
7,5,0.6434004902839661
7,6,0.6660148501396179
7,7,0.6082820296287537
7,8,0.653975784778595
7,9,0.6634891629219055
7,10,0.6808746457099915
7,11,0.6449249982833862
7,12,0.6968162059783936
7,13,0.6313420534133911
7,14,0.6840060949325562
7,15,0.6449504494667053
7,16,0.6682863235473633
7,17,0.658838152885437
7,18,0.6871538162231445
7,19,0.6937639713287354
8,0,0.6336883902549744
8,1,0.6759673357009888
8,2,0.6668193936347961
8,3,0.6852113008499146
8,4,0.6662313342094421
8,5,0.6304470896720886
8,6,0.6794862747192383
8,7,0.6171047687530518
8,8,0.6683725118637085
8,9,0.6131224632263184
8,10,0.6852757334709167
8,11,0.6445721387863159
8,12,0.6642287373542786
8,13,0.6438319683074951
8,14,0.6880157589912415
8,15,0.6490862965583801
8,16,0.6030820608139038
8,17,0.6470686793327332
8,18,0.6422489881515503
8,19,0.6416963338851929
9,0,0.6418523192405701
9,1,0.6364225149154663
9,2,0.609205424785614
9,3,0.5712646842002869
9,4,0.6377530097961426
9,5,0.6035565137863159
9,6,0.6424134373664856
9,7,0.6438552737236023
9,8,0.6211403012275696
9,9,0.6290701627731323
9,10,0.658147931098938
9,11,0.6545342206954956
9,12,0.6163314580917358
9,13,0.6243187189102173
9,14,0.6430715322494507
9,15,0.6637853384017944
9,16,0.6815926432609558
9,17,0.6174430847167969
9,18,0.6157278418540955
9,19,0.6480203866958618
10,0,0.625974178314209
10,1,0.6274207830429077
10,2,0.6249978542327881
10,3,0.6394209861755371
10,4,0.6150966882705688
10,5,0.6306251883506775
10,6,0.597061038017273
10,7,0.6355749368667603
10,8,0.6664772629737854
10,9,0.600418210029602
10,10,0.6460540294647217
10,11,0.6820411682128906
10,12,0.6357814073562622
10,13,0.6361750364303589
10,14,0.6887437105178833
10,15,0.5410510897636414
10,16,0.6864903569221497
10,17,0.6528300046920776
10,18,0.6421988010406494
10,19,0.6082372069358826
11,0,0.6423562169075012
11,1,0.7056884169578552
11,2,0.5975304841995239
11,3,0.6404492259025574
11,4,0.7019144892692566
11,5,0.5952489972114563
11,6,0.5780557990074158
11,7,0.598138153553009
11,8,0.6250967979431152
11,9,0.5735591650009155
11,10,0.6435039639472961
11,11,0.6185124516487122
11,12,0.7124319076538086
11,13,0.5572635531425476
11,14,0.6004707217216492
11,15,0.6355849504470825
11,16,0.5957002639770508
11,17,0.6236900091171265
11,18,0.6400467157363892
11,19,0.6367928385734558
12,0,0.6417263746261597
12,1,0.6051739454269409
12,2,0.589470624923706
12,3,0.6986533999443054
12,4,0.6256048679351807
12,5,0.6185291409492493
12,6,0.5422762632369995
12,7,0.6355202198028564
12,8,0.6341112852096558
12,9,0.589188277721405
12,10,0.6440737843513489
12,11,0.6377748847007751
12,12,0.5428290367126465
12,13,0.5727483630180359
12,14,0.6520577073097229
12,15,0.6131340265274048
12,16,0.5672330260276794
12,17,0.5727621912956238
12,18,0.6114493608474731
12,19,0.6482821702957153
13,0,0.6283215284347534
13,1,0.6133953332901001
13,2,0.6083859801292419
13,3,0.7205777764320374
13,4,0.6605581045150757
13,5,0.5135803818702698
13,6,0.5236271619796753
13,7,0.6118559241294861
13,8,0.604356586933136
13,9,0.5677075982093811
13,10,0.5651274919509888
13,11,0.5968106985092163
13,12,0.6475672721862793
13,13,0.6673380732536316
13,14,0.6277974843978882
13,15,0.6244319081306458
13,16,0.5666907429695129
13,17,0.6418763399124146
13,18,0.6050421595573425
13,19,0.5666238069534302
14,0,0.6623207330703735
14,1,0.6213183403015137
14,2,0.5947518348693848
14,3,0.513748288154602
14,4,0.6827077865600586
14,5,0.5926956534385681
14,6,0.6118271350860596
14,7,0.5425924062728882
14,8,0.6147547960281372
14,9,0.6502763032913208
14,10,0.6145479083061218
14,11,0.5384103059768677
14,12,0.6562599539756775
14,13,0.7115200757980347
14,14,0.523306131362915
14,15,0.6266168355941772
14,16,0.5591572523117065
14,17,0.5863628387451172
14,18,0.6418340802192688
14,19,0.5879675149917603
15,0,0.5994168519973755
15,1,0.6073524951934814
15,2,0.5684963464736938
15,3,0.5405414700508118
15,4,0.589214026927948
15,5,0.6307440996170044
15,6,0.663237988948822
15,7,0.5662131309509277
15,8,0.5748313665390015
15,9,0.6219233870506287
15,10,0.641720712184906
15,11,0.6771506071090698
15,12,0.6051688194274902
15,13,0.5415154099464417
15,14,0.5984001755714417
15,15,0.5288921594619751
15,16,0.6472529768943787
15,17,0.6317863464355469
15,18,0.5635969042778015
15,19,0.5667740106582642
16,0,0.5257819890975952
16,1,0.6977861523628235
16,2,0.5865437984466553
16,3,0.4703964293003082
16,4,0.6302684545516968
16,5,0.5340403914451599
16,6,0.60600745677948
16,7,0.6726999282836914
16,8,0.6614548563957214
16,9,0.6153607368469238
16,10,0.6354658007621765
16,11,0.5805843472480774
16,12,0.5988637804985046
16,13,0.6198261976242065
16,14,0.7073782682418823
16,15,0.6774453520774841
16,16,0.6175230741500854
16,17,0.5336580276489258
16,18,0.7468011975288391
16,19,0.517363965511322
17,0,0.5803204774856567
17,1,0.5555741190910339
17,2,0.6035401225090027
17,3,0.5523777008056641
17,4,0.6102263927459717
17,5,0.5863593816757202
17,6,0.5113606452941895
17,7,0.6547905802726746
17,8,0.6023032665252686
17,9,0.6312629580497742
17,10,0.5147532224655151
17,11,0.5364983081817627
17,12,0.6493555307388306
17,13,0.631355881690979
17,14,0.5902143716812134
17,15,0.5082579851150513
17,16,0.6351560354232788
17,17,0.5874342918395996
17,18,0.5795512199401855
17,19,0.7395755052566528
18,0,0.5928025245666504
18,1,0.5499495267868042
18,2,0.5815380811691284
18,3,0.5846347212791443
18,4,0.6156254410743713
18,5,0.7082868814468384
18,6,0.577053964138031
18,7,0.6638016700744629
18,8,0.6479157209396362
18,9,0.5657835006713867
18,10,0.5936390161514282
18,11,0.5884536504745483
18,12,0.5919347405433655
18,13,0.521804928779602
18,14,0.6011217832565308
18,15,0.6308153867721558
18,16,0.5521739721298218
18,17,0.5508377552032471
18,18,0.5644491910934448
18,19,0.5808812379837036
19,0,0.4862040877342224
19,1,0.6422837972640991
19,2,0.6030603051185608
19,3,0.6483513712882996
19,4,0.48587292432785034
19,5,0.5741446614265442
19,6,0.5820122361183167
19,7,0.6264074444770813
19,8,0.6951810121536255
19,9,0.48476266860961914
19,10,0.6491009593009949
19,11,0.6532267332077026
19,12,0.6613399982452393
19,13,0.6139131188392639
19,14,0.6086476445198059
19,15,0.5852733850479126
19,16,0.6065722703933716
19,17,0.5802790522575378
19,18,0.6060883402824402
19,19,0.6576789021492004