epoch,batch,train_batch_loss
0,0,0.6913747787475586
0,1,0.7057591080665588
0,2,0.707521378993988
0,3,0.7258911728858948
0,4,0.7198238372802734
0,5,0.6972086429595947
0,6,0.7208552360534668
0,7,0.7033500075340271
0,8,0.7317987680435181
0,9,0.6516050696372986
0,10,0.7276790738105774
0,11,0.7005976438522339
0,12,0.6985520124435425
0,13,0.7167739272117615
0,14,0.6598258018493652
0,15,0.715689480304718
0,16,0.6996564865112305
0,17,0.6989933848381042
0,18,0.7009830474853516
0,19,0.6945369839668274
1,0,0.6837059259414673
1,1,0.6476739645004272
1,2,0.6762213110923767
1,3,0.7289248704910278
1,4,0.7042002081871033
1,5,0.6685208082199097
1,6,0.7458572387695312
1,7,0.5638086795806885
1,8,0.6726864576339722
1,9,0.7152024507522583
1,10,0.760225772857666
1,11,0.8030359148979187
1,12,0.7130481004714966
1,13,0.8082740902900696
1,14,0.7214123606681824
1,15,0.7100898623466492
1,16,0.6995916366577148
1,17,0.6915920376777649
1,18,0.6949076652526855
1,19,0.7272170782089233
2,0,0.6540733575820923
2,1,0.6740991473197937
2,2,0.6735621690750122
2,3,0.7455407977104187
2,4,0.6345728635787964
2,5,0.8409219980239868
2,6,0.631909966468811
2,7,0.7519434690475464
2,8,0.7086424231529236
2,9,0.5978031158447266
2,10,0.6683935523033142
2,11,0.7431991100311279
2,12,0.6695913672447205
2,13,0.7339872121810913
2,14,0.7630085945129395
2,15,0.6994156241416931
2,16,0.7370691299438477
2,17,0.6918560266494751
2,18,0.7176448106765747
2,19,0.6883001923561096
3,0,0.6785584688186646
3,1,0.6892034411430359
3,2,0.6909332275390625
3,3,0.6865774393081665
3,4,0.6792824268341064
3,5,0.6611776351928711
3,6,0.7102228403091431
3,7,0.6867275834083557
3,8,0.6501237154006958
3,9,0.6623193025588989
3,10,0.6746858358383179
3,11,0.68963623046875
3,12,0.6481226086616516
3,13,0.6946964263916016
3,14,0.7200194001197815
3,15,0.7468387484550476
3,16,0.7236899137496948
3,17,0.6838096380233765
3,18,0.7124297022819519
3,19,0.7177698016166687
4,0,0.7171198725700378
4,1,0.6713445782661438
4,2,0.6802924871444702
4,3,0.6794484853744507
4,4,0.6700360178947449
4,5,0.6810329556465149
4,6,0.6497012972831726
4,7,0.6430172920227051
4,8,0.7504875659942627
4,9,0.7616667151451111
4,10,0.6573836803436279
4,11,0.7278585433959961
4,12,0.7279285192489624
4,13,0.7482208013534546
4,14,0.6134902238845825
4,15,0.7001082897186279
4,16,0.7545644044876099
4,17,0.6624237298965454
4,18,0.6726142168045044
4,19,0.6815099716186523
5,0,0.6760027408599854
5,1,0.6768891215324402
5,2,0.6731737852096558
5,3,0.6858080625534058
5,4,0.6930984258651733
5,5,0.6690995693206787
5,6,0.6541240811347961
5,7,0.6367159485816956
5,8,0.6756957769393921
5,9,0.6785953640937805
5,10,0.6483505964279175
5,11,0.7036957740783691
5,12,0.7026187181472778
5,13,0.7541379332542419
5,14,0.7108498811721802
5,15,0.6632770299911499
5,16,0.6858805418014526
5,17,0.6546633243560791
5,18,0.673820972442627
5,19,0.6778799891471863
6,0,0.6782764792442322
6,1,0.6547926664352417
6,2,0.67083340883255
6,3,0.6837026476860046
6,4,0.6586859822273254
6,5,0.6764647364616394
6,6,0.6571536660194397
6,7,0.662805438041687
6,8,0.6436365246772766
6,9,0.6466098427772522
6,10,0.640532910823822
6,11,0.6458278298377991
6,12,0.6457715630531311
6,13,0.6408434510231018
6,14,0.6532701849937439
6,15,0.6661532521247864
6,16,0.6988721489906311
6,17,0.6375771164894104
6,18,0.6591610908508301
6,19,0.639837384223938
7,0,0.6573639512062073
7,1,0.6391431093215942
7,2,0.616090714931488
7,3,0.6408014297485352
7,4,0.6348318457603455
7,5,0.6655609011650085
7,6,0.5977439880371094
7,7,0.6240895986557007
7,8,0.6427181363105774
7,9,0.6386398077011108
7,10,0.6529974341392517
7,11,0.6287006139755249
7,12,0.6104925870895386
7,13,0.6097502708435059
7,14,0.6230266094207764
7,15,0.6073070764541626
7,16,0.6044073700904846
7,17,0.6042514443397522
7,18,0.6052706837654114
7,19,0.6434332728385925
8,0,0.6213420629501343
8,1,0.6198409795761108
8,2,0.6422778964042664
8,3,0.6317289471626282
8,4,0.5608653426170349
8,5,0.5932665467262268
8,6,0.5975653529167175
8,7,0.5365929007530212
8,8,0.6230095624923706
8,9,0.6436744928359985
8,10,0.5326226949691772
8,11,0.6004029512405396
8,12,0.6464514136314392
8,13,0.5845725536346436
8,14,0.5490339398384094
8,15,0.4922714829444885
8,16,0.5993160009384155
8,17,0.5641466379165649
8,18,0.5157753825187683
8,19,0.4684153199195862
9,0,0.6029613614082336
9,1,0.5708643198013306
9,2,0.5606634020805359
9,3,0.5272114276885986
9,4,0.5154967904090881
9,5,0.5437837839126587
9,6,0.5411077737808228
9,7,0.4571060538291931
9,8,0.4951668381690979
9,9,0.49611416459083557
9,10,0.4936339855194092
9,11,0.5567955374717712
9,12,0.5126068592071533
9,13,0.47793012857437134
9,14,0.48244088888168335
9,15,0.4760647714138031
9,16,0.4893020689487457
9,17,0.602594256401062
9,18,0.5255979299545288
9,19,0.5439656376838684
10,0,0.5983371138572693
10,1,0.5731377601623535
10,2,0.4151003956794739
10,3,0.4654531478881836
10,4,0.5046335458755493
10,5,0.4105643630027771
10,6,0.5097635984420776
10,7,0.7119178175926208
10,8,0.5648879408836365
10,9,0.43934375047683716
10,10,0.5246497988700867
10,11,0.49869951605796814
10,12,0.43651771545410156
10,13,0.3959444463253021
10,14,0.5102644562721252
10,15,0.5413248538970947
10,16,0.49066075682640076
10,17,0.3025299310684204
10,18,0.32058772444725037
10,19,0.3509260416030884
11,0,0.28118059039115906
11,1,0.4021065831184387
11,2,0.5192750692367554
11,3,0.3132055699825287
11,4,0.3442210555076599
11,5,0.34540897607803345
11,6,0.37690022587776184
11,7,0.3684784770011902
11,8,0.38176244497299194
11,9,0.34435635805130005
11,10,0.48694485425949097
11,11,0.3598495125770569
11,12,0.29367706179618835
11,13,0.46168985962867737
11,14,0.39382079243659973
11,15,0.5989807844161987
11,16,0.585147500038147
11,17,0.36116823554039
11,18,0.45432060956954956
11,19,0.538739800453186
12,0,0.4998639225959778
12,1,0.42551708221435547
12,2,0.35068970918655396
12,3,0.3838762640953064
12,4,0.3440578579902649
12,5,0.5029146075248718
12,6,0.9376802444458008
12,7,0.273019939661026
12,8,0.47520875930786133
12,9,0.41845589876174927
12,10,0.27813178300857544
12,11,0.24576683342456818
12,12,0.47957736253738403
12,13,0.5149162411689758
12,14,0.47018709778785706
12,15,0.28556281328201294
12,16,0.37931519746780396
12,17,0.34814363718032837
12,18,0.400948703289032
12,19,0.37407568097114563
13,0,0.35029950737953186
13,1,0.24784545600414276
13,2,0.27874451875686646
13,3,0.2730662524700165
13,4,0.3518732190132141
13,5,0.22358033061027527
13,6,0.471630334854126
13,7,0.31481119990348816
13,8,0.3537447154521942
13,9,0.5012370347976685
13,10,0.33932816982269287
13,11,0.2932407557964325
13,12,0.3413693308830261
13,13,0.2831427752971649
13,14,0.2499655783176422
13,15,0.21072760224342346
13,16,0.6962751150131226
13,17,0.3898550868034363
13,18,0.39357542991638184
13,19,0.21498164534568787
14,0,0.3284148573875427
14,1,0.4663935601711273
14,2,0.4683208465576172
14,3,0.33168232440948486
14,4,0.22303827106952667
14,5,0.17038586735725403
14,6,0.7246084213256836
14,7,0.27639079093933105
14,8,0.17011936008930206
14,9,0.28394562005996704
14,10,0.24711880087852478
14,11,0.20342639088630676
14,12,0.5256140828132629
14,13,0.3573452830314636
14,14,0.3109888434410095
14,15,0.2414965182542801
14,16,0.33549851179122925
14,17,0.5138289332389832
14,18,0.22925178706645966
14,19,0.6423659920692444
15,0,0.2614758610725403
15,1,0.24856534600257874
15,2,0.5377767086029053
15,3,0.180232971906662
15,4,0.3730814754962921
15,5,0.17562612891197205
15,6,0.14538773894309998
15,7,0.18117313086986542
15,8,0.42885786294937134
15,9,0.16658207774162292
15,10,0.44388723373413086
15,11,0.22911138832569122
15,12,0.4004119038581848
15,13,0.4162221848964691
15,14,0.5678938627243042
15,15,0.2777795195579529
15,16,0.320793479681015
15,17,0.1972741186618805
15,18,0.14296311140060425
15,19,0.4949618875980377
16,0,0.12026383727788925
16,1,0.23222064971923828
16,2,0.1972527652978897
16,3,0.1764620691537857
16,4,0.09254451096057892
16,5,0.2238873690366745
16,6,0.4880240559577942
16,7,0.7498049736022949
16,8,0.2079586535692215
16,9,0.34593531489372253
16,10,0.2577212154865265
16,11,0.40356916189193726
16,12,0.41582727432250977
16,13,0.3168112635612488
16,14,0.2832590937614441
16,15,0.49268466234207153
16,16,0.2300751507282257
16,17,0.3323655128479004
16,18,0.5326299071311951
16,19,0.19034132361412048
17,0,0.5074912309646606
17,1,0.3513313829898834
17,2,0.09808614104986191
17,3,0.48399481177330017
17,4,0.36870869994163513
17,5,0.43304386734962463
17,6,0.27244657278060913
17,7,0.1548880785703659
17,8,0.12587162852287292
17,9,0.13781200349330902
17,10,0.30957454442977905
17,11,0.18968398869037628
17,12,0.1405130922794342
17,13,0.7565065026283264
17,14,0.715506374835968
17,15,0.3133023679256439
17,16,0.1656583994626999
17,17,0.24670346081256866
17,18,0.19239011406898499
17,19,0.16657255589962006
18,0,0.14224761724472046
18,1,0.23335334658622742
18,2,0.3742291331291199
18,3,0.22231268882751465
18,4,0.18946091830730438
18,5,0.381422758102417
18,6,0.5274704694747925
18,7,0.2626144289970398
18,8,0.4128654897212982
18,9,0.16810187697410583
18,10,0.1827518194913864
18,11,0.3976101279258728
18,12,0.42429643869400024
18,13,0.26919108629226685
18,14,0.40806588530540466
18,15,0.24801144003868103
18,16,0.1119338646531105
18,17,0.27572202682495117
18,18,0.2124190777540207
18,19,0.5351638793945312
19,0,0.16708728671073914
19,1,0.23074984550476074
19,2,0.14889667928218842
19,3,0.2383125126361847
19,4,0.5202003717422485
19,5,0.11440102010965347
19,6,0.37603485584259033
19,7,0.35680872201919556
19,8,0.25787267088890076
19,9,0.3971136808395386
19,10,0.3037460446357727
19,11,0.21978743374347687
19,12,0.1702783703804016
19,13,0.5277839303016663
19,14,0.2552392780780792
19,15,0.09054894000291824
19,16,0.09116014093160629
19,17,0.552474319934845
19,18,0.14371135830879211
19,19,0.4208090901374817