y_true: [-0.65018821  0.53281015  0.49665552 -0.1984587   0.30947819 -0.24304697
 -0.03290847 -0.09715477 -0.1452079   0.87052011  0.374596   -0.11506206
 -0.32727876  0.2752631   0.21259516  0.17342159 -0.34828225  0.06260063
 -0.0344236   0.13040362  0.9176057  -0.62353426 -0.6736809   0.9054938
  0.20312536  0.21343169  0.1654294  -0.84784466 -0.28151184 -0.26691633
 -0.19216131 -0.53667438 -0.11245651  0.38323104 -0.12755869 -0.35350382
  0.33923489 -0.74991912  0.44715691 -0.39361614  0.03660766  0.36901128
  0.51410341 -0.34599361 -0.8176707   0.59257859  0.11401354  0.83219773
 -0.7777136  -0.78979379 -0.12351869 -0.01369487  0.13337448 -0.00933307
  0.42925584 -0.42058    -0.60312909  0.55884045 -0.13076673  0.22588012
  0.01613788  0.10222853  0.37742126 -0.65572703 -0.26911494  0.10164671
 -0.1739611   0.42433637 -0.29183999  0.21348637  0.49122152  0.15828159
 -0.85824412 -0.45555675  0.21682617 -0.29688942 -0.31875274 -0.68433672
  0.27176446 -0.15195391 -0.60094184  0.36716241  0.01092578 -0.04855493
  1.          0.05589242 -0.09750014  0.06800747 -0.32690504  0.3710416
  0.37066382 -0.24479263 -0.23817019 -1.         -0.73131692 -0.76803148
 -0.35190848 -0.11656986 -0.3688519   0.19657342]
y_pred: [-0.39332983  0.39898384  0.37828115 -0.31259578  0.5003078  -0.36359575
  0.10016754 -0.30720973 -0.22163083  0.54268622 -0.03219493  0.08111355
 -0.42506561  0.15864722  0.3713522   0.35110912 -0.45437983 -0.01317455
  0.13004054 -0.07518038  0.42230856 -0.59252691 -0.5275622   0.49603197
  0.2181237   0.19953693  0.02203245 -0.64446038 -0.25999665 -0.36046806
 -0.2225306  -0.55510741 -0.22745086  0.54268622 -0.33552402 -0.40442774
  0.44919673 -0.6639595   0.22113328 -0.49502763  0.14535719  0.53911525
  0.54268622 -0.38063875 -0.4237757   0.48353323 -0.16568017  0.54268622
 -0.57746416 -0.58206695 -0.20380357  0.09183323  0.11845224 -0.13211614
  0.42777088 -0.53831899 -0.64124376  0.48737329 -0.06019185  0.2437807
  0.05001963  0.20592962  0.27518612 -0.62096947 -0.26425892  0.14503376
 -0.44408646  0.42881539 -0.39146453  0.25956854  0.45650968  0.16237296
 -0.59851646 -0.56047344  0.21476334 -0.37869629 -0.46148822 -0.58488435
  0.39546326 -0.29406735 -0.60865396  0.31584096  0.10687629 -0.09449251
  0.51997977  0.30780149  0.18702944  0.04784237 -0.36173841  0.30412653
  0.39235532 -0.37795532 -0.22749263 -0.61676902 -0.6479038  -0.63359684
 -0.21170796 -0.08426568 -0.48726135  0.25466365]
num_samples: 100
mae: 0.12722179788164795
mse: 0.02780318766094246
rmse: 0.1667428788912512
r-squared: 0.8573631195140501
adj r-squared: 0.8513573561251679
