y_true: [-0.65018821  0.53281015  0.49665552 -0.1984587   0.30947819 -0.24304697
 -0.03290847 -0.09715477 -0.1452079   0.87052011  0.374596   -0.11506206
 -0.32727876  0.2752631   0.21259516  0.17342159 -0.34828225  0.06260063
 -0.0344236   0.13040362  0.9176057  -0.62353426 -0.6736809   0.9054938
  0.20312536  0.21343169  0.1654294  -0.84784466 -0.28151184 -0.26691633
 -0.19216131 -0.53667438 -0.11245651  0.38323104 -0.12755869 -0.35350382
  0.33923489 -0.74991912  0.44715691 -0.39361614  0.03660766  0.36901128
  0.51410341 -0.34599361 -0.8176707   0.59257859  0.11401354  0.83219773
 -0.7777136  -0.78979379 -0.12351869 -0.01369487  0.13337448 -0.00933307
  0.42925584 -0.42058    -0.60312909  0.55884045 -0.13076673  0.22588012
  0.01613788  0.10222853  0.37742126 -0.65572703 -0.26911494  0.10164671
 -0.1739611   0.42433637 -0.29183999  0.21348637  0.49122152  0.15828159
 -0.85824412 -0.45555675  0.21682617 -0.29688942 -0.31875274 -0.68433672
  0.27176446 -0.15195391 -0.60094184  0.36716241  0.01092578 -0.04855493
  1.          0.05589242 -0.09750014  0.06800747 -0.32690504  0.3710416
  0.37066382 -0.24479263 -0.23817019 -1.         -0.73131692 -0.76803148
 -0.35190848 -0.11656986 -0.3688519   0.19657342]
y_pred: [-3.64099592e-01  3.41602296e-01  3.67376029e-01 -2.74641007e-01
  4.47054386e-01 -3.27013105e-01  7.32684880e-02 -3.29140723e-01
 -1.62616223e-01  5.42686224e-01 -4.47472520e-02 -6.01947249e-04
 -4.61387634e-01  1.41147450e-01  3.63840759e-01  3.21435004e-01
 -4.19686854e-01 -7.27072731e-02  1.97391555e-01 -7.51803815e-02
  4.06692386e-01 -5.71041405e-01 -5.84340572e-01  4.97606128e-01
  3.06555182e-01  1.79696798e-01 -4.91863228e-02 -6.43055320e-01
 -3.07267606e-01 -3.43026131e-01 -2.09751815e-01 -5.36022305e-01
 -1.27140746e-01  5.42686224e-01 -3.08893085e-01 -4.28438514e-01
  4.50926632e-01 -6.49794042e-01  2.79212832e-01 -4.93051291e-01
  1.03815608e-01  5.23651004e-01  5.42686224e-01 -3.35308731e-01
 -3.89298081e-01  5.04192948e-01 -2.19077259e-01  5.42686224e-01
 -5.99622011e-01 -5.65551400e-01 -1.25638068e-01  8.62676203e-02
  1.36352956e-01 -9.86641124e-02  4.48273599e-01 -5.09764671e-01
 -6.28330946e-01  4.99486327e-01 -1.55988812e-01  2.70626009e-01
  4.02417295e-02  1.52988434e-01  2.71863103e-01 -6.45137608e-01
 -2.63490081e-01  9.06587392e-02 -4.38063622e-01  4.05511022e-01
 -3.72667730e-01  2.74578094e-01  4.90583241e-01  1.52158722e-01
 -6.09733403e-01 -5.69539726e-01  2.13186473e-01 -3.78948182e-01
 -4.95753378e-01 -5.92026830e-01  4.28393573e-01 -3.29939246e-01
 -6.01486444e-01  3.25983703e-01  3.06344107e-02 -6.95129707e-02
  5.42686224e-01  2.80247748e-01  1.34615019e-01 -8.92883632e-03
 -3.76808167e-01  3.34966779e-01  3.95141631e-01 -4.24285412e-01
 -2.15826318e-01 -6.41454399e-01 -6.35310233e-01 -6.72501087e-01
 -2.50804991e-01 -7.40792155e-02 -4.61987495e-01  2.07626671e-01]
num_samples: 100
mae: 0.1211456698278198
mse: 0.027280539531037054
rmse: 0.1651682158620025
r-squared: 0.8600444271306673
adj r-squared: 0.8541515609045902
best_epoch: 29
