y_true: [-0.09306899 -0.27258253  0.16008958 -0.21116664  0.43398401 -0.47863573
  0.13426128  0.4431476   0.03394356 -0.66466618 -0.90634233 -0.45854884
  0.14801385 -0.60822886 -0.3242591  -0.41356704  0.07069704 -0.14115196
  0.10566022 -0.31720424  0.31918573  0.12998202  0.18358937 -0.52108032
  0.14270498 -0.47245744  1.         -0.2601712   0.28752375 -0.50259739
 -0.25498039 -0.44466028 -0.36699945 -0.20722339  0.19620712  0.28771925
  0.10925925  0.18319859  0.14105712  0.08759619 -0.5333789  -0.27776584
  0.35615945  0.71544284  0.10306858 -0.28524476  0.41363949 -0.27164999
 -0.78121418 -0.14312677 -0.13701206  0.28922158 -0.16102125  0.03250793
 -0.17595549 -0.22449546 -0.36383826 -0.44776741 -0.5605303  -0.36122587
 -0.92949069 -0.2962257  -0.30238786  0.31293711 -0.5221343  -0.51151502
 -0.04999832 -0.57095283 -0.15971498 -0.41722029 -0.30357891  0.41096601
 -0.89337683 -0.11942037  0.07071843 -0.6897741  -0.21217309 -0.16200756
 -0.24971506 -0.62025106  0.52128953 -0.12497903 -1.         -0.48076969
  0.53718424  0.1669915   0.20092726 -0.25984648 -0.06745447 -0.49520519
 -0.58735007  0.4650262  -0.58803445 -0.02626549  0.4374218  -0.15792395
 -0.15446329  0.09326684 -0.38089329 -0.714634  ]
y_pred: [ 0.28598934 -0.03218352 -0.20094088 -0.14021336  0.03376443 -0.28867555
 -0.08736359  0.14493932 -0.08728947 -0.17587876 -0.51668268 -0.35850289
  0.00358091 -0.35668471 -0.33116323 -0.19285631 -0.14916301 -0.04807807
 -0.081029   -0.10632709  0.20222607 -0.25783214 -0.07293886 -0.38778922
 -0.08742688 -0.3313269   0.0594486  -0.13368778  0.18576589 -0.36579558
  0.10812434 -0.37135667 -0.40638879 -0.08458892 -0.19410527  0.06499141
 -0.11011478 -0.05980621 -0.09219161  0.04612267 -0.15996495 -0.00320606
 -0.01416273 -0.06931674  0.23838674  0.10959303  0.01239856 -0.29702118
 -0.2207365  -0.2703144  -0.09390169  0.03541761 -0.25181642 -0.18420029
 -0.14475796 -0.04014348 -0.28719282 -0.0759843  -0.29489419 -0.3720606
 -0.36271399 -0.30405015 -0.26129332  0.01024213 -0.11076526 -0.44413334
 -0.1244557  -0.20618702 -0.13236216  0.1457673  -0.16329461  0.03062858
 -0.48224077 -0.11825587 -0.11334063 -0.4253501  -0.34836552 -0.076448
 -0.22985688 -0.1344109   0.11625399 -0.0837477  -0.49675933 -0.37863922
 -0.24143891 -0.00819978  0.01074043 -0.20459107 -0.18374258 -0.17087315
 -0.10643923 -0.04904843 -0.2205271  -0.18594646  0.29092717  0.03016013
 -0.19965294  0.01350699 -0.22196174 -0.34983891]
num_samples: 100
mae: 0.238401553502772
mse: 0.08978464611541787
rmse: 0.2996408618920621
r-squared: 0.39198401043904285
adj r-squared: 0.33853205531280495
best_epoch: 28
