y_true: [-0.09306899 -0.27258253  0.16008958 -0.21116664  0.43398401 -0.47863573
  0.13426128  0.4431476   0.03394356 -0.66466618 -0.90634233 -0.45854884
  0.14801385 -0.60822886 -0.3242591  -0.41356704  0.07069704 -0.14115196
  0.10566022 -0.31720424  0.31918573  0.12998202  0.18358937 -0.52108032
  0.14270498 -0.47245744  1.         -0.2601712   0.28752375 -0.50259739
 -0.25498039 -0.44466028 -0.36699945 -0.20722339  0.19620712  0.28771925
  0.10925925  0.18319859  0.14105712  0.08759619 -0.5333789  -0.27776584
  0.35615945  0.71544284  0.10306858 -0.28524476  0.41363949 -0.27164999
 -0.78121418 -0.14312677 -0.13701206  0.28922158 -0.16102125  0.03250793
 -0.17595549 -0.22449546 -0.36383826 -0.44776741 -0.5605303  -0.36122587
 -0.92949069 -0.2962257  -0.30238786  0.31293711 -0.5221343  -0.51151502
 -0.04999832 -0.57095283 -0.15971498 -0.41722029 -0.30357891  0.41096601
 -0.89337683 -0.11942037  0.07071843 -0.6897741  -0.21217309 -0.16200756
 -0.24971506 -0.62025106  0.52128953 -0.12497903 -1.         -0.48076969
  0.53718424  0.1669915   0.20092726 -0.25984648 -0.06745447 -0.49520519
 -0.58735007  0.4650262  -0.58803445 -0.02626549  0.4374218  -0.15792395
 -0.15446329  0.09326684 -0.38089329 -0.714634  ]
y_pred: [ 0.27517194 -0.07708391 -0.24150155 -0.14138024  0.00843281 -0.38597673
 -0.11779349  0.18893565 -0.12088909 -0.23661676 -0.55777645 -0.39544058
  0.01250556 -0.41939941 -0.37882796 -0.19558595 -0.14217123 -0.11955703
 -0.14654526 -0.16955046  0.17144045 -0.25219864 -0.11295098 -0.44191372
 -0.1105692  -0.32920375  0.06122397 -0.15053536  0.19258271 -0.43401635
  0.03326059 -0.43767387 -0.46132821 -0.15892504 -0.19888051 -0.03630824
 -0.14368685 -0.05925997 -0.15317592  0.04637001 -0.2459607  -0.05329945
 -0.06439038 -0.07723043  0.22860858  0.09067193  0.01424258 -0.36597386
 -0.24951373 -0.34895691 -0.11589777 -0.00578623 -0.2936959  -0.2642777
 -0.24138996 -0.08943819 -0.30279467 -0.10126907 -0.35470998 -0.39376926
 -0.39554229 -0.36505541 -0.32068121 -0.03319316 -0.12159143 -0.47449586
 -0.15508839 -0.17896694 -0.19309686  0.07060594 -0.21477212  0.00441992
 -0.53494418 -0.12306646 -0.17168897 -0.49198452 -0.3572242  -0.10271926
 -0.29058704 -0.21752374  0.10564229 -0.1418992  -0.5314585  -0.40889698
 -0.24061969 -0.0692996   0.00735386 -0.2053066  -0.25636908 -0.21356095
 -0.20884909 -0.05698904 -0.26274568 -0.23846316  0.26021832 -0.02029986
 -0.2663371   0.02923481 -0.28530392 -0.41207013]
num_samples: 100
mae: 0.2323833726439625
mse: 0.08529891823371052
rmse: 0.2920597853757181
r-squared: 0.4223610781772328
adj r-squared: 0.371579634500506
