y_true: [-0.09306899 -0.27258253  0.16008958 -0.21116664  0.43398401 -0.47863573
  0.13426128  0.4431476   0.03394356 -0.66466618 -0.90634233 -0.45854884
  0.14801385 -0.60822886 -0.3242591  -0.41356704  0.07069704 -0.14115196
  0.10566022 -0.31720424  0.31918573  0.12998202  0.18358937 -0.52108032
  0.14270498 -0.47245744  1.         -0.2601712   0.28752375 -0.50259739
 -0.25498039 -0.44466028 -0.36699945 -0.20722339  0.19620712  0.28771925
  0.10925925  0.18319859  0.14105712  0.08759619 -0.5333789  -0.27776584
  0.35615945  0.71544284  0.10306858 -0.28524476  0.41363949 -0.27164999
 -0.78121418 -0.14312677 -0.13701206  0.28922158 -0.16102125  0.03250793
 -0.17595549 -0.22449546 -0.36383826 -0.44776741 -0.5605303  -0.36122587
 -0.92949069 -0.2962257  -0.30238786  0.31293711 -0.5221343  -0.51151502
 -0.04999832 -0.57095283 -0.15971498 -0.41722029 -0.30357891  0.41096601
 -0.89337683 -0.11942037  0.07071843 -0.6897741  -0.21217309 -0.16200756
 -0.24971506 -0.62025106  0.52128953 -0.12497903 -1.         -0.48076969
  0.53718424  0.1669915   0.20092726 -0.25984648 -0.06745447 -0.49520519
 -0.58735007  0.4650262  -0.58803445 -0.02626549  0.4374218  -0.15792395
 -0.15446329  0.09326684 -0.38089329 -0.714634  ]
y_pred: [0.55761719 0.41796875 0.27636719 0.37304688 0.42578125 0.29101562
 0.25976562 0.54003906 0.30566406 0.34375    0.25390625 0.265625
 0.33007812 0.30566406 0.26660156 0.28515625 0.30273438 0.34277344
 0.29882812 0.30664062 0.59082031 0.28613281 0.31445312 0.24902344
 0.33984375 0.36230469 0.45117188 0.35839844 0.57421875 0.25683594
 0.40820312 0.27246094 0.26757812 0.34179688 0.29296875 0.375
 0.30957031 0.31542969 0.32324219 0.40820312 0.31152344 0.38183594
 0.34375    0.34863281 0.5        0.47949219 0.41308594 0.28320312
 0.33007812 0.28417969 0.3515625  0.34472656 0.26855469 0.27734375
 0.33691406 0.37109375 0.27050781 0.29492188 0.31738281 0.37597656
 0.24902344 0.31445312 0.32910156 0.31835938 0.25585938 0.30273438
 0.26269531 0.32519531 0.28320312 0.50195312 0.38378906 0.34082031
 0.29492188 0.45507812 0.29003906 0.29199219 0.25097656 0.25585938
 0.36328125 0.34960938 0.48339844 0.3359375  0.265625   0.26855469
 0.34472656 0.39941406 0.39257812 0.27539062 0.3203125  0.34667969
 0.35546875 0.25097656 0.296875   0.29101562 0.55371094 0.39453125
 0.24609375 0.29882812 0.2734375  0.25585938]
num_samples: 100
mae: 0.5166948662512004
mse: 0.3670168458518836
rmse: 0.6058191527608578
r-squared: -1.485415050022172
adj r-squared: -1.7039130763977473
best_epoch: 29
