epoch,batch,train_batch_loss
0,0,0.6260756254196167
0,1,0.729925811290741
0,2,0.7251508235931396
0,3,0.6744927167892456
0,4,0.8063617944717407
0,5,0.6737356781959534
0,6,0.8150731325149536
0,7,0.7633775472640991
0,8,0.6758918166160583
0,9,0.7151222229003906
0,10,0.6666490435600281
0,11,0.7040673494338989
0,12,0.6924084424972534
0,13,0.6890131831169128
0,14,0.6877331137657166
0,15,0.6893227696418762
0,16,0.691181480884552
0,17,0.6885751485824585
0,18,0.6947866678237915
0,19,0.6826785802841187
1,0,0.682494044303894
1,1,0.6926435232162476
1,2,0.6819361448287964
1,3,0.6978017091751099
1,4,0.6979547142982483
1,5,0.6908255815505981
1,6,0.7070662379264832
1,7,0.68584144115448
1,8,0.6771117448806763
1,9,0.6936893463134766
1,10,0.680317759513855
1,11,0.6815947890281677
1,12,0.6926870942115784
1,13,0.6923215985298157
1,14,0.6958775520324707
1,15,0.6899192929267883
1,16,0.6881154179573059
1,17,0.6795775294303894
1,18,0.6771012544631958
1,19,0.6850029230117798
2,0,0.6761906743049622
2,1,0.6878784894943237
2,2,0.6769720315933228
2,3,0.6794803142547607
2,4,0.6753908395767212
2,5,0.6752560138702393
2,6,0.6673896908760071
2,7,0.6755751967430115
2,8,0.6658226251602173
2,9,0.6796270608901978
2,10,0.669097363948822
2,11,0.6871486306190491
2,12,0.6975886821746826
2,13,0.6448025107383728
2,14,0.6834478974342346
2,15,0.7261351943016052
2,16,0.6794677376747131
2,17,0.692254900932312
2,18,0.7051539421081543
2,19,0.6749950647354126
3,0,0.6634476780891418
3,1,0.6744749546051025
3,2,0.6651303172111511
3,3,0.6773856282234192
3,4,0.6583899259567261
3,5,0.6871951818466187
3,6,0.649006724357605
3,7,0.6402594447135925
3,8,0.6535932421684265
3,9,0.6951830983161926
3,10,0.669501781463623
3,11,0.6567994952201843
3,12,0.6042390465736389
3,13,0.6429613828659058
3,14,0.7082011699676514
3,15,0.7529996633529663
3,16,0.7953088283538818
3,17,0.7648793458938599
3,18,0.661558985710144
3,19,0.642422616481781
4,0,0.6174590587615967
4,1,0.6511061787605286
4,2,0.6417308449745178
4,3,0.6625016927719116
4,4,0.6593768000602722
4,5,0.6471952795982361
4,6,0.6505697965621948
4,7,0.6502436399459839
4,8,0.645801842212677
4,9,0.661263108253479
4,10,0.6745826601982117
4,11,0.6454352140426636
4,12,0.6331971883773804
4,13,0.6226404905319214
4,14,0.6262803077697754
4,15,0.633345365524292
4,16,0.6674067378044128
4,17,0.6452805399894714
4,18,0.6575248837471008
4,19,0.6920791864395142
5,0,0.6471284627914429
5,1,0.6094163656234741
5,2,0.653957724571228
5,3,0.6250039339065552
5,4,0.6266346573829651
5,5,0.5581530928611755
5,6,0.6264582276344299
5,7,0.6660535335540771
5,8,0.6385976076126099
5,9,0.6541056036949158
5,10,0.6282743215560913
5,11,0.6694036722183228
5,12,0.6282091736793518
5,13,0.6593568325042725
5,14,0.6379702091217041
5,15,0.6428449153900146
5,16,0.6003683805465698
5,17,0.6499675512313843
5,18,0.6157364845275879
5,19,0.6276923418045044
6,0,0.6569586992263794
6,1,0.6292254328727722
6,2,0.5992490649223328
6,3,0.6455303430557251
6,4,0.5967355370521545
6,5,0.6076251864433289
6,6,0.5048533082008362
6,7,0.5777503848075867
6,8,0.7762853503227234
6,9,0.6453753709793091
6,10,0.6536216735839844
6,11,0.6111354827880859
6,12,0.5657960772514343
6,13,0.5856700539588928
6,14,0.6497229337692261
6,15,0.5717378854751587
6,16,0.5633946657180786
6,17,0.6067548990249634
6,18,0.5545818209648132
6,19,0.6439283490180969
7,0,0.5860787034034729
7,1,0.6554770469665527
7,2,0.5794637799263
7,3,0.6021304130554199
7,4,0.5804973840713501
7,5,0.5392953157424927
7,6,0.5394348502159119
7,7,0.5929973721504211
7,8,0.7141709327697754
7,9,0.608058512210846
7,10,0.4980195462703705
7,11,0.5494483709335327
7,12,0.6158254742622375
7,13,0.5536507964134216
7,14,0.5074261426925659
7,15,0.5804646611213684
7,16,0.6217663884162903
7,17,0.5871636271476746
7,18,0.5840083360671997
7,19,0.5377961993217468
8,0,0.591671347618103
8,1,0.5337709188461304
8,2,0.563564658164978
8,3,0.6213901042938232
8,4,0.5596601366996765
8,5,0.6623138189315796
8,6,0.5853182673454285
8,7,0.5429707765579224
8,8,0.5635122060775757
8,9,0.5448226928710938
8,10,0.5042942762374878
8,11,0.49583062529563904
8,12,0.5444514155387878
8,13,0.4951533377170563
8,14,0.5229253172874451
8,15,0.6281254291534424
8,16,0.6008928418159485
8,17,0.5296807289123535
8,18,0.4772401452064514
8,19,0.4801434874534607
9,0,0.5753535628318787
9,1,0.44102317094802856
9,2,0.47580695152282715
9,3,0.4982653558254242
9,4,0.4717080593109131
9,5,0.6224650144577026
9,6,0.5577592849731445
9,7,0.50624018907547
9,8,0.5654174089431763
9,9,0.45196279883384705
9,10,0.5608798265457153
9,11,0.5831724405288696
9,12,0.5022311806678772
9,13,0.5405033826828003
9,14,0.4055933952331543
9,15,0.4392033517360687
9,16,0.480294406414032
9,17,0.4705628454685211
9,18,0.5057703852653503
9,19,0.5568364858627319
10,0,0.42556828260421753
10,1,0.45931917428970337
10,2,0.5311068296432495
10,3,0.3849208950996399
10,4,0.5872458219528198
10,5,0.4987977147102356
10,6,0.5451633334159851
10,7,0.49376028776168823
10,8,0.3732932507991791
10,9,0.47248077392578125
10,10,0.3920569121837616
10,11,0.4407029151916504
10,12,0.538692831993103
10,13,0.5620607137680054
10,14,0.5184875130653381
10,15,0.5910118818283081
10,16,0.3167189061641693
10,17,0.4138715863227844
10,18,0.5088191032409668
10,19,0.41552606225013733
11,0,0.30136770009994507
11,1,0.387724906206131
11,2,0.4142560064792633
11,3,0.4327255189418793
11,4,0.6380100846290588
11,5,0.4628261923789978
11,6,0.4329319894313812
11,7,0.3220248818397522
11,8,0.44380155205726624
11,9,0.4166201949119568
11,10,0.5222635865211487
11,11,0.5193151235580444
11,12,0.6011573672294617
11,13,0.33475780487060547
11,14,0.41144776344299316
11,15,0.5180338621139526
11,16,0.38316312432289124
11,17,0.38285258412361145
11,18,0.4497125744819641
11,19,0.4775037169456482
12,0,0.3594014048576355
12,1,0.3711091876029968
12,2,0.6565830707550049
12,3,0.4469607472419739
12,4,0.41613903641700745
12,5,0.5207785367965698
12,6,0.38127461075782776
12,7,0.3514038324356079
12,8,0.27355384826660156
12,9,0.3584253787994385
12,10,0.4053581655025482
12,11,0.6240862607955933
12,12,0.259424090385437
12,13,0.3614397943019867
12,14,0.4054533839225769
12,15,0.323515385389328
12,16,0.4741523265838623
12,17,0.3123090863227844
12,18,0.5941348075866699
12,19,0.24983103573322296
13,0,0.43502870202064514
13,1,0.3339737355709076
13,2,0.28234973549842834
13,3,0.25782719254493713
13,4,0.3683474659919739
13,5,0.30939313769340515
13,6,0.39374810457229614
13,7,0.3688558042049408
13,8,0.30498406291007996
13,9,0.45855751633644104
13,10,0.36810293793678284
13,11,0.4228884279727936
13,12,0.45526018738746643
13,13,0.35725754499435425
13,14,0.3574841320514679
13,15,0.48938241600990295
13,16,0.6343808174133301
13,17,0.5105800628662109
13,18,0.30832093954086304
13,19,0.24842138588428497
14,0,0.5424681901931763
14,1,0.38599222898483276
14,2,0.3857704997062683
14,3,0.36229845881462097
14,4,0.3125920593738556
14,5,0.38774481415748596
14,6,0.38415101170539856
14,7,0.3228623867034912
14,8,0.2845182716846466
14,9,0.2172972708940506
14,10,0.3492395877838135
14,11,0.2539654076099396
14,12,0.5670451521873474
14,13,0.2906685471534729
14,14,0.49924811720848083
14,15,0.18040329217910767
14,16,0.35605135560035706
14,17,0.36391961574554443
14,18,0.4854254722595215
14,19,0.19432929158210754
15,0,0.24480538070201874
15,1,0.2961830198764801
15,2,0.46122097969055176
15,3,0.1684677004814148
15,4,0.3114616274833679
15,5,0.2162315547466278
15,6,0.28138768672943115
15,7,0.28626102209091187
15,8,0.585480272769928
15,9,0.3431125283241272
15,10,0.5091301798820496
15,11,0.5514003038406372
15,12,0.40153875946998596
15,13,0.2256493866443634
15,14,0.5065289735794067
15,15,0.5065740346908569
15,16,0.5482826232910156
15,17,0.330783873796463
15,18,0.3538476824760437
15,19,0.3300211429595947
16,0,0.2741016745567322
16,1,0.5212249755859375
16,2,0.23733572661876678
16,3,0.3214206099510193
16,4,0.3329307436943054
16,5,0.6766521334648132
16,6,0.4935874342918396
16,7,0.2874009311199188
16,8,0.26941370964050293
16,9,0.3014260530471802
16,10,0.37162819504737854
16,11,0.359245240688324
16,12,0.4984857439994812
16,13,0.39559274911880493
16,14,0.3606419861316681
16,15,0.14280596375465393
16,16,0.23100121319293976
16,17,0.44081011414527893
16,18,0.24018743634223938
16,19,0.41102275252342224
17,0,0.42926692962646484
17,1,0.3557501435279846
17,2,0.6144515872001648
17,3,0.5263559222221375
17,4,0.19303283095359802
17,5,0.28482621908187866
17,6,0.29874199628829956
17,7,0.3379874527454376
17,8,0.1974436640739441
17,9,0.16103605926036835
17,10,0.18947568535804749
17,11,0.24681492149829865
17,12,0.6371544599533081
17,13,0.5433956980705261
17,14,0.2388095110654831
17,15,0.19528038799762726
17,16,0.2562825679779053
17,17,0.22627432644367218
17,18,0.359395831823349
17,19,0.3803788721561432
18,0,0.2643701434135437
18,1,0.18444526195526123
18,2,0.12977102398872375
18,3,0.32411113381385803
18,4,0.264254629611969
18,5,0.2013062685728073
18,6,0.25613826513290405
18,7,0.36041921377182007
18,8,0.5261727571487427
18,9,0.3037280738353729
18,10,0.1734757274389267
18,11,0.7508827447891235
18,12,0.45864295959472656
18,13,0.33980995416641235
18,14,0.09816975891590118
18,15,0.303308367729187
18,16,0.39584922790527344
18,17,0.5168932676315308
18,18,0.1875554621219635
18,19,0.5276845693588257
19,0,0.20617327094078064
19,1,0.42755550146102905
19,2,0.35512980818748474
19,3,0.15510816872119904
19,4,0.4592053294181824
19,5,0.39254042506217957
19,6,0.29358744621276855
19,7,0.11887317895889282
19,8,0.6190575957298279
19,9,0.5811414122581482
19,10,0.43180227279663086
19,11,0.4817415177822113
19,12,0.35438305139541626
19,13,0.19470132887363434
19,14,0.22154107689857483
19,15,0.10925904661417007
19,16,0.22755248844623566
19,17,0.8036581873893738
19,18,0.20955434441566467
19,19,0.25169017910957336