y_true: [-0.65018821  0.53281015  0.49665552 -0.1984587   0.30947819 -0.24304697
 -0.03290847 -0.09715477 -0.1452079   0.87052011  0.374596   -0.11506206
 -0.32727876  0.2752631   0.21259516  0.17342159 -0.34828225  0.06260063
 -0.0344236   0.13040362  0.9176057  -0.62353426 -0.6736809   0.9054938
  0.20312536  0.21343169  0.1654294  -0.84784466 -0.28151184 -0.26691633
 -0.19216131 -0.53667438 -0.11245651  0.38323104 -0.12755869 -0.35350382
  0.33923489 -0.74991912  0.44715691 -0.39361614  0.03660766  0.36901128
  0.51410341 -0.34599361 -0.8176707   0.59257859  0.11401354  0.83219773
 -0.7777136  -0.78979379 -0.12351869 -0.01369487  0.13337448 -0.00933307
  0.42925584 -0.42058    -0.60312909  0.55884045 -0.13076673  0.22588012
  0.01613788  0.10222853  0.37742126 -0.65572703 -0.26911494  0.10164671
 -0.1739611   0.42433637 -0.29183999  0.21348637  0.49122152  0.15828159
 -0.85824412 -0.45555675  0.21682617 -0.29688942 -0.31875274 -0.68433672
  0.27176446 -0.15195391 -0.60094184  0.36716241  0.01092578 -0.04855493
  1.          0.05589242 -0.09750014  0.06800747 -0.32690504  0.3710416
  0.37066382 -0.24479263 -0.23817019 -1.         -0.73131692 -0.76803148
 -0.35190848 -0.11656986 -0.3688519   0.19657342]
y_pred: [-0.4708783   0.35882279  0.41236153 -0.30043909  0.4157486  -0.33266631
  0.04523529 -0.38670695 -0.35909504  0.6343087  -0.06886493 -0.04180869
 -0.60678649  0.26936844  0.25201771  0.18966244 -0.45740789  0.00372447
 -0.00658973 -0.13972138  0.39479691 -0.64812243 -0.58238018  0.46024898
  0.21999909  0.12763134 -0.14080477 -0.71367687 -0.31356838 -0.48450479
 -0.1324649  -0.49867776 -0.15123415  0.55111635 -0.3829312  -0.48517802
  0.37218368 -0.70009416  0.23673116 -0.57690036  0.10677335  0.45046455
  0.57592916 -0.41406325 -0.30497116  0.47700414 -0.27493951  0.68024349
 -0.6599198  -0.58236498 -0.23834266 -0.01619445  0.08632542 -0.20789404
  0.42244858 -0.58941364 -0.74109256  0.4462831  -0.17371161  0.23968141
  0.06263548  0.15658447  0.34543821 -0.6696595  -0.30257645 -0.04988225
 -0.51006109  0.44549343 -0.40376443  0.26771605  0.46427727  0.1755264
 -0.71942949 -0.60782653  0.15335624 -0.44867057 -0.49622914 -0.64462811
  0.32404658 -0.38520536 -0.70531291  0.38284647  0.03604724 -0.08535206
  0.57365084  0.23031063  0.04045504 -0.18680173 -0.431941    0.28884321
  0.36788458 -0.47622445 -0.08847692 -0.71874166 -0.68093777 -0.72657728
 -0.32929164 -0.1272881  -0.5284428   0.16867812]
num_samples: 100
mae: 0.12792277245782316
mse: 0.029868261963888695
rmse: 0.17282436739039056
r-squared: 0.8467688034904333
adj r-squared: 0.8403169636373988
best_epoch: 19
