y_true: [-0.65018821  0.53281015  0.49665552 -0.1984587   0.30947819 -0.24304697
 -0.03290847 -0.09715477 -0.1452079   0.87052011  0.374596   -0.11506206
 -0.32727876  0.2752631   0.21259516  0.17342159 -0.34828225  0.06260063
 -0.0344236   0.13040362  0.9176057  -0.62353426 -0.6736809   0.9054938
  0.20312536  0.21343169  0.1654294  -0.84784466 -0.28151184 -0.26691633
 -0.19216131 -0.53667438 -0.11245651  0.38323104 -0.12755869 -0.35350382
  0.33923489 -0.74991912  0.44715691 -0.39361614  0.03660766  0.36901128
  0.51410341 -0.34599361 -0.8176707   0.59257859  0.11401354  0.83219773
 -0.7777136  -0.78979379 -0.12351869 -0.01369487  0.13337448 -0.00933307
  0.42925584 -0.42058    -0.60312909  0.55884045 -0.13076673  0.22588012
  0.01613788  0.10222853  0.37742126 -0.65572703 -0.26911494  0.10164671
 -0.1739611   0.42433637 -0.29183999  0.21348637  0.49122152  0.15828159
 -0.85824412 -0.45555675  0.21682617 -0.29688942 -0.31875274 -0.68433672
  0.27176446 -0.15195391 -0.60094184  0.36716241  0.01092578 -0.04855493
  1.          0.05589242 -0.09750014  0.06800747 -0.32690504  0.3710416
  0.37066382 -0.24479263 -0.23817019 -1.         -0.73131692 -0.76803148
 -0.35190848 -0.11656986 -0.3688519   0.19657342]
y_pred: [-0.4428803   0.43028957  0.38361993 -0.21076895  0.46537641 -0.19499646
 -0.01424556 -0.21206838 -0.0236771   0.63985103  0.19043076  0.01017723
 -0.41432858  0.22748032  0.33884642  0.37932941 -0.47146952  0.15557237
  0.06878767 -0.04704076  0.52070946 -0.58592528 -0.54746366  0.53823274
  0.31186187  0.22261389  0.05467257 -0.70641303 -0.27863216 -0.18087673
 -0.01925129 -0.46773803 -0.02410118  0.567352   -0.26985273 -0.39348015
  0.42719212 -0.69782776  0.38957819 -0.49149963  0.02980184  0.51005208
  0.65120918 -0.34626937 -0.27470729  0.56757432 -0.0880947   0.74513561
 -0.65112442 -0.6024636  -0.09756307  0.02394543  0.18572134  0.04294607
  0.5215435  -0.5053553  -0.66736186  0.5327782  -0.11208491  0.22684154
  0.1283718   0.262528    0.41075838 -0.62533218 -0.32494584  0.02002865
 -0.35190693  0.38749674 -0.32673848  0.33777276  0.59240299  0.25304073
 -0.68853056 -0.56799048  0.32514957 -0.24671742 -0.47422767 -0.54941273
  0.35362229 -0.16832738 -0.63399655  0.57556355  0.08233348  0.04241888
  0.72195399  0.23826542  0.09786843  0.01433453 -0.37305298  0.52194583
  0.38266879 -0.29200569 -0.1786422  -0.72931665 -0.64475077 -0.69613975
 -0.31083804 -0.05526054 -0.43604642  0.32403392]
num_samples: 100
mae: 0.10716903062537313
mse: 0.018798741841431793
rmse: 0.13710850389903537
r-squared: 0.9035580406814533
adj r-squared: 0.8994973266048829
