epoch,batch,train_batch_loss
0,0,0.42200034856796265
0,1,0.2443438321352005
0,2,0.1341887265443802
0,3,0.2347346544265747
0,4,0.053811341524124146
0,5,0.32128429412841797
0,6,0.21555638313293457
0,7,0.24829678237438202
0,8,0.182770237326622
0,9,0.18372249603271484
1,0,0.11791938543319702
1,1,0.20934899151325226
1,2,0.23441238701343536
1,3,0.08962257206439972
1,4,0.24093003571033478
1,5,0.09927545487880707
1,6,0.09685073792934418
1,7,0.26613879203796387
1,8,0.17602288722991943
1,9,0.26514968276023865
2,0,0.09315374493598938
2,1,0.09489922225475311
2,2,0.15705054998397827
2,3,0.17885421216487885
2,4,0.21449224650859833
2,5,0.19887958467006683
2,6,0.12624642252922058
2,7,0.17835019528865814
2,8,0.12104711681604385
2,9,0.33634981513023376
3,0,0.09012052416801453
3,1,0.09296086430549622
3,2,0.20616209506988525
3,3,0.1872539520263672
3,4,0.10800355672836304
3,5,0.1651506870985031
3,6,0.15214984118938446
3,7,0.17981687188148499
3,8,0.17008230090141296
3,9,0.15132278203964233
4,0,0.0847974345088005
4,1,0.14171713590621948
4,2,0.24582989513874054
4,3,0.1108265072107315
4,4,0.22028033435344696
4,5,0.08474656194448471
4,6,0.1410548985004425
4,7,0.09081165492534637
4,8,0.16472658514976501
4,9,0.09252191334962845
5,0,0.10391516983509064
5,1,0.15488603711128235
5,2,0.1441958248615265
5,3,0.09167511016130447
5,4,0.059529293328523636
5,5,0.1118863970041275
5,6,0.10856062173843384
5,7,0.11961422115564346
5,8,0.15197746455669403
5,9,0.13548842072486877
6,0,0.05274330452084541
6,1,0.09849649667739868
6,2,0.10720481723546982
6,3,0.1166926845908165
6,4,0.05376793071627617
6,5,0.12131421267986298
6,6,0.027020413428544998
6,7,0.0916004553437233
6,8,0.07708515226840973
6,9,0.2105291336774826
7,0,0.058133043348789215
7,1,0.07483760267496109
7,2,0.1488417237997055
7,3,0.04527045041322708
7,4,0.0707215890288353
7,5,0.08753550052642822
7,6,0.06934594362974167
7,7,0.07242301106452942
7,8,0.0781707912683487
7,9,0.044740013778209686
8,0,0.08032169193029404
8,1,0.02886015549302101
8,2,0.04860991612076759
8,3,0.16383109986782074
8,4,0.05830135941505432
8,5,0.08889327198266983
8,6,0.04685097932815552
8,7,0.022130917757749557
8,8,0.021021723747253418
8,9,0.02261737734079361
9,0,0.041689127683639526
9,1,0.03913514316082001
9,2,0.014451605267822742
9,3,0.06207258254289627
9,4,0.0328361913561821
9,5,0.03430633991956711
9,6,0.016869626939296722
9,7,0.010758140124380589
9,8,0.040589574724435806
9,9,0.1389540135860443
10,0,0.03154509514570236
10,1,0.060440994799137115
10,2,0.02795889973640442
10,3,0.04821472615003586
10,4,0.04149682819843292
10,5,0.030342360958456993
10,6,0.045668572187423706
10,7,0.07610870897769928
10,8,0.013060415163636208
10,9,0.03076852858066559
11,0,0.03733207657933235
11,1,0.022947948426008224
11,2,0.019997578114271164
11,3,0.030104825273156166
11,4,0.01944403164088726
11,5,0.043564874678850174
11,6,0.03572884202003479
11,7,0.04437200352549553
11,8,0.11888132989406586
11,9,0.007662543561309576
12,0,0.044946398586034775
12,1,0.04243374243378639
12,2,0.05662425234913826
12,3,0.013372331857681274
12,4,0.024404127150774002
12,5,0.03846054524183273
12,6,0.09539511054754257
12,7,0.03811522200703621
12,8,0.012383882887661457
12,9,0.01631348952651024
13,0,0.04534084349870682
13,1,0.026175420731306076
13,2,0.036665648221969604
13,3,0.07900793105363846
13,4,0.055783845484256744
13,5,0.030759338289499283
13,6,0.01662205159664154
13,7,0.004950360395014286
13,8,0.03277749568223953
13,9,0.03753497824072838
14,0,0.04248548671603203
14,1,0.010515628382563591
14,2,0.0171371940523386
14,3,0.03928254172205925
14,4,0.030177343636751175
14,5,0.015931125730276108
14,6,0.08918693661689758
14,7,0.042957603931427
14,8,0.024933692067861557
14,9,0.043646104633808136
15,0,0.013604199513792992
15,1,0.017743533477187157
15,2,0.012680756859481335
15,3,0.06121497228741646
15,4,0.05564328283071518
15,5,0.020954051986336708
15,6,0.052841879427433014
15,7,0.033497586846351624
15,8,0.026612330228090286
15,9,0.0542612187564373
16,0,0.0432463064789772
16,1,0.0319804809987545
16,2,0.02539907768368721
16,3,0.05515937879681587
16,4,0.020603718236088753
16,5,0.012105554342269897
16,6,0.011323930695652962
16,7,0.015457922592759132
16,8,0.04807275906205177
16,9,0.03835052624344826
17,0,0.02009345218539238
17,1,0.027055466547608376
17,2,0.04412969946861267
17,3,0.024441204965114594
17,4,0.017846835777163506
17,5,0.05196607857942581
17,6,0.0684504583477974
17,7,0.009104199707508087
17,8,0.016502363607287407
17,9,0.015561273321509361
18,0,0.013681848533451557
18,1,0.011791559867560863
18,2,0.04678454250097275
18,3,0.06667812913656235
18,4,0.01488256175071001
18,5,0.04612119123339653
18,6,0.031970441341400146
18,7,0.00754817109555006
18,8,0.035550251603126526
18,9,0.03729696199297905
19,0,0.03638878092169762
19,1,0.015560786239802837
19,2,0.03648732230067253
19,3,0.11863914877176285
19,4,0.03564177826046944
19,5,0.011113854125142097
19,6,0.01355583406984806
19,7,0.008052398450672626
19,8,0.026030343025922775
19,9,0.057510294020175934
20,0,0.01314769871532917
20,1,0.03910510241985321
20,2,0.024585377424955368
20,3,0.011601913720369339
20,4,0.029506247490644455
20,5,0.03251239284873009
20,6,0.021471882238984108
20,7,0.030159970745444298
20,8,0.023961752653121948
20,9,0.02696942910552025
21,0,0.036223478615283966
21,1,0.026411229744553566
21,2,0.01100411731749773
21,3,0.0273854099214077
21,4,0.023661546409130096
21,5,0.04452284425497055
21,6,0.026182051748037338
21,7,0.009895124472677708
21,8,0.023723294958472252
21,9,0.02871725521981716
22,0,0.04849475249648094
22,1,0.015298308804631233
22,2,0.015827087685465813
22,3,0.043647926300764084
22,4,0.01968545839190483
22,5,0.019315358251333237
22,6,0.027528446167707443
22,7,0.007167729549109936
22,8,0.025731544941663742
22,9,0.010441952385008335
23,0,0.01422281563282013
23,1,0.026154395192861557
23,2,0.024860519915819168
23,3,0.037560828030109406
23,4,0.019129466265439987
23,5,0.030425170436501503
23,6,0.022895369678735733
23,7,0.028437118977308273
23,8,0.016397757455706596
23,9,0.0051535130478441715
24,0,0.02235705778002739
24,1,0.00863325409591198
24,2,0.013238090090453625
24,3,0.024390652775764465
24,4,0.01633264683187008
24,5,0.0424632765352726
24,6,0.022704672068357468
24,7,0.01815401390194893
24,8,0.02991136536002159
24,9,0.02772524580359459
25,0,0.014605199918150902
25,1,0.04407120123505592
25,2,0.006798881106078625
25,3,0.02076270990073681
25,4,0.01420341432094574
25,5,0.05322124436497688
25,6,0.025577833876013756
25,7,0.017293592914938927
25,8,0.008411454036831856
25,9,0.01039174571633339
26,0,0.012518569827079773
26,1,0.018842019140720367
26,2,0.02642427384853363
26,3,0.018315346911549568
26,4,0.009926801547408104
26,5,0.02740820311009884
26,6,0.019898248836398125
26,7,0.03340178355574608
26,8,0.024135593324899673
26,9,0.03607593849301338
27,0,0.018081864342093468
27,1,0.011268721893429756
27,2,0.011012534610927105
27,3,0.022679785266518593
27,4,0.013666048645973206
27,5,0.01088815275579691
27,6,0.013046102598309517
27,7,0.039327189326286316
27,8,0.02051793783903122
27,9,0.027965599671006203
28,0,0.02189139649271965
28,1,0.024793386459350586
28,2,0.05925868824124336
28,3,0.010781330987811089
28,4,0.005471573211252689
28,5,0.007283580955117941
28,6,0.015528847463428974
28,7,0.024375107139348984
28,8,0.00917089730501175
28,9,0.00941420253366232
29,0,0.01673821359872818
29,1,0.014010409824550152
29,2,0.012643923051655293
29,3,0.003803850617259741
29,4,0.015930291265249252
29,5,0.032661035656929016
29,6,0.022568095475435257
29,7,0.016286980360746384
29,8,0.01425081305205822
29,9,0.0246281735599041