y_true: [-0.09306899 -0.27258253  0.16008958 -0.21116664  0.43398401 -0.47863573
  0.13426128  0.4431476   0.03394356 -0.66466618 -0.90634233 -0.45854884
  0.14801385 -0.60822886 -0.3242591  -0.41356704  0.07069704 -0.14115196
  0.10566022 -0.31720424  0.31918573  0.12998202  0.18358937 -0.52108032
  0.14270498 -0.47245744  1.         -0.2601712   0.28752375 -0.50259739
 -0.25498039 -0.44466028 -0.36699945 -0.20722339  0.19620712  0.28771925
  0.10925925  0.18319859  0.14105712  0.08759619 -0.5333789  -0.27776584
  0.35615945  0.71544284  0.10306858 -0.28524476  0.41363949 -0.27164999
 -0.78121418 -0.14312677 -0.13701206  0.28922158 -0.16102125  0.03250793
 -0.17595549 -0.22449546 -0.36383826 -0.44776741 -0.5605303  -0.36122587
 -0.92949069 -0.2962257  -0.30238786  0.31293711 -0.5221343  -0.51151502
 -0.04999832 -0.57095283 -0.15971498 -0.41722029 -0.30357891  0.41096601
 -0.89337683 -0.11942037  0.07071843 -0.6897741  -0.21217309 -0.16200756
 -0.24971506 -0.62025106  0.52128953 -0.12497903 -1.         -0.48076969
  0.53718424  0.1669915   0.20092726 -0.25984648 -0.06745447 -0.49520519
 -0.58735007  0.4650262  -0.58803445 -0.02626549  0.4374218  -0.15792395
 -0.15446329  0.09326684 -0.38089329 -0.714634  ]
y_pred: [-4.67226431e-02 -3.85439992e-01  1.00604534e-01 -5.02112746e-01
  2.70280242e-01 -4.66448873e-01  2.93388814e-01 -1.46429166e-01
  2.69316643e-01 -5.67830205e-01 -4.68220800e-01 -4.28052604e-01
  1.67541027e-01 -3.12677443e-01 -3.74003798e-01 -4.65968162e-01
  1.03746213e-01  7.47709647e-02  1.18309848e-01 -1.40070915e-01
  4.58893403e-02 -1.50063843e-01  3.21631491e-01 -3.35516542e-01
  1.87986419e-01 -5.04067719e-01  4.14413780e-01 -3.12870234e-01
  8.85196105e-02 -2.19284505e-01 -2.56008580e-02 -3.06837052e-01
 -1.50604531e-01 -3.30222726e-01  1.04258440e-01  1.94768414e-01
 -1.00684434e-01  2.01885104e-01 -4.62209620e-02  2.21630689e-02
 -2.76200384e-01 -1.48393035e-01  1.16067216e-01  1.12566659e-02
 -1.18835397e-01 -2.08418727e-01  1.03942439e-01 -5.75322174e-02
 -3.55309188e-01 -1.72332898e-01 -3.82665575e-01  3.60475302e-01
 -3.16841155e-01 -2.89246500e-01 -1.23624168e-02 -2.84049302e-01
 -2.19373018e-01 -2.66065598e-01 -4.66288954e-01 -3.05386394e-01
 -4.95883405e-01 -5.14994860e-01 -1.65876940e-01  1.48608088e-01
 -4.60306823e-01 -4.16382253e-01 -1.88346207e-01 -4.45642561e-01
 -5.18841147e-01 -3.38271022e-01 -3.45056385e-01  2.80259907e-01
 -5.26641428e-01 -3.80780935e-01  5.51491918e-04 -2.96511620e-01
 -1.70651004e-01 -3.52234304e-01 -2.68638432e-01 -3.10517967e-01
  3.86083350e-02 -9.11040697e-03 -4.06313390e-01 -4.69838470e-01
  1.23080658e-02 -1.49846256e-01  6.38257787e-02 -2.99487561e-01
  4.16386947e-02 -4.30209666e-01 -2.70483047e-01  2.71271348e-01
 -3.33193123e-01  3.17144692e-02 -8.42363834e-02  1.45243168e-01
 -1.54410809e-01 -4.86030698e-01 -3.48551929e-01 -2.81985730e-01]
num_samples: 100
mae: 0.19365023729449604
mse: 0.06232727137255994
rmse: 0.24965430373330225
r-squared: 0.5779236292638923
adj r-squared: 0.5408180142541246
best_epoch: 27
