y_true: [-0.09306899 -0.27258253  0.16008958 -0.21116664  0.43398401 -0.47863573
  0.13426128  0.4431476   0.03394356 -0.66466618 -0.90634233 -0.45854884
  0.14801385 -0.60822886 -0.3242591  -0.41356704  0.07069704 -0.14115196
  0.10566022 -0.31720424  0.31918573  0.12998202  0.18358937 -0.52108032
  0.14270498 -0.47245744  1.         -0.2601712   0.28752375 -0.50259739
 -0.25498039 -0.44466028 -0.36699945 -0.20722339  0.19620712  0.28771925
  0.10925925  0.18319859  0.14105712  0.08759619 -0.5333789  -0.27776584
  0.35615945  0.71544284  0.10306858 -0.28524476  0.41363949 -0.27164999
 -0.78121418 -0.14312677 -0.13701206  0.28922158 -0.16102125  0.03250793
 -0.17595549 -0.22449546 -0.36383826 -0.44776741 -0.5605303  -0.36122587
 -0.92949069 -0.2962257  -0.30238786  0.31293711 -0.5221343  -0.51151502
 -0.04999832 -0.57095283 -0.15971498 -0.41722029 -0.30357891  0.41096601
 -0.89337683 -0.11942037  0.07071843 -0.6897741  -0.21217309 -0.16200756
 -0.24971506 -0.62025106  0.52128953 -0.12497903 -1.         -0.48076969
  0.53718424  0.1669915   0.20092726 -0.25984648 -0.06745447 -0.49520519
 -0.58735007  0.4650262  -0.58803445 -0.02626549  0.4374218  -0.15792395
 -0.15446329  0.09326684 -0.38089329 -0.714634  ]
y_pred: [-0.03135196 -0.34466186  0.20421748 -0.45125502  0.32475093 -0.43818071
  0.39870647 -0.04320473  0.39565173 -0.54230648 -0.3290793  -0.34137386
  0.25446311 -0.22362956 -0.29889584 -0.40845644  0.17329732  0.06898472
  0.2272549  -0.18710536  0.04343287 -0.01012423  0.40114269 -0.24049491
  0.17833646 -0.40633056  0.48881269 -0.32743698  0.19268474 -0.19403145
  0.09734837 -0.26443261 -0.1123744  -0.29953319  0.20684727  0.28996703
  0.0167538   0.30392396  0.02981624  0.0892332  -0.29768535 -0.11022425
  0.20030463  0.04059793 -0.05944175 -0.14770441  0.1506613  -0.01145221
 -0.40780291  0.03702258 -0.18702227  0.50089252 -0.29969722 -0.18908362
  0.18055151 -0.22269829 -0.08109861 -0.16635832 -0.38466436 -0.29216242
 -0.48543614 -0.45928791 -0.14029551  0.29089704 -0.37028363 -0.35457256
 -0.13223587 -0.34226507 -0.43626928 -0.32692903 -0.2828263   0.34351072
 -0.4859176  -0.27801007 -0.05488942 -0.23635441 -0.08405136 -0.36804375
 -0.17151543 -0.31939292  0.08625542 -0.01675363 -0.39072266 -0.40694323
  0.11182307 -0.06601118  0.16429108 -0.24139252  0.04903959 -0.27329066
 -0.3027409   0.33484691 -0.22471745  0.10567693 -0.01818284  0.20384589
 -0.05557501 -0.38486063 -0.30083233 -0.20229757]
num_samples: 100
mae: 0.20098486949689687
mse: 0.06331091740057267
rmse: 0.25161660795856194
r-squared: 0.5712624400853878
adj r-squared: 0.5335712260269605
