y_true: [-0.65018821  0.53281015  0.49665552 -0.1984587   0.30947819 -0.24304697
 -0.03290847 -0.09715477 -0.1452079   0.87052011  0.374596   -0.11506206
 -0.32727876  0.2752631   0.21259516  0.17342159 -0.34828225  0.06260063
 -0.0344236   0.13040362  0.9176057  -0.62353426 -0.6736809   0.9054938
  0.20312536  0.21343169  0.1654294  -0.84784466 -0.28151184 -0.26691633
 -0.19216131 -0.53667438 -0.11245651  0.38323104 -0.12755869 -0.35350382
  0.33923489 -0.74991912  0.44715691 -0.39361614  0.03660766  0.36901128
  0.51410341 -0.34599361 -0.8176707   0.59257859  0.11401354  0.83219773
 -0.7777136  -0.78979379 -0.12351869 -0.01369487  0.13337448 -0.00933307
  0.42925584 -0.42058    -0.60312909  0.55884045 -0.13076673  0.22588012
  0.01613788  0.10222853  0.37742126 -0.65572703 -0.26911494  0.10164671
 -0.1739611   0.42433637 -0.29183999  0.21348637  0.49122152  0.15828159
 -0.85824412 -0.45555675  0.21682617 -0.29688942 -0.31875274 -0.68433672
  0.27176446 -0.15195391 -0.60094184  0.36716241  0.01092578 -0.04855493
  1.          0.05589242 -0.09750014  0.06800747 -0.32690504  0.3710416
  0.37066382 -0.24479263 -0.23817019 -1.         -0.73131692 -0.76803148
 -0.35190848 -0.11656986 -0.3688519   0.19657342]
y_pred: [0.22265625 0.46777344 0.52832031 0.1484375  0.20898438 0.15234375
 0.21875    0.30664062 0.3046875  0.453125   0.46875    0.12988281
 0.28027344 0.52539062 0.16210938 0.15527344 0.17382812 0.21484375
 0.15039062 0.34375    0.52539062 0.125      0.15429688 0.15722656
 0.24511719 0.39355469 0.35742188 0.16894531 0.14453125 0.19824219
 0.375      0.28027344 0.21777344 0.17578125 0.27734375 0.17675781
 0.17480469 0.19628906 0.31445312 0.16113281 0.24414062 0.33789062
 0.23535156 0.31152344 0.27832031 0.25683594 0.44335938 0.31152344
 0.17578125 0.46972656 0.22851562 0.17871094 0.31738281 0.18261719
 0.31542969 0.23632812 0.20898438 0.19238281 0.18066406 0.29882812
 0.25683594 0.31054688 0.23144531 0.17089844 0.17773438 0.17871094
 0.33105469 0.28320312 0.25390625 0.18554688 0.25585938 0.15625
 0.13574219 0.19824219 0.23339844 0.15039062 0.39453125 0.14746094
 0.48632812 0.3671875  0.15429688 0.17578125 0.18066406 0.18457031
 0.234375   0.265625   0.17089844 0.27246094 0.1328125  0.23535156
 0.5078125  0.2109375  0.55371094 0.14941406 0.25488281 0.12402344
 0.26367188 0.20898438 0.18945312 0.2890625 ]
num_samples: 100
mae: 0.4148155150003731
mse: 0.2633224499819576
rmse: 0.513149539590515
r-squared: -0.35090599270050893
adj r-squared: -0.4077862450247407
best_epoch: 26
