y_true: [-0.65018821  0.53281015  0.49665552 -0.1984587   0.30947819 -0.24304697
 -0.03290847 -0.09715477 -0.1452079   0.87052011  0.374596   -0.11506206
 -0.32727876  0.2752631   0.21259516  0.17342159 -0.34828225  0.06260063
 -0.0344236   0.13040362  0.9176057  -0.62353426 -0.6736809   0.9054938
  0.20312536  0.21343169  0.1654294  -0.84784466 -0.28151184 -0.26691633
 -0.19216131 -0.53667438 -0.11245651  0.38323104 -0.12755869 -0.35350382
  0.33923489 -0.74991912  0.44715691 -0.39361614  0.03660766  0.36901128
  0.51410341 -0.34599361 -0.8176707   0.59257859  0.11401354  0.83219773
 -0.7777136  -0.78979379 -0.12351869 -0.01369487  0.13337448 -0.00933307
  0.42925584 -0.42058    -0.60312909  0.55884045 -0.13076673  0.22588012
  0.01613788  0.10222853  0.37742126 -0.65572703 -0.26911494  0.10164671
 -0.1739611   0.42433637 -0.29183999  0.21348637  0.49122152  0.15828159
 -0.85824412 -0.45555675  0.21682617 -0.29688942 -0.31875274 -0.68433672
  0.27176446 -0.15195391 -0.60094184  0.36716241  0.01092578 -0.04855493
  1.          0.05589242 -0.09750014  0.06800747 -0.32690504  0.3710416
  0.37066382 -0.24479263 -0.23817019 -1.         -0.73131692 -0.76803148
 -0.35190848 -0.11656986 -0.3688519   0.19657342]
y_pred: [0.21386719 0.46972656 0.50488281 0.15429688 0.21777344 0.14746094
 0.20214844 0.29199219 0.31835938 0.43261719 0.46484375 0.13183594
 0.28613281 0.55664062 0.16308594 0.15722656 0.16210938 0.20507812
 0.14550781 0.33300781 0.51074219 0.125      0.13769531 0.15820312
 0.24707031 0.39746094 0.36523438 0.16894531 0.17480469 0.15917969
 0.37988281 0.25488281 0.23339844 0.19921875 0.26367188 0.17382812
 0.16894531 0.19824219 0.30371094 0.1796875  0.21289062 0.328125
 0.24414062 0.30761719 0.30664062 0.28125    0.42871094 0.30859375
 0.16113281 0.45605469 0.26660156 0.18457031 0.36621094 0.16210938
 0.31738281 0.24707031 0.20605469 0.17773438 0.19824219 0.34277344
 0.21875    0.30859375 0.23242188 0.18164062 0.18359375 0.19824219
 0.31542969 0.26367188 0.21679688 0.15820312 0.27441406 0.14746094
 0.14648438 0.18847656 0.20996094 0.12597656 0.35351562 0.1328125
 0.47167969 0.37109375 0.17285156 0.16503906 0.19140625 0.18652344
 0.23535156 0.25097656 0.16601562 0.28222656 0.12890625 0.21582031
 0.49121094 0.20019531 0.55957031 0.11035156 0.26171875 0.12011719
 0.26269531 0.22167969 0.1640625  0.31542969]
num_samples: 100
mae: 0.41397625716403125
mse: 0.26119451489864015
rmse: 0.5110719273239728
r-squared: -0.3399891861147881
adj r-squared: -0.3964097834248843
