epoch,batch,train_batch_loss
0,0,1.0389413833618164
0,1,1.0846612453460693
0,2,0.8911590576171875
0,3,0.6423285603523254
0,4,0.9399712681770325
0,5,0.7843025922775269
0,6,0.7541695833206177
0,7,0.6964830160140991
0,8,0.6916285753250122
0,9,0.7305399179458618
0,10,0.6556105017662048
0,11,0.769686758518219
0,12,0.6104251742362976
0,13,0.7293233871459961
0,14,0.4972359240055084
0,15,0.5404692888259888
0,16,0.7035247087478638
0,17,0.8821767568588257
0,18,0.7458574175834656
0,19,0.6362063884735107
1,0,0.6459170579910278
1,1,0.7242906093597412
1,2,0.6298640966415405
1,3,0.7499722242355347
1,4,0.6697554588317871
1,5,0.6107555627822876
1,6,0.6832187175750732
1,7,0.5823191404342651
1,8,0.6403687596321106
1,9,0.633203387260437
1,10,0.66887366771698
1,11,0.5331743359565735
1,12,0.6168330907821655
1,13,0.585910975933075
1,14,0.6220188736915588
1,15,0.595103919506073
1,16,0.5594410300254822
1,17,0.6713927984237671
1,18,0.5723598003387451
1,19,0.5991641283035278
2,0,0.5884132385253906
2,1,0.6035313010215759
2,2,0.6370848417282104
2,3,0.5976229310035706
2,4,0.5776478052139282
2,5,0.5693908929824829
2,6,0.570337176322937
2,7,0.6128835678100586
2,8,0.6042202711105347
2,9,0.5861815214157104
2,10,0.5801907777786255
2,11,0.6123979687690735
2,12,0.5813575983047485
2,13,0.6522741913795471
2,14,0.5390554070472717
2,15,0.5760971903800964
2,16,0.5583349466323853
2,17,0.5689405202865601
2,18,0.5318845510482788
2,19,0.6100509166717529
3,0,0.5785576105117798
3,1,0.6212195754051208
3,2,0.5729163885116577
3,3,0.6369816064834595
3,4,0.5951315760612488
3,5,0.5836279988288879
3,6,0.5692275166511536
3,7,0.5896973013877869
3,8,0.5457948446273804
3,9,0.5752671957015991
3,10,0.5664865970611572
3,11,0.553674042224884
3,12,0.5202974081039429
3,13,0.6207637786865234
3,14,0.5376682281494141
3,15,0.5719826221466064
3,16,0.5611162781715393
3,17,0.5008883476257324
3,18,0.5037539005279541
3,19,0.5776286125183105
4,0,0.5715786218643188
4,1,0.5707682967185974
4,2,0.6071392297744751
4,3,0.5686669945716858
4,4,0.5539196729660034
4,5,0.5598173141479492
4,6,0.5245159268379211
4,7,0.6071888208389282
4,8,0.5134242177009583
4,9,0.5539255738258362
4,10,0.5190277695655823
4,11,0.5828038454055786
4,12,0.5387190580368042
4,13,0.5602800250053406
4,14,0.49982818961143494
4,15,0.5925043821334839
4,16,0.6454905867576599
4,17,0.5434704422950745
4,18,0.635081946849823
4,19,0.47909584641456604
5,0,0.5073825120925903
5,1,0.5968878865242004
5,2,0.5445103645324707
5,3,0.5808833837509155
5,4,0.5360537171363831
5,5,0.5180562138557434
5,6,0.5058820843696594
5,7,0.5284956693649292
5,8,0.5399300456047058
5,9,0.5306040048599243
5,10,0.5174520611763
5,11,0.6086026430130005
5,12,0.5123708248138428
5,13,0.5654282569885254
5,14,0.6555319428443909
5,15,0.5649743676185608
5,16,0.6342943906784058
5,17,0.5464445352554321
5,18,0.5605872869491577
5,19,0.623064398765564
6,0,0.5389096140861511
6,1,0.6255067586898804
6,2,0.5005992650985718
6,3,0.6305854916572571
6,4,0.5242949724197388
6,5,0.5750767588615417
6,6,0.596828818321228
6,7,0.5585529208183289
6,8,0.5779397487640381
6,9,0.48457226157188416
6,10,0.5811343193054199
6,11,0.5650882124900818
6,12,0.5600775480270386
6,13,0.5256565809249878
6,14,0.4986860752105713
6,15,0.510917603969574
6,16,0.53943932056427
6,17,0.5882835984230042
6,18,0.5727487206459045
6,19,0.604428231716156
7,0,0.5935230255126953
7,1,0.4944520592689514
7,2,0.5385299324989319
7,3,0.6428714990615845
7,4,0.5741131901741028
7,5,0.4969269633293152
7,6,0.5174784660339355
7,7,0.49550142884254456
7,8,0.5114344358444214
7,9,0.573874831199646
7,10,0.5505338311195374
7,11,0.5016253590583801
7,12,0.5223098993301392
7,13,0.5035824775695801
7,14,0.577800452709198
7,15,0.7096088528633118
7,16,0.5675054788589478
7,17,0.48787155747413635
7,18,0.6464007496833801
7,19,0.5269920825958252
8,0,0.5277904272079468
8,1,0.5036773681640625
8,2,0.6387308239936829
8,3,0.6460562944412231
8,4,0.46824708580970764
8,5,0.5825997591018677
8,6,0.4926227629184723
8,7,0.5387893319129944
8,8,0.48564377427101135
8,9,0.5741842985153198
8,10,0.5528010129928589
8,11,0.5206719636917114
8,12,0.5618664026260376
8,13,0.6666337251663208
8,14,0.5761182904243469
8,15,0.5330144166946411
8,16,0.5062655210494995
8,17,0.4856284260749817
8,18,0.6368718147277832
8,19,0.4996492266654968
9,0,0.490264356136322
9,1,0.6274183988571167
9,2,0.644874095916748
9,3,0.517477810382843
9,4,0.5031185150146484
9,5,0.5487798452377319
9,6,0.5545291900634766
9,7,0.4840637147426605
9,8,0.4826622009277344
9,9,0.5371366143226624
9,10,0.5425899624824524
9,11,0.49793821573257446
9,12,0.6166990399360657
9,13,0.589908242225647
9,14,0.5173805952072144
9,15,0.5307450890541077
9,16,0.5340374112129211
9,17,0.4864324927330017
9,18,0.5313926935195923
9,19,0.6012899279594421
10,0,0.5767710208892822
10,1,0.5509414672851562
10,2,0.5644248723983765
10,3,0.5197033286094666
10,4,0.5372704267501831
10,5,0.49371713399887085
10,6,0.6187659502029419
10,7,0.5563503503799438
10,8,0.5609191656112671
10,9,0.4635106921195984
10,10,0.5215703845024109
10,11,0.5147442817687988
10,12,0.6423391103744507
10,13,0.5535165667533875
10,14,0.5362624526023865
10,15,0.5171845555305481
10,16,0.44743871688842773
10,17,0.47092264890670776
10,18,0.556563675403595
10,19,0.5202641487121582
11,0,0.5433316230773926
11,1,0.5512335896492004
11,2,0.5392543077468872
11,3,0.5778818130493164
11,4,0.5112637281417847
11,5,0.4722312390804291
11,6,0.5138071775436401
11,7,0.6318874955177307
11,8,0.5528474450111389
11,9,0.46771031618118286
11,10,0.5167104601860046
11,11,0.540199875831604
11,12,0.4499188959598541
11,13,0.5156973600387573
11,14,0.5643407702445984
11,15,0.5232377648353577
11,16,0.6481042504310608
11,17,0.5050127506256104
11,18,0.5314521789550781
11,19,0.5644904375076294
12,0,0.4676002860069275
12,1,0.6287233829498291
12,2,0.5718503594398499
12,3,0.4034852087497711
12,4,0.5940395593643188
12,5,0.452695369720459
12,6,0.5732218623161316
12,7,0.4127698540687561
12,8,0.5807521939277649
12,9,0.5154322981834412
12,10,0.5687717199325562
12,11,0.49349603056907654
12,12,0.5266019105911255
12,13,0.510327935218811
12,14,0.5513777136802673
12,15,0.5748239755630493
12,16,0.5315396189689636
12,17,0.539010226726532
12,18,0.5261857509613037
12,19,0.528411328792572
13,0,0.5356744527816772
13,1,0.5117999315261841
13,2,0.5700109601020813
13,3,0.5087961554527283
13,4,0.40161484479904175
13,5,0.42550206184387207
13,6,0.5080636739730835
13,7,0.5374621152877808
13,8,0.47027748823165894
13,9,0.46384891867637634
13,10,0.6081006526947021
13,11,0.6436590552330017
13,12,0.5164646506309509
13,13,0.5031126737594604
13,14,0.4886553883552551
13,15,0.5194502472877502
13,16,0.5808305740356445
13,17,0.5464884638786316
13,18,0.6290745139122009
13,19,0.5115949511528015
14,0,0.4409075379371643
14,1,0.5446788668632507
14,2,0.536573052406311
14,3,0.5464904308319092
14,4,0.47690147161483765
14,5,0.5155994296073914
14,6,0.4772629737854004
14,7,0.4503598213195801
14,8,0.6347140073776245
14,9,0.40276917815208435
14,10,0.5889365673065186
14,11,0.5814524292945862
14,12,0.5435820817947388
14,13,0.502799928188324
14,14,0.5842299461364746
14,15,0.5299946665763855
14,16,0.5073304176330566
14,17,0.5761579275131226
14,18,0.507624089717865
14,19,0.4862731099128723
15,0,0.4173573851585388
15,1,0.45100435614585876
15,2,0.5127644538879395
15,3,0.7032167911529541
15,4,0.5857852697372437
15,5,0.5530751943588257
15,6,0.5617905855178833
15,7,0.5290130376815796
15,8,0.3550841808319092
15,9,0.5117295384407043
15,10,0.49096760153770447
15,11,0.512414813041687
15,12,0.5509801506996155
15,13,0.5733424425125122
15,14,0.48868513107299805
15,15,0.5845094323158264
15,16,0.5096182227134705
15,17,0.5099524855613708
15,18,0.5534566640853882
15,19,0.5423358678817749
16,0,0.5551438331604004
16,1,0.4786917269229889
16,2,0.5844634175300598
16,3,0.5365883111953735
16,4,0.6331052780151367
16,5,0.5220381021499634
16,6,0.5187103748321533
16,7,0.5331044793128967
16,8,0.5378966331481934
16,9,0.5247822999954224
16,10,0.5317857265472412
16,11,0.5336095094680786
16,12,0.47685694694519043
16,13,0.49019113183021545
16,14,0.578834593296051
16,15,0.43063879013061523
16,16,0.45092469453811646
16,17,0.5078195333480835
16,18,0.4497247636318207
16,19,0.5608188509941101
17,0,0.5442333817481995
17,1,0.5254389047622681
17,2,0.47800278663635254
17,3,0.5359591245651245
17,4,0.40534576773643494
17,5,0.5621935725212097
17,6,0.49113351106643677
17,7,0.5331857800483704
17,8,0.4392683506011963
17,9,0.4942050874233246
17,10,0.5697724223136902
17,11,0.5297216773033142
17,12,0.6115656495094299
17,13,0.3770647644996643
17,14,0.5754845142364502
17,15,0.5582219362258911
17,16,0.5153920650482178
17,17,0.5369265675544739
17,18,0.549573540687561
17,19,0.514509916305542
18,0,0.49884533882141113
18,1,0.5943768620491028
18,2,0.5767934322357178
18,3,0.4767686426639557
18,4,0.49085336923599243
18,5,0.44628778100013733
18,6,0.4403815269470215
18,7,0.4135623574256897
18,8,0.6846035718917847
18,9,0.5098773837089539
18,10,0.6573597192764282
18,11,0.4452145993709564
18,12,0.5824042558670044
18,13,0.5470758676528931
18,14,0.5838891267776489
18,15,0.4966908097267151
18,16,0.4881364405155182
18,17,0.47930145263671875
18,18,0.5318184494972229
18,19,0.4659789204597473
19,0,0.4963379502296448
19,1,0.47298383712768555
19,2,0.638365626335144
19,3,0.5947579741477966
19,4,0.5475817322731018
19,5,0.5526930093765259
19,6,0.4513264298439026
19,7,0.5572617650032043
19,8,0.5353633165359497
19,9,0.4688568711280823
19,10,0.4678017497062683
19,11,0.44316425919532776
19,12,0.4471433758735657
19,13,0.5750870108604431
19,14,0.5087014436721802
19,15,0.47617363929748535
19,16,0.5370025634765625
19,17,0.41896018385887146
19,18,0.6074212789535522
19,19,0.5771965384483337