y_true: [-0.65018821  0.53281015  0.49665552 -0.1984587   0.30947819 -0.24304697
 -0.03290847 -0.09715477 -0.1452079   0.87052011  0.374596   -0.11506206
 -0.32727876  0.2752631   0.21259516  0.17342159 -0.34828225  0.06260063
 -0.0344236   0.13040362  0.9176057  -0.62353426 -0.6736809   0.9054938
  0.20312536  0.21343169  0.1654294  -0.84784466 -0.28151184 -0.26691633
 -0.19216131 -0.53667438 -0.11245651  0.38323104 -0.12755869 -0.35350382
  0.33923489 -0.74991912  0.44715691 -0.39361614  0.03660766  0.36901128
  0.51410341 -0.34599361 -0.8176707   0.59257859  0.11401354  0.83219773
 -0.7777136  -0.78979379 -0.12351869 -0.01369487  0.13337448 -0.00933307
  0.42925584 -0.42058    -0.60312909  0.55884045 -0.13076673  0.22588012
  0.01613788  0.10222853  0.37742126 -0.65572703 -0.26911494  0.10164671
 -0.1739611   0.42433637 -0.29183999  0.21348637  0.49122152  0.15828159
 -0.85824412 -0.45555675  0.21682617 -0.29688942 -0.31875274 -0.68433672
  0.27176446 -0.15195391 -0.60094184  0.36716241  0.01092578 -0.04855493
  1.          0.05589242 -0.09750014  0.06800747 -0.32690504  0.3710416
  0.37066382 -0.24479263 -0.23817019 -1.         -0.73131692 -0.76803148
 -0.35190848 -0.11656986 -0.3688519   0.19657342]
y_pred: [-4.39307481e-01  3.06943178e-01  3.51051003e-01 -9.00604203e-02
  3.68563563e-01 -2.54582971e-01 -9.73547101e-02 -1.36438400e-01
 -3.50020677e-01  6.59569800e-01  2.87271261e-01 -9.70573276e-02
 -5.47091603e-01  1.58033922e-01  7.07829148e-02  1.96747497e-01
 -3.45849335e-01  2.26393849e-01  7.66776130e-02  2.95341581e-01
  7.79186130e-01 -5.54796994e-01 -5.19744933e-01  5.30539632e-01
  3.73833090e-01  3.67940664e-01  2.75740445e-01 -6.28848851e-01
 -2.95385092e-01 -4.37217444e-01 -2.72092730e-01 -4.90314990e-01
 -2.79353142e-01  1.56565279e-01 -2.21072450e-01 -3.07045132e-01
  2.42398113e-01 -6.28028393e-01  6.09403729e-01 -4.15760815e-01
  2.10782900e-01  9.65659246e-02  4.80859995e-01 -3.66282463e-01
 -4.89790350e-01  7.11194754e-01  7.43305758e-02  5.65761447e-01
 -6.35216713e-01 -6.29557192e-01  7.56625086e-02 -2.53171604e-02
  2.09347978e-01  1.03393950e-01  5.46060383e-01 -3.62461478e-01
 -6.33320987e-01  5.22674322e-01  1.28659662e-02  1.91884577e-01
  3.06930672e-02  2.04607949e-01  6.07789516e-01 -5.42074442e-01
 -2.33671129e-01  2.88250059e-01 -4.84309167e-01  6.19345069e-01
 -3.10897559e-01  3.53790075e-01  5.74847221e-01  2.65173495e-01
 -4.90132511e-01 -4.51195925e-01  2.73074985e-01 -2.70590723e-01
 -2.05883846e-01 -6.29915476e-01 -6.16264999e-01 -3.85167003e-01
 -5.85354567e-01  4.42465752e-01  1.54554784e-01 -1.91414475e-01
  5.74779153e-01  7.10770041e-02 -4.78878588e-04 -1.17380396e-01
 -1.75437972e-01  5.51773190e-01  9.02512744e-02 -4.42857057e-01
 -5.57578951e-02 -6.06247246e-01 -3.99890780e-01 -6.40554547e-01
 -3.23717803e-01 -1.59625128e-01 -4.63459760e-01  3.17956239e-01]
num_samples: 100
mae: 0.13857209766312736
mse: 0.03376619296827663
rmse: 0.18375579710114354
r-squared: 0.8267715022602435
adj r-squared: 0.8194776707764644
