y_true: [-0.65018821  0.53281015  0.49665552 -0.1984587   0.30947819 -0.24304697
 -0.03290847 -0.09715477 -0.1452079   0.87052011  0.374596   -0.11506206
 -0.32727876  0.2752631   0.21259516  0.17342159 -0.34828225  0.06260063
 -0.0344236   0.13040362  0.9176057  -0.62353426 -0.6736809   0.9054938
  0.20312536  0.21343169  0.1654294  -0.84784466 -0.28151184 -0.26691633
 -0.19216131 -0.53667438 -0.11245651  0.38323104 -0.12755869 -0.35350382
  0.33923489 -0.74991912  0.44715691 -0.39361614  0.03660766  0.36901128
  0.51410341 -0.34599361 -0.8176707   0.59257859  0.11401354  0.83219773
 -0.7777136  -0.78979379 -0.12351869 -0.01369487  0.13337448 -0.00933307
  0.42925584 -0.42058    -0.60312909  0.55884045 -0.13076673  0.22588012
  0.01613788  0.10222853  0.37742126 -0.65572703 -0.26911494  0.10164671
 -0.1739611   0.42433637 -0.29183999  0.21348637  0.49122152  0.15828159
 -0.85824412 -0.45555675  0.21682617 -0.29688942 -0.31875274 -0.68433672
  0.27176446 -0.15195391 -0.60094184  0.36716241  0.01092578 -0.04855493
  1.          0.05589242 -0.09750014  0.06800747 -0.32690504  0.3710416
  0.37066382 -0.24479263 -0.23817019 -1.         -0.73131692 -0.76803148
 -0.35190848 -0.11656986 -0.3688519   0.19657342]
y_pred: [-0.49536622  0.41582894  0.34045115 -0.13978125  0.33511952 -0.248521
 -0.08287594 -0.0582124  -0.42750373  0.58263874  0.3378624  -0.05878481
 -0.48325482  0.15751067  0.13295251  0.17571619 -0.43725756  0.21712811
 -0.00997406  0.36129507  0.74397963 -0.55312699 -0.46473613  0.3909409
  0.30041432  0.29523599  0.21222194 -0.6244058  -0.27107447 -0.41178167
 -0.42870578 -0.38676566 -0.14308952  0.2099168  -0.22656681 -0.31049711
  0.26944125 -0.58119732  0.59822559 -0.44630438  0.09909459  0.13569464
  0.41173482 -0.37465292 -0.4934746   0.69189286  0.00967033  0.4872857
 -0.62418562 -0.61650687 -0.11522352  0.03069339  0.22504568  0.01494527
  0.56867158 -0.48479092 -0.55882949  0.5011698  -0.06526395  0.17731729
  0.05878152  0.22082154  0.60897136 -0.50958151 -0.21857908  0.11074465
 -0.44337693  0.58397973 -0.2716966   0.36330643  0.55473572  0.24089114
 -0.52354956 -0.47395545  0.22353508 -0.38100907 -0.260414   -0.63623297
 -0.63700044 -0.38521677 -0.63385987  0.3700223   0.10402719  0.0167829
  0.55187225  0.07354508 -0.11800428 -0.09528413 -0.30848336  0.55295289
  0.13004334 -0.43221924 -0.20732507 -0.62174946 -0.33683938 -0.61426806
 -0.342273   -0.07455914 -0.42016387  0.25625414]
num_samples: 100
mae: 0.12714214680716396
mse: 0.033257702921928436
rmse: 0.18236694580413534
r-squared: 0.8293801755840995
adj r-squared: 0.8221961829771143
best_epoch: 26
