y_true: [-0.65018821  0.53281015  0.49665552 -0.1984587   0.30947819 -0.24304697
 -0.03290847 -0.09715477 -0.1452079   0.87052011  0.374596   -0.11506206
 -0.32727876  0.2752631   0.21259516  0.17342159 -0.34828225  0.06260063
 -0.0344236   0.13040362  0.9176057  -0.62353426 -0.6736809   0.9054938
  0.20312536  0.21343169  0.1654294  -0.84784466 -0.28151184 -0.26691633
 -0.19216131 -0.53667438 -0.11245651  0.38323104 -0.12755869 -0.35350382
  0.33923489 -0.74991912  0.44715691 -0.39361614  0.03660766  0.36901128
  0.51410341 -0.34599361 -0.8176707   0.59257859  0.11401354  0.83219773
 -0.7777136  -0.78979379 -0.12351869 -0.01369487  0.13337448 -0.00933307
  0.42925584 -0.42058    -0.60312909  0.55884045 -0.13076673  0.22588012
  0.01613788  0.10222853  0.37742126 -0.65572703 -0.26911494  0.10164671
 -0.1739611   0.42433637 -0.29183999  0.21348637  0.49122152  0.15828159
 -0.85824412 -0.45555675  0.21682617 -0.29688942 -0.31875274 -0.68433672
  0.27176446 -0.15195391 -0.60094184  0.36716241  0.01092578 -0.04855493
  1.          0.05589242 -0.09750014  0.06800747 -0.32690504  0.3710416
  0.37066382 -0.24479263 -0.23817019 -1.         -0.73131692 -0.76803148
 -0.35190848 -0.11656986 -0.3688519   0.19657342]
y_pred: [0.14941406 0.28613281 0.23828125 0.09960938 0.27246094 0.08105469
 0.12890625 0.12890625 0.23339844 0.39648438 0.34277344 0.19042969
 0.11132812 0.25976562 0.45605469 0.41796875 0.04394531 0.21972656
 0.15136719 0.25390625 0.40820312 0.01464844 0.05664062 0.52539062
 0.21484375 0.26269531 0.19140625 0.06445312 0.03613281 0.12695312
 0.18066406 0.13085938 0.16308594 0.45507812 0.10449219 0.04980469
 0.55078125 0.04199219 0.40332031 0.05664062 0.10742188 0.28027344
 0.43164062 0.234375   0.29003906 0.36230469 0.19628906 0.50390625
 0.06933594 0.2421875  0.09765625 0.29492188 0.17089844 0.16796875
 0.27148438 0.04882812 0.046875   0.48632812 0.07128906 0.14453125
 0.10742188 0.24609375 0.29492188 0.03613281 0.04785156 0.359375
 0.20019531 0.25097656 0.16796875 0.26269531 0.35839844 0.29882812
 0.09375    0.03613281 0.34375    0.06835938 0.10839844 0.03808594
 0.36035156 0.21972656 0.04003906 0.47167969 0.26757812 0.1328125
 0.55957031 0.25976562 0.14648438 0.37695312 0.0703125  0.34277344
 0.22070312 0.16699219 0.35546875 0.20410156 0.03417969 0.06347656
 0.25292969 0.22558594 0.05761719 0.27636719]
num_samples: 100
mae: 0.34335342498496174
mse: 0.18930929556491402
rmse: 0.43509688066557545
r-squared: 0.028798866674387136
adj r-squared: -0.012093812623533262
best_epoch: 27
