y_true: [-0.65018821  0.53281015  0.49665552 -0.1984587   0.30947819 -0.24304697
 -0.03290847 -0.09715477 -0.1452079   0.87052011  0.374596   -0.11506206
 -0.32727876  0.2752631   0.21259516  0.17342159 -0.34828225  0.06260063
 -0.0344236   0.13040362  0.9176057  -0.62353426 -0.6736809   0.9054938
  0.20312536  0.21343169  0.1654294  -0.84784466 -0.28151184 -0.26691633
 -0.19216131 -0.53667438 -0.11245651  0.38323104 -0.12755869 -0.35350382
  0.33923489 -0.74991912  0.44715691 -0.39361614  0.03660766  0.36901128
  0.51410341 -0.34599361 -0.8176707   0.59257859  0.11401354  0.83219773
 -0.7777136  -0.78979379 -0.12351869 -0.01369487  0.13337448 -0.00933307
  0.42925584 -0.42058    -0.60312909  0.55884045 -0.13076673  0.22588012
  0.01613788  0.10222853  0.37742126 -0.65572703 -0.26911494  0.10164671
 -0.1739611   0.42433637 -0.29183999  0.21348637  0.49122152  0.15828159
 -0.85824412 -0.45555675  0.21682617 -0.29688942 -0.31875274 -0.68433672
  0.27176446 -0.15195391 -0.60094184  0.36716241  0.01092578 -0.04855493
  1.          0.05589242 -0.09750014  0.06800747 -0.32690504  0.3710416
  0.37066382 -0.24479263 -0.23817019 -1.         -0.73131692 -0.76803148
 -0.35190848 -0.11656986 -0.3688519   0.19657342]
y_pred: [0.140625   0.27636719 0.2421875  0.09765625 0.29101562 0.07714844
 0.14648438 0.12011719 0.2421875  0.45996094 0.296875   0.18945312
 0.10253906 0.25390625 0.48046875 0.45019531 0.04199219 0.21679688
 0.16992188 0.25390625 0.44140625 0.01171875 0.046875   0.59082031
 0.21777344 0.25195312 0.22460938 0.0625     0.03222656 0.10546875
 0.15136719 0.125      0.15722656 0.42773438 0.10351562 0.05273438
 0.55273438 0.03417969 0.38085938 0.05273438 0.10742188 0.29492188
 0.44824219 0.22558594 0.27441406 0.39453125 0.18359375 0.53320312
 0.05957031 0.2421875  0.08789062 0.3125     0.15332031 0.16601562
 0.28222656 0.04296875 0.04589844 0.46484375 0.06835938 0.17871094
 0.09570312 0.20117188 0.28515625 0.01855469 0.04394531 0.36621094
 0.18554688 0.28222656 0.14453125 0.29980469 0.37695312 0.29980469
 0.11328125 0.02539062 0.32714844 0.078125   0.11230469 0.0390625
 0.375      0.203125   0.03515625 0.49804688 0.2578125  0.11035156
 0.57910156 0.25585938 0.17089844 0.38769531 0.06835938 0.34375
 0.1796875  0.13085938 0.37304688 0.21386719 0.02734375 0.05664062
 0.26855469 0.21484375 0.06152344 0.29199219]
num_samples: 100
mae: 0.33957412810996174
mse: 0.18594086513907906
rmse: 0.43120860976919173
r-squared: 0.046079705617542044
adj r-squared: 0.00591464059091229
