y_true: [-0.09306899 -0.27258253  0.16008958 -0.21116664  0.43398401 -0.47863573
  0.13426128  0.4431476   0.03394356 -0.66466618 -0.90634233 -0.45854884
  0.14801385 -0.60822886 -0.3242591  -0.41356704  0.07069704 -0.14115196
  0.10566022 -0.31720424  0.31918573  0.12998202  0.18358937 -0.52108032
  0.14270498 -0.47245744  1.         -0.2601712   0.28752375 -0.50259739
 -0.25498039 -0.44466028 -0.36699945 -0.20722339  0.19620712  0.28771925
  0.10925925  0.18319859  0.14105712  0.08759619 -0.5333789  -0.27776584
  0.35615945  0.71544284  0.10306858 -0.28524476  0.41363949 -0.27164999
 -0.78121418 -0.14312677 -0.13701206  0.28922158 -0.16102125  0.03250793
 -0.17595549 -0.22449546 -0.36383826 -0.44776741 -0.5605303  -0.36122587
 -0.92949069 -0.2962257  -0.30238786  0.31293711 -0.5221343  -0.51151502
 -0.04999832 -0.57095283 -0.15971498 -0.41722029 -0.30357891  0.41096601
 -0.89337683 -0.11942037  0.07071843 -0.6897741  -0.21217309 -0.16200756
 -0.24971506 -0.62025106  0.52128953 -0.12497903 -1.         -0.48076969
  0.53718424  0.1669915   0.20092726 -0.25984648 -0.06745447 -0.49520519
 -0.58735007  0.4650262  -0.58803445 -0.02626549  0.4374218  -0.15792395
 -0.15446329  0.09326684 -0.38089329 -0.714634  ]
y_pred: [ 0.01634285 -0.34472901  0.16722406 -0.2885747   0.29665267 -0.56352401
  0.12348425  0.31657583  0.28533524 -0.44116935 -0.52329612 -0.23183747
  0.36481526 -0.44742429 -0.36693594 -0.56019121 -0.03071742  0.2351613
  0.23910391 -0.27024832  0.18397585 -0.10382552  0.14228638 -0.4110896
  0.2238183  -0.39809501  0.44127911 -0.39998829  0.31743923 -0.44170353
  0.00974736 -0.37466836 -0.30282938 -0.31533748 -0.0158649   0.23721217
 -0.03513889  0.30179638  0.13337237  0.26610664 -0.13460055 -0.13889724
  0.25416422  0.17745657  0.18465711 -0.22284344  0.25034675 -0.16467722
 -0.40296006 -0.28418431 -0.32558328  0.36769566 -0.31502098 -0.45779216
  0.08833084 -0.10851546 -0.42647445 -0.11299854 -0.39918059 -0.15816689
 -0.61137772 -0.52841508 -0.52823943  0.18050206 -0.26186445 -0.57120281
  0.04496673 -0.30481929 -0.28948078 -0.13177745 -0.35147247  0.40389341
 -0.62939048 -0.19515879 -0.07471307 -0.50299746 -0.24291717 -0.41873837
 -0.26114726 -0.50673091  0.18630806  0.01501552 -0.67020923 -0.53962839
  0.16423406  0.05472456  0.10464618 -0.39660883 -0.01717346 -0.41240299
 -0.3571423  -0.05761962 -0.6664539  -0.14473148  0.32401562  0.17557257
 -0.23394765 -0.40884027 -0.44137511 -0.48475936]
num_samples: 100
mae: 0.16911617697216572
mse: 0.04452514608055705
rmse: 0.211009824606716
r-squared: 0.698478504668659
adj r-squared: 0.671971120463706
best_epoch: 28
