y_true: [-0.09306899 -0.27258253  0.16008958 -0.21116664  0.43398401 -0.47863573
  0.13426128  0.4431476   0.03394356 -0.66466618 -0.90634233 -0.45854884
  0.14801385 -0.60822886 -0.3242591  -0.41356704  0.07069704 -0.14115196
  0.10566022 -0.31720424  0.31918573  0.12998202  0.18358937 -0.52108032
  0.14270498 -0.47245744  1.         -0.2601712   0.28752375 -0.50259739
 -0.25498039 -0.44466028 -0.36699945 -0.20722339  0.19620712  0.28771925
  0.10925925  0.18319859  0.14105712  0.08759619 -0.5333789  -0.27776584
  0.35615945  0.71544284  0.10306858 -0.28524476  0.41363949 -0.27164999
 -0.78121418 -0.14312677 -0.13701206  0.28922158 -0.16102125  0.03250793
 -0.17595549 -0.22449546 -0.36383826 -0.44776741 -0.5605303  -0.36122587
 -0.92949069 -0.2962257  -0.30238786  0.31293711 -0.5221343  -0.51151502
 -0.04999832 -0.57095283 -0.15971498 -0.41722029 -0.30357891  0.41096601
 -0.89337683 -0.11942037  0.07071843 -0.6897741  -0.21217309 -0.16200756
 -0.24971506 -0.62025106  0.52128953 -0.12497903 -1.         -0.48076969
  0.53718424  0.1669915   0.20092726 -0.25984648 -0.06745447 -0.49520519
 -0.58735007  0.4650262  -0.58803445 -0.02626549  0.4374218  -0.15792395
 -0.15446329  0.09326684 -0.38089329 -0.714634  ]
y_pred: [ 0.07724235 -0.22348271  0.26342082 -0.18052831  0.43484059 -0.43487471
  0.18483673  0.38604119  0.35156599 -0.35697713 -0.49686131 -0.18324849
  0.43457726 -0.37775004 -0.33568734 -0.50871563  0.032587    0.329023
  0.28625727 -0.21289106  0.28190291  0.0017312   0.17208076 -0.30779719
  0.33693692 -0.3268241   0.48567015 -0.33332172  0.33137861 -0.31976506
  0.12146647 -0.26784235 -0.288764   -0.15277699  0.09609193  0.25343871
  0.07773126  0.38626066  0.19343425  0.29113168 -0.04203791 -0.07565738
  0.29015401  0.21009222  0.29253039 -0.13977957  0.30431068 -0.09139407
 -0.30750972 -0.19101638 -0.24792501  0.43693304 -0.25630611 -0.40838593
  0.13088375 -0.04546269 -0.34407642  0.01370024 -0.30898991 -0.11312337
 -0.50863963 -0.45794186 -0.39083093  0.36500871 -0.25671047 -0.43835145
  0.16234566 -0.12645885 -0.1643417  -0.02965491 -0.1900607   0.43947631
 -0.57317841 -0.12799954 -0.01783589 -0.41339895 -0.11795928 -0.34589338
 -0.11355143 -0.4770427   0.3102099   0.0631938  -0.62583393 -0.41718784
  0.23935659  0.1183427   0.24711974 -0.32074517  0.0664675  -0.29273275
 -0.28172982  0.0968831  -0.598315   -0.0437139   0.39054134  0.25240013
 -0.10924596 -0.28188208 -0.40813112 -0.34967348]
num_samples: 100
mae: 0.17862379798549227
mse: 0.052009019045236714
rmse: 0.22805485972729614
r-squared: 0.6477981865603849
adj r-squared: 0.6168353897744847
