epoch,batch,train_batch_loss
0,0,0.7455884218215942
0,1,0.7767751216888428
0,2,0.7118359208106995
0,3,0.668728768825531
0,4,0.7177096605300903
0,5,0.6951902508735657
0,6,0.6938146948814392
0,7,0.6870750188827515
0,8,0.6879276037216187
0,9,0.692991316318512
0,10,0.6888269186019897
0,11,0.6958668828010559
0,12,0.6867693662643433
0,13,0.6925665140151978
0,14,0.6816365122795105
0,15,0.6791123151779175
0,16,0.6930342316627502
0,17,0.7152510285377502
0,18,0.7051344513893127
0,19,0.6873381733894348
1,0,0.6867926120758057
1,1,0.698989748954773
1,2,0.6923844218254089
1,3,0.7043577432632446
1,4,0.7043429017066956
1,5,0.6979777812957764
1,6,0.6984205842018127
1,7,0.6868113279342651
1,8,0.6949539184570312
1,9,0.6906482577323914
1,10,0.6958025693893433
1,11,0.6898759603500366
1,12,0.6929749846458435
1,13,0.693123996257782
1,14,0.6927348375320435
1,15,0.691085696220398
1,16,0.6915345788002014
1,17,0.6952826976776123
1,18,0.6889616250991821
1,19,0.6933125853538513
2,0,0.6944828629493713
2,1,0.6960015892982483
2,2,0.6931124329566956
2,3,0.6935766339302063
2,4,0.6915197372436523
2,5,0.6912524104118347
2,6,0.6927160620689392
2,7,0.6908448934555054
2,8,0.6996201872825623
2,9,0.6908669471740723
2,10,0.694599449634552
2,11,0.6944376230239868
2,12,0.6906131505966187
2,13,0.6907289028167725
2,14,0.6898292303085327
2,15,0.6915959715843201
2,16,0.6970840692520142
2,17,0.6863147020339966
2,18,0.6984492540359497
2,19,0.6954704523086548
3,0,0.6916489601135254
3,1,0.6927618384361267
3,2,0.6939672231674194
3,3,0.692426860332489
3,4,0.6977564692497253
3,5,0.6946892142295837
3,6,0.6912991404533386
3,7,0.6901807188987732
3,8,0.6918367743492126
3,9,0.6920803189277649
3,10,0.6929085850715637
3,11,0.6929425001144409
3,12,0.6899446249008179
3,13,0.6930352449417114
3,14,0.6913062930107117
3,15,0.6905673742294312
3,16,0.6897551417350769
3,17,0.6909905672073364
3,18,0.6922786235809326
3,19,0.7053417563438416
4,0,0.6950574517250061
4,1,0.6919301748275757
4,2,0.690166175365448
4,3,0.6903512477874756
4,4,0.6923145055770874
4,5,0.6922820806503296
4,6,0.6895135641098022
4,7,0.6936759948730469
4,8,0.7004815936088562
4,9,0.6928799152374268
4,10,0.6869509220123291
4,11,0.6914865970611572
4,12,0.6949921250343323
4,13,0.6912111639976501
4,14,0.6898751258850098
4,15,0.6937577128410339
4,16,0.6902034878730774
4,17,0.69581538438797
4,18,0.6979981660842896
4,19,0.6941269040107727
5,0,0.6880902051925659
5,1,0.6937758326530457
5,2,0.6890754699707031
5,3,0.6911261081695557
5,4,0.6832277178764343
5,5,0.6882857084274292
5,6,0.6919244527816772
5,7,0.6957937479019165
5,8,0.6846052408218384
5,9,0.6909397840499878
5,10,0.6906148195266724
5,11,0.6958971619606018
5,12,0.6796404719352722
5,13,0.7023205757141113
5,14,0.6991430521011353
5,15,0.6965999007225037
5,16,0.6949782967567444
5,17,0.6854246854782104
5,18,0.6914775967597961
5,19,0.6908704042434692
6,0,0.687027096748352
6,1,0.6862887144088745
6,2,0.6911269426345825
6,3,0.6947282552719116
6,4,0.6891688108444214
6,5,0.6877298355102539
6,6,0.6839740872383118
6,7,0.6918694972991943
6,8,0.6885362267494202
6,9,0.6875790357589722
6,10,0.6927272081375122
6,11,0.6935194134712219
6,12,0.6796203851699829
6,13,0.7015671730041504
6,14,0.6875985860824585
6,15,0.6989661455154419
6,16,0.7021199464797974
6,17,0.6929534077644348
6,18,0.6927527189254761
6,19,0.6853007078170776
7,0,0.6896474361419678
7,1,0.6894360780715942
7,2,0.688813328742981
7,3,0.691947340965271
7,4,0.6879817247390747
7,5,0.6876528263092041
7,6,0.6826383471488953
7,7,0.6875843405723572
7,8,0.6862583160400391
7,9,0.6877780556678772
7,10,0.6922491788864136
7,11,0.6861831545829773
7,12,0.6879764795303345
7,13,0.6976840496063232
7,14,0.6877580881118774
7,15,0.6962507367134094
7,16,0.6866965889930725
7,17,0.6852569580078125
7,18,0.6862543225288391
7,19,0.6882742047309875
8,0,0.6861085891723633
8,1,0.6886227130889893
8,2,0.6877733469009399
8,3,0.6897314786911011
8,4,0.6881991624832153
8,5,0.6907433867454529
8,6,0.6890245676040649
8,7,0.6871187090873718
8,8,0.6869233846664429
8,9,0.6852632761001587
8,10,0.6825724840164185
8,11,0.674566388130188
8,12,0.6870446801185608
8,13,0.6914697885513306
8,14,0.6842141151428223
8,15,0.6885587573051453
8,16,0.6923583149909973
8,17,0.6805330514907837
8,18,0.689818263053894
8,19,0.6851805448532104
9,0,0.6812384724617004
9,1,0.689473032951355
9,2,0.6793237328529358
9,3,0.6873968839645386
9,4,0.7015293836593628
9,5,0.7052655816078186
9,6,0.6685190796852112
9,7,0.6722627282142639
9,8,0.6716820001602173
9,9,0.6961047053337097
9,10,0.675462543964386
9,11,0.6795052289962769
9,12,0.6863576173782349
9,13,0.6984764337539673
9,14,0.6844333410263062
9,15,0.6907696723937988
9,16,0.6780573129653931
9,17,0.6974167227745056
9,18,0.6817312240600586
9,19,0.6856797933578491
10,0,0.6941101551055908
10,1,0.6801902055740356
10,2,0.6790236234664917
10,3,0.6794259548187256
10,4,0.6740180253982544
10,5,0.6966010332107544
10,6,0.6762871742248535
10,7,0.6864047646522522
10,8,0.6622638702392578
10,9,0.673843264579773
10,10,0.6764479279518127
10,11,0.6764726042747498
10,12,0.6688229441642761
10,13,0.684029757976532
10,14,0.6833614110946655
10,15,0.6757187843322754
10,16,0.6859036684036255
10,17,0.684822678565979
10,18,0.6728314757347107
10,19,0.6824957132339478
11,0,0.6947185397148132
11,1,0.6755367517471313
11,2,0.6743417382240295
11,3,0.6787694692611694
11,4,0.672052264213562
11,5,0.6631552577018738
11,6,0.6808515787124634
11,7,0.6924216151237488
11,8,0.6759160161018372
11,9,0.6790610551834106
11,10,0.6622054576873779
11,11,0.6702080965042114
11,12,0.6642354726791382
11,13,0.6837205290794373
11,14,0.6496045589447021
11,15,0.6590269207954407
11,16,0.6995114088058472
11,17,0.6701871156692505
11,18,0.7085983753204346
11,19,0.6814955472946167
12,0,0.6633569002151489
12,1,0.6786990165710449
12,2,0.660759449005127
12,3,0.6566926836967468
12,4,0.686050534248352
12,5,0.689622700214386
12,6,0.663309633731842
12,7,0.6581361293792725
12,8,0.6723078489303589
12,9,0.6360697746276855
12,10,0.6805990934371948
12,11,0.6853471994400024
12,12,0.664617657661438
12,13,0.6760987639427185
12,14,0.662458062171936
12,15,0.6611736416816711
12,16,0.662643313407898
12,17,0.6661286354064941
12,18,0.6686378717422485
12,19,0.6489791870117188
13,0,0.6874361634254456
13,1,0.6888753771781921
13,2,0.6392765045166016
13,3,0.6595836281776428
13,4,0.680078387260437
13,5,0.655553936958313
13,6,0.6509836912155151
13,7,0.6372874975204468
13,8,0.6513727903366089
13,9,0.6648282408714294
13,10,0.6597563028335571
13,11,0.6747486591339111
13,12,0.6432458758354187
13,13,0.6403382420539856
13,14,0.6321347951889038
13,15,0.658767819404602
13,16,0.6477484107017517
13,17,0.6622312664985657
13,18,0.6940737962722778
13,19,0.6431027054786682
14,0,0.6398412585258484
14,1,0.652961790561676
14,2,0.6282135248184204
14,3,0.6559298634529114
14,4,0.6485222578048706
14,5,0.6483946442604065
14,6,0.6054669618606567
14,7,0.6631203889846802
14,8,0.6433472037315369
14,9,0.6396503448486328
14,10,0.6638845205307007
14,11,0.6388801336288452
14,12,0.6559651494026184
14,13,0.6726957559585571
14,14,0.6717590093612671
14,15,0.6697828769683838
14,16,0.6220554113388062
14,17,0.6460635662078857
14,18,0.6096776723861694
14,19,0.6169255971908569
15,0,0.6570413708686829
15,1,0.6541187167167664
15,2,0.6114268898963928
15,3,0.6080715656280518
15,4,0.5641512870788574
15,5,0.6836895942687988
15,6,0.5828043222427368
15,7,0.6206712126731873
15,8,0.6835722923278809
15,9,0.6059274673461914
15,10,0.658831000328064
15,11,0.7227675318717957
15,12,0.5968687534332275
15,13,0.6188760995864868
15,14,0.6042312383651733
15,15,0.6830624341964722
15,16,0.6283339858055115
15,17,0.6713536381721497
15,18,0.6149153709411621
15,19,0.6784777045249939
16,0,0.6126005053520203
16,1,0.6419975161552429
16,2,0.6005290150642395
16,3,0.6858682632446289
16,4,0.6262164115905762
16,5,0.6440131068229675
16,6,0.6668974161148071
16,7,0.622873067855835
16,8,0.5526025891304016
16,9,0.5800654292106628
16,10,0.6197320818901062
16,11,0.5806537866592407
16,12,0.5954312086105347
16,13,0.5510786175727844
16,14,0.6746428608894348
16,15,0.6043074727058411
16,16,0.5693535208702087
16,17,0.5974088907241821
16,18,0.6199174523353577
16,19,0.6533365249633789
17,0,0.5840250849723816
17,1,0.5940470099449158
17,2,0.6662468314170837
17,3,0.5445469617843628
17,4,0.5408214330673218
17,5,0.5577103495597839
17,6,0.5787426233291626
17,7,0.5793230533599854
17,8,0.610420823097229
17,9,0.5614526271820068
17,10,0.7003075480461121
17,11,0.5568195581436157
17,12,0.6246810555458069
17,13,0.5539020299911499
17,14,0.611664891242981
17,15,0.5358628034591675
17,16,0.5695338845252991
17,17,0.6025916337966919
17,18,0.6298624277114868
17,19,0.5302590131759644
18,0,0.5786803960800171
18,1,0.5977253317832947
18,2,0.5874461531639099
18,3,0.6553004384040833
18,4,0.5828761458396912
18,5,0.5342236161231995
18,6,0.5291388630867004
18,7,0.5487414598464966
18,8,0.5343323945999146
18,9,0.6337794661521912
18,10,0.667962908744812
18,11,0.5579936504364014
18,12,0.4772440791130066
18,13,0.5903550386428833
18,14,0.5872365236282349
18,15,0.578001856803894
18,16,0.5674957036972046
18,17,0.6530987620353699
18,18,0.5917421579360962
18,19,0.5244444608688354
19,0,0.621170699596405
19,1,0.6599891781806946
19,2,0.5748013257980347
19,3,0.6601917147636414
19,4,0.5624574422836304
19,5,0.6496461033821106
19,6,0.5412713289260864
19,7,0.5652469992637634
19,8,0.5847035646438599
19,9,0.4969821870326996
19,10,0.5189248323440552
19,11,0.5356913805007935
19,12,0.5028082728385925
19,13,0.5199996829032898
19,14,0.5141571760177612
19,15,0.49425333738327026
19,16,0.5988897681236267
19,17,0.6233977675437927
19,18,0.6711999177932739
19,19,0.49006080627441406