y_true: [-0.09306899 -0.27258253  0.16008958 -0.21116664  0.43398401 -0.47863573
  0.13426128  0.4431476   0.03394356 -0.66466618 -0.90634233 -0.45854884
  0.14801385 -0.60822886 -0.3242591  -0.41356704  0.07069704 -0.14115196
  0.10566022 -0.31720424  0.31918573  0.12998202  0.18358937 -0.52108032
  0.14270498 -0.47245744  1.         -0.2601712   0.28752375 -0.50259739
 -0.25498039 -0.44466028 -0.36699945 -0.20722339  0.19620712  0.28771925
  0.10925925  0.18319859  0.14105712  0.08759619 -0.5333789  -0.27776584
  0.35615945  0.71544284  0.10306858 -0.28524476  0.41363949 -0.27164999
 -0.78121418 -0.14312677 -0.13701206  0.28922158 -0.16102125  0.03250793
 -0.17595549 -0.22449546 -0.36383826 -0.44776741 -0.5605303  -0.36122587
 -0.92949069 -0.2962257  -0.30238786  0.31293711 -0.5221343  -0.51151502
 -0.04999832 -0.57095283 -0.15971498 -0.41722029 -0.30357891  0.41096601
 -0.89337683 -0.11942037  0.07071843 -0.6897741  -0.21217309 -0.16200756
 -0.24971506 -0.62025106  0.52128953 -0.12497903 -1.         -0.48076969
  0.53718424  0.1669915   0.20092726 -0.25984648 -0.06745447 -0.49520519
 -0.58735007  0.4650262  -0.58803445 -0.02626549  0.4374218  -0.15792395
 -0.15446329  0.09326684 -0.38089329 -0.714634  ]
y_pred: [0.48242188 0.50292969 0.50195312 0.51464844 0.4609375  0.52050781
 0.50195312 0.5        0.48632812 0.44921875 0.50878906 0.51269531
 0.49707031 0.48046875 0.46972656 0.46191406 0.46386719 0.49414062
 0.44921875 0.50683594 0.49804688 0.59570312 0.50292969 0.50488281
 0.46777344 0.48046875 0.54980469 0.51757812 0.45898438 0.51757812
 0.46777344 0.49511719 0.48144531 0.49609375 0.45703125 0.58496094
 0.47949219 0.44921875 0.5234375  0.47753906 0.48828125 0.45507812
 0.48632812 0.49121094 0.4609375  0.49316406 0.52441406 0.50976562
 0.51269531 0.49511719 0.46679688 0.52832031 0.48242188 0.49121094
 0.48242188 0.47851562 0.51953125 0.47851562 0.53515625 0.49023438
 0.52441406 0.46191406 0.45800781 0.50097656 0.45703125 0.52539062
 0.48046875 0.50878906 0.4765625  0.48925781 0.46484375 0.51660156
 0.52148438 0.45605469 0.45703125 0.48242188 0.4921875  0.49707031
 0.515625   0.53710938 0.46484375 0.48632812 0.49121094 0.47753906
 0.53125    0.48828125 0.48144531 0.50683594 0.50585938 0.55078125
 0.55175781 0.43457031 0.45507812 0.4609375  0.48925781 0.50488281
 0.47753906 0.45117188 0.44726562 0.49902344]
num_samples: 100
mae: 0.6572221527807415
mse: 0.5615330110610174
rmse: 0.7493550634118764
r-squared: -2.8026663150458124
adj r-squared: -3.136966650434455
