y_true: [-0.65018821  0.53281015  0.49665552 -0.1984587   0.30947819 -0.24304697
 -0.03290847 -0.09715477 -0.1452079   0.87052011  0.374596   -0.11506206
 -0.32727876  0.2752631   0.21259516  0.17342159 -0.34828225  0.06260063
 -0.0344236   0.13040362  0.9176057  -0.62353426 -0.6736809   0.9054938
  0.20312536  0.21343169  0.1654294  -0.84784466 -0.28151184 -0.26691633
 -0.19216131 -0.53667438 -0.11245651  0.38323104 -0.12755869 -0.35350382
  0.33923489 -0.74991912  0.44715691 -0.39361614  0.03660766  0.36901128
  0.51410341 -0.34599361 -0.8176707   0.59257859  0.11401354  0.83219773
 -0.7777136  -0.78979379 -0.12351869 -0.01369487  0.13337448 -0.00933307
  0.42925584 -0.42058    -0.60312909  0.55884045 -0.13076673  0.22588012
  0.01613788  0.10222853  0.37742126 -0.65572703 -0.26911494  0.10164671
 -0.1739611   0.42433637 -0.29183999  0.21348637  0.49122152  0.15828159
 -0.85824412 -0.45555675  0.21682617 -0.29688942 -0.31875274 -0.68433672
  0.27176446 -0.15195391 -0.60094184  0.36716241  0.01092578 -0.04855493
  1.          0.05589242 -0.09750014  0.06800747 -0.32690504  0.3710416
  0.37066382 -0.24479263 -0.23817019 -1.         -0.73131692 -0.76803148
 -0.35190848 -0.11656986 -0.3688519   0.19657342]
y_pred: [0.26074219 0.34179688 0.32519531 0.21484375 0.34179688 0.20996094
 0.26269531 0.23828125 0.30566406 0.41503906 0.42382812 0.28710938
 0.23242188 0.34277344 0.44628906 0.44726562 0.19335938 0.30664062
 0.27929688 0.34277344 0.42871094 0.1796875  0.20214844 0.50195312
 0.29492188 0.29980469 0.32226562 0.21289062 0.17578125 0.25488281
 0.27539062 0.25       0.30371094 0.44238281 0.21582031 0.171875
 0.51855469 0.21875    0.40820312 0.20703125 0.24804688 0.34765625
 0.44921875 0.33105469 0.37109375 0.41308594 0.30957031 0.48828125
 0.19921875 0.30078125 0.22851562 0.35742188 0.27148438 0.27929688
 0.33789062 0.18359375 0.20019531 0.48828125 0.20214844 0.27734375
 0.25292969 0.33300781 0.36132812 0.20703125 0.17285156 0.38574219
 0.30957031 0.35351562 0.27539062 0.34570312 0.37304688 0.37792969
 0.21386719 0.19824219 0.38085938 0.22558594 0.23925781 0.20117188
 0.390625   0.26660156 0.18066406 0.46875    0.33984375 0.23339844
 0.53320312 0.34472656 0.28515625 0.43164062 0.23144531 0.38378906
 0.30761719 0.26757812 0.42871094 0.30175781 0.17285156 0.1953125
 0.31738281 0.31835938 0.21191406 0.38183594]
num_samples: 100
mae: 0.41899582298472526
mse: 0.26740782618477765
rmse: 0.5171149061715178
r-squared: -0.37186493180807
adj r-squared: -0.42962766577893596
