y_true: [-0.65018821  0.53281015  0.49665552 -0.1984587   0.30947819 -0.24304697
 -0.03290847 -0.09715477 -0.1452079   0.87052011  0.374596   -0.11506206
 -0.32727876  0.2752631   0.21259516  0.17342159 -0.34828225  0.06260063
 -0.0344236   0.13040362  0.9176057  -0.62353426 -0.6736809   0.9054938
  0.20312536  0.21343169  0.1654294  -0.84784466 -0.28151184 -0.26691633
 -0.19216131 -0.53667438 -0.11245651  0.38323104 -0.12755869 -0.35350382
  0.33923489 -0.74991912  0.44715691 -0.39361614  0.03660766  0.36901128
  0.51410341 -0.34599361 -0.8176707   0.59257859  0.11401354  0.83219773
 -0.7777136  -0.78979379 -0.12351869 -0.01369487  0.13337448 -0.00933307
  0.42925584 -0.42058    -0.60312909  0.55884045 -0.13076673  0.22588012
  0.01613788  0.10222853  0.37742126 -0.65572703 -0.26911494  0.10164671
 -0.1739611   0.42433637 -0.29183999  0.21348637  0.49122152  0.15828159
 -0.85824412 -0.45555675  0.21682617 -0.29688942 -0.31875274 -0.68433672
  0.27176446 -0.15195391 -0.60094184  0.36716241  0.01092578 -0.04855493
  1.          0.05589242 -0.09750014  0.06800747 -0.32690504  0.3710416
  0.37066382 -0.24479263 -0.23817019 -1.         -0.73131692 -0.76803148
 -0.35190848 -0.11656986 -0.3688519   0.19657342]
y_pred: [0.29785156 0.33984375 0.32714844 0.22460938 0.38183594 0.22753906
 0.26269531 0.23535156 0.34765625 0.421875   0.38964844 0.29492188
 0.2421875  0.3515625  0.47460938 0.4296875  0.19238281 0.29492188
 0.25683594 0.34082031 0.43261719 0.19042969 0.20117188 0.52148438
 0.27832031 0.33984375 0.30273438 0.20410156 0.19628906 0.26953125
 0.3046875  0.26367188 0.27246094 0.46777344 0.21777344 0.19335938
 0.51953125 0.16308594 0.40429688 0.20605469 0.24511719 0.33300781
 0.42871094 0.31152344 0.35839844 0.41503906 0.31152344 0.51074219
 0.21777344 0.33789062 0.23242188 0.34472656 0.28515625 0.26269531
 0.34960938 0.19726562 0.18945312 0.48046875 0.21582031 0.26757812
 0.24707031 0.28710938 0.3515625  0.18457031 0.18554688 0.39941406
 0.31445312 0.33398438 0.26171875 0.36230469 0.4140625  0.3515625
 0.25390625 0.1875     0.37109375 0.21679688 0.25488281 0.20019531
 0.39160156 0.29785156 0.19238281 0.47851562 0.33398438 0.23339844
 0.52734375 0.32910156 0.27832031 0.41601562 0.19140625 0.35546875
 0.31738281 0.26953125 0.42480469 0.30175781 0.19335938 0.21386719
 0.30566406 0.32128906 0.21386719 0.35742188]
num_samples: 100
mae: 0.4197369674034417
mse: 0.2692309950174117
rmse: 0.518874739236178
r-squared: -0.3812182159730888
adj r-squared: -0.43937477243511336
best_epoch: 29
