y_true: [-0.65018821  0.53281015  0.49665552 -0.1984587   0.30947819 -0.24304697
 -0.03290847 -0.09715477 -0.1452079   0.87052011  0.374596   -0.11506206
 -0.32727876  0.2752631   0.21259516  0.17342159 -0.34828225  0.06260063
 -0.0344236   0.13040362  0.9176057  -0.62353426 -0.6736809   0.9054938
  0.20312536  0.21343169  0.1654294  -0.84784466 -0.28151184 -0.26691633
 -0.19216131 -0.53667438 -0.11245651  0.38323104 -0.12755869 -0.35350382
  0.33923489 -0.74991912  0.44715691 -0.39361614  0.03660766  0.36901128
  0.51410341 -0.34599361 -0.8176707   0.59257859  0.11401354  0.83219773
 -0.7777136  -0.78979379 -0.12351869 -0.01369487  0.13337448 -0.00933307
  0.42925584 -0.42058    -0.60312909  0.55884045 -0.13076673  0.22588012
  0.01613788  0.10222853  0.37742126 -0.65572703 -0.26911494  0.10164671
 -0.1739611   0.42433637 -0.29183999  0.21348637  0.49122152  0.15828159
 -0.85824412 -0.45555675  0.21682617 -0.29688942 -0.31875274 -0.68433672
  0.27176446 -0.15195391 -0.60094184  0.36716241  0.01092578 -0.04855493
  1.          0.05589242 -0.09750014  0.06800747 -0.32690504  0.3710416
  0.37066382 -0.24479263 -0.23817019 -1.         -0.73131692 -0.76803148
 -0.35190848 -0.11656986 -0.3688519   0.19657342]
y_pred: [-0.50156164  0.32457769  0.33220255 -0.29405123  0.37757033 -0.29995388
 -0.01708252 -0.28029022 -0.06884272  0.56718397  0.03440961 -0.07478535
 -0.46813303  0.20014998  0.31173709  0.33148196 -0.45774326  0.12567182
  0.01215011 -0.1096815   0.46306264 -0.61818379 -0.61065632  0.52704448
  0.23732629  0.1727992   0.04314044 -0.71205544 -0.30974609 -0.33377767
 -0.19595423 -0.49504718 -0.11850699  0.53602135 -0.20844764 -0.44141853
  0.41396251 -0.70751631  0.32230356 -0.50640231  0.01456033  0.46876699
  0.61112314 -0.32684097 -0.38094535  0.60502404 -0.12945239  0.68677515
 -0.64045817 -0.59528857 -0.18883504  0.07661954  0.05221998  0.12403161
  0.48893696 -0.5600282  -0.68832606  0.47003031 -0.09709671  0.166795
  0.0638868   0.19204733  0.34937179 -0.63262659 -0.34563592  0.12763867
 -0.46291938  0.38000023 -0.3319011   0.34641787  0.52815598  0.22120984
 -0.73615491 -0.55405241  0.27595013 -0.29132718 -0.49955964 -0.59502089
  0.28744149 -0.16381781 -0.60739607  0.48758301  0.08002937 -0.05681458
  0.70221299  0.28386223  0.01845517  0.07036532 -0.35689932  0.36566156
  0.28548428 -0.37464663 -0.30921116 -0.69592345 -0.65824127 -0.70838892
 -0.24409278 -0.0377655  -0.44499591  0.20323259]
num_samples: 100
mae: 0.10290726027451455
mse: 0.019187952101504355
rmse: 0.13852058367442852
r-squared: 0.9015613006663555
adj r-squared: 0.8974165133259916
