y_true: [-0.65018821  0.53281015  0.49665552 -0.1984587   0.30947819 -0.24304697
 -0.03290847 -0.09715477 -0.1452079   0.87052011  0.374596   -0.11506206
 -0.32727876  0.2752631   0.21259516  0.17342159 -0.34828225  0.06260063
 -0.0344236   0.13040362  0.9176057  -0.62353426 -0.6736809   0.9054938
  0.20312536  0.21343169  0.1654294  -0.84784466 -0.28151184 -0.26691633
 -0.19216131 -0.53667438 -0.11245651  0.38323104 -0.12755869 -0.35350382
  0.33923489 -0.74991912  0.44715691 -0.39361614  0.03660766  0.36901128
  0.51410341 -0.34599361 -0.8176707   0.59257859  0.11401354  0.83219773
 -0.7777136  -0.78979379 -0.12351869 -0.01369487  0.13337448 -0.00933307
  0.42925584 -0.42058    -0.60312909  0.55884045 -0.13076673  0.22588012
  0.01613788  0.10222853  0.37742126 -0.65572703 -0.26911494  0.10164671
 -0.1739611   0.42433637 -0.29183999  0.21348637  0.49122152  0.15828159
 -0.85824412 -0.45555675  0.21682617 -0.29688942 -0.31875274 -0.68433672
  0.27176446 -0.15195391 -0.60094184  0.36716241  0.01092578 -0.04855493
  1.          0.05589242 -0.09750014  0.06800747 -0.32690504  0.3710416
  0.37066382 -0.24479263 -0.23817019 -1.         -0.73131692 -0.76803148
 -0.35190848 -0.11656986 -0.3688519   0.19657342]
y_pred: [-0.59091765  0.28628832  0.30195895 -0.31787232  0.3998839  -0.29448664
 -0.11004815 -0.31850895 -0.17228003  0.55618727  0.04384539 -0.08355904
 -0.52452141  0.11498971  0.13862117  0.28555143 -0.47950846  0.00702757
  0.02349591 -0.16164348  0.45066452 -0.64171696 -0.65287238  0.52710038
  0.26460916  0.07213182  0.06993553 -0.71015787 -0.40645251 -0.31152892
 -0.24217427 -0.52207124 -0.10912884  0.54173195 -0.33910701 -0.5001049
  0.38437805 -0.70545626  0.29268169 -0.46936029  0.01468061  0.42816812
  0.58357811 -0.42787862 -0.38115773  0.51427972 -0.16316752  0.67652655
 -0.67545915 -0.60027695 -0.25331888  0.06823779  0.0343766  -0.04124907
  0.4842608  -0.59150392 -0.72087616  0.44561374 -0.16311009  0.09142455
  0.03714619  0.06575409  0.3016296  -0.67516547 -0.42856708  0.01655174
 -0.43241224  0.40363005 -0.38342401  0.31955612  0.4924593   0.20181656
 -0.70798534 -0.59871703  0.24645297 -0.31096381 -0.54431957 -0.6859265
  0.18761115 -0.2490306  -0.67760795  0.43636271  0.09415159 -0.09810757
  0.66560882  0.18289958 -0.05112169 -0.03685747 -0.41320756  0.406131
  0.26735505 -0.39599633 -0.281066   -0.76223361 -0.66152483 -0.73981935
 -0.31579494 -0.16583931 -0.51409531  0.19136736]
num_samples: 100
mae: 0.11222816959954798
mse: 0.02148011277423204
rmse: 0.14656095241991313
r-squared: 0.8898019782491731
adj r-squared: 0.8851620615438751
best_epoch: 28
