y_true: [-0.65018821  0.53281015  0.49665552 -0.1984587   0.30947819 -0.24304697
 -0.03290847 -0.09715477 -0.1452079   0.87052011  0.374596   -0.11506206
 -0.32727876  0.2752631   0.21259516  0.17342159 -0.34828225  0.06260063
 -0.0344236   0.13040362  0.9176057  -0.62353426 -0.6736809   0.9054938
  0.20312536  0.21343169  0.1654294  -0.84784466 -0.28151184 -0.26691633
 -0.19216131 -0.53667438 -0.11245651  0.38323104 -0.12755869 -0.35350382
  0.33923489 -0.74991912  0.44715691 -0.39361614  0.03660766  0.36901128
  0.51410341 -0.34599361 -0.8176707   0.59257859  0.11401354  0.83219773
 -0.7777136  -0.78979379 -0.12351869 -0.01369487  0.13337448 -0.00933307
  0.42925584 -0.42058    -0.60312909  0.55884045 -0.13076673  0.22588012
  0.01613788  0.10222853  0.37742126 -0.65572703 -0.26911494  0.10164671
 -0.1739611   0.42433637 -0.29183999  0.21348637  0.49122152  0.15828159
 -0.85824412 -0.45555675  0.21682617 -0.29688942 -0.31875274 -0.68433672
  0.27176446 -0.15195391 -0.60094184  0.36716241  0.01092578 -0.04855493
  1.          0.05589242 -0.09750014  0.06800747 -0.32690504  0.3710416
  0.37066382 -0.24479263 -0.23817019 -1.         -0.73131692 -0.76803148
 -0.35190848 -0.11656986 -0.3688519   0.19657342]
y_pred: [0.22851562 0.30566406 0.35742188 0.20410156 0.32714844 0.19628906
 0.24023438 0.29003906 0.33496094 0.37304688 0.48535156 0.26953125
 0.26953125 0.41308594 0.44042969 0.44140625 0.17773438 0.30761719
 0.26074219 0.328125   0.38085938 0.15429688 0.18359375 0.46972656
 0.27734375 0.37304688 0.33398438 0.19335938 0.17285156 0.234375
 0.35253906 0.24902344 0.3046875  0.44335938 0.27441406 0.19335938
 0.46972656 0.19042969 0.41796875 0.18652344 0.22558594 0.33203125
 0.43554688 0.26953125 0.35351562 0.31738281 0.34960938 0.44042969
 0.19824219 0.31738281 0.21484375 0.33496094 0.30957031 0.28417969
 0.33300781 0.22363281 0.20214844 0.40429688 0.21484375 0.28027344
 0.24511719 0.31835938 0.32910156 0.15820312 0.20117188 0.34765625
 0.31542969 0.3203125  0.23828125 0.33105469 0.39453125 0.33691406
 0.18847656 0.21972656 0.37890625 0.21484375 0.26464844 0.18261719
 0.37402344 0.33886719 0.1875     0.40820312 0.34472656 0.24902344
 0.41113281 0.34960938 0.25292969 0.39941406 0.19042969 0.35449219
 0.31835938 0.25292969 0.46289062 0.28027344 0.1953125  0.19628906
 0.29492188 0.31542969 0.18359375 0.36425781]
num_samples: 100
mae: 0.42269595177844166
mse: 0.26742355466895473
rmse: 0.5171301138678299
r-squared: -0.3719456226247184
adj r-squared: -0.4297117541036537
