y_true: [-0.09306899 -0.27258253  0.16008958 -0.21116664  0.43398401 -0.47863573
  0.13426128  0.4431476   0.03394356 -0.66466618 -0.90634233 -0.45854884
  0.14801385 -0.60822886 -0.3242591  -0.41356704  0.07069704 -0.14115196
  0.10566022 -0.31720424  0.31918573  0.12998202  0.18358937 -0.52108032
  0.14270498 -0.47245744  1.         -0.2601712   0.28752375 -0.50259739
 -0.25498039 -0.44466028 -0.36699945 -0.20722339  0.19620712  0.28771925
  0.10925925  0.18319859  0.14105712  0.08759619 -0.5333789  -0.27776584
  0.35615945  0.71544284  0.10306858 -0.28524476  0.41363949 -0.27164999
 -0.78121418 -0.14312677 -0.13701206  0.28922158 -0.16102125  0.03250793
 -0.17595549 -0.22449546 -0.36383826 -0.44776741 -0.5605303  -0.36122587
 -0.92949069 -0.2962257  -0.30238786  0.31293711 -0.5221343  -0.51151502
 -0.04999832 -0.57095283 -0.15971498 -0.41722029 -0.30357891  0.41096601
 -0.89337683 -0.11942037  0.07071843 -0.6897741  -0.21217309 -0.16200756
 -0.24971506 -0.62025106  0.52128953 -0.12497903 -1.         -0.48076969
  0.53718424  0.1669915   0.20092726 -0.25984648 -0.06745447 -0.49520519
 -0.58735007  0.4650262  -0.58803445 -0.02626549  0.4374218  -0.15792395
 -0.15446329  0.09326684 -0.38089329 -0.714634  ]
y_pred: [ 0.0393059  -0.21257675  0.10797985 -0.15833052  0.19554536 -0.4416275
  0.13910383  0.15559134  0.14571837 -0.3451789  -0.45819721 -0.26332378
  0.11101069 -0.38494185 -0.23192722 -0.4420546  -0.09920567  0.13942014
  0.32327715 -0.11368197  0.13905303 -0.13105029  0.1031426  -0.33361253
  0.02696246 -0.31940791  0.35352838 -0.22320697  0.2150466  -0.3034496
 -0.01860669 -0.32065284 -0.31599808 -0.24253446  0.19474243  0.14270243
  0.05638666  0.15778942  0.03500345  0.0750088  -0.27393189 -0.14122921
  0.02604198  0.28673667  0.16614293 -0.03956855  0.19214882 -0.14028586
 -0.2120513  -0.23496769 -0.21591233  0.3722977  -0.2144663  -0.37336406
 -0.00631366 -0.13976033 -0.19979246  0.03445198 -0.36524042 -0.16572483
 -0.46861899 -0.32236359 -0.40172476  0.05157296 -0.32942331 -0.3425197
  0.18676326 -0.06471657 -0.30397201 -0.00157389 -0.34136736  0.34086302
 -0.50001395 -0.09848783  0.10645916 -0.34824556 -0.16650555 -0.28175119
 -0.21691012 -0.14741044  0.26513293 -0.10320345 -0.44912469 -0.48545405
  0.14464219  0.1285605   0.15940008 -0.3070308   0.20278935 -0.25180173
 -0.22046478  0.01978258 -0.22340705 -0.14557219  0.28218374  0.10145498
 -0.20775163 -0.32181269 -0.3454915  -0.24472812]
num_samples: 100
mae: 0.18939711594372055
mse: 0.059397961973718515
rmse: 0.2437169710416542
r-squared: 0.5977607287004398
adj r-squared: 0.5623990345202587
best_epoch: 27
