y_true: [-0.09306899 -0.27258253  0.16008958 -0.21116664  0.43398401 -0.47863573
  0.13426128  0.4431476   0.03394356 -0.66466618 -0.90634233 -0.45854884
  0.14801385 -0.60822886 -0.3242591  -0.41356704  0.07069704 -0.14115196
  0.10566022 -0.31720424  0.31918573  0.12998202  0.18358937 -0.52108032
  0.14270498 -0.47245744  1.         -0.2601712   0.28752375 -0.50259739
 -0.25498039 -0.44466028 -0.36699945 -0.20722339  0.19620712  0.28771925
  0.10925925  0.18319859  0.14105712  0.08759619 -0.5333789  -0.27776584
  0.35615945  0.71544284  0.10306858 -0.28524476  0.41363949 -0.27164999
 -0.78121418 -0.14312677 -0.13701206  0.28922158 -0.16102125  0.03250793
 -0.17595549 -0.22449546 -0.36383826 -0.44776741 -0.5605303  -0.36122587
 -0.92949069 -0.2962257  -0.30238786  0.31293711 -0.5221343  -0.51151502
 -0.04999832 -0.57095283 -0.15971498 -0.41722029 -0.30357891  0.41096601
 -0.89337683 -0.11942037  0.07071843 -0.6897741  -0.21217309 -0.16200756
 -0.24971506 -0.62025106  0.52128953 -0.12497903 -1.         -0.48076969
  0.53718424  0.1669915   0.20092726 -0.25984648 -0.06745447 -0.49520519
 -0.58735007  0.4650262  -0.58803445 -0.02626549  0.4374218  -0.15792395
 -0.15446329  0.09326684 -0.38089329 -0.714634  ]
y_pred: [-0.13968082 -0.35316807 -0.01481425 -0.27766511  0.08489569 -0.57881576
 -0.03471133  0.10154116  0.01443548 -0.45865065 -0.6335029  -0.39866671
  0.00111765 -0.55704921 -0.44400966 -0.55296278 -0.25132549  0.08297238
  0.15867251 -0.27785257  0.02002743 -0.21503708 -0.0744632  -0.49336508
 -0.05346054 -0.3892234   0.35362288 -0.35535765  0.12273744 -0.45346132
 -0.19653091 -0.47423926 -0.50371265 -0.43583182  0.10763425 -0.00193107
 -0.07084706  0.07950543 -0.04862922 -0.12305117 -0.42727292 -0.32909524
 -0.0497708   0.23923963  0.01305464 -0.18024592  0.12022843 -0.37041953
 -0.43480048 -0.4381294  -0.3116498   0.28397673 -0.33429974 -0.47402427
 -0.16757049 -0.23861854 -0.33042216 -0.14751792 -0.44064128 -0.34590125
 -0.61088806 -0.36052749 -0.55476457 -0.01585115 -0.46737003 -0.41550454
  0.10051703 -0.22322568 -0.36460292 -0.17889103 -0.38984755  0.28078654
 -0.5730381  -0.26018375  0.03672732 -0.4840661  -0.33423144 -0.38069996
 -0.35216045 -0.19179961  0.10969989 -0.25787386 -0.54523605 -0.55959713
  0.01428847  0.00499706  0.01350899 -0.44205567  0.08570484 -0.38419572
 -0.31877288 -0.02815224 -0.38408941 -0.30712724  0.23857051 -0.13654727
 -0.3631199  -0.45102167 -0.53793555 -0.45852309]
num_samples: 100
mae: 0.191570732438704
mse: 0.055657355587108166
rmse: 0.23591811203701205
r-squared: 0.6230918804297596
adj r-squared: 0.589957100687321
