y_true: [-0.09306899 -0.27258253  0.16008958 -0.21116664  0.43398401 -0.47863573
  0.13426128  0.4431476   0.03394356 -0.66466618 -0.90634233 -0.45854884
  0.14801385 -0.60822886 -0.3242591  -0.41356704  0.07069704 -0.14115196
  0.10566022 -0.31720424  0.31918573  0.12998202  0.18358937 -0.52108032
  0.14270498 -0.47245744  1.         -0.2601712   0.28752375 -0.50259739
 -0.25498039 -0.44466028 -0.36699945 -0.20722339  0.19620712  0.28771925
  0.10925925  0.18319859  0.14105712  0.08759619 -0.5333789  -0.27776584
  0.35615945  0.71544284  0.10306858 -0.28524476  0.41363949 -0.27164999
 -0.78121418 -0.14312677 -0.13701206  0.28922158 -0.16102125  0.03250793
 -0.17595549 -0.22449546 -0.36383826 -0.44776741 -0.5605303  -0.36122587
 -0.92949069 -0.2962257  -0.30238786  0.31293711 -0.5221343  -0.51151502
 -0.04999832 -0.57095283 -0.15971498 -0.41722029 -0.30357891  0.41096601
 -0.89337683 -0.11942037  0.07071843 -0.6897741  -0.21217309 -0.16200756
 -0.24971506 -0.62025106  0.52128953 -0.12497903 -1.         -0.48076969
  0.53718424  0.1669915   0.20092726 -0.25984648 -0.06745447 -0.49520519
 -0.58735007  0.4650262  -0.58803445 -0.02626549  0.4374218  -0.15792395
 -0.15446329  0.09326684 -0.38089329 -0.714634  ]
y_pred: [ 2.83557087e-01 -1.53362468e-01 -1.11141592e-01 -1.39232188e-01
  1.68398172e-01 -3.72390091e-01  3.30984592e-04  3.37129444e-01
 -1.64386723e-02 -3.41486484e-01 -6.65109515e-01 -3.43880922e-01
  1.28313094e-01 -3.47530216e-01 -5.27013958e-01 -4.84337091e-01
 -7.33205080e-02 -4.84567173e-02 -8.49814937e-02 -9.83186588e-02
  2.93474019e-01 -2.72879988e-01  6.19406961e-02 -4.16193783e-01
 -2.47780029e-02 -5.07944584e-01  3.55163157e-01 -1.77242264e-01
  2.90327102e-01 -4.06807929e-01 -5.60016297e-02 -4.23777670e-01
 -4.05907512e-01 -2.01907858e-01  5.93475439e-02  1.44899478e-02
 -2.40612894e-01  9.75353792e-02 -5.54086827e-02  1.38283953e-01
 -2.80720443e-01 -4.52538766e-02  1.11387506e-01  2.27990627e-01
  3.21392298e-01  8.74361843e-02  1.44394040e-01 -2.18719840e-01
 -4.37736720e-01 -2.27500781e-01 -3.02678853e-01  2.09062904e-01
 -1.70248434e-01 -3.72684717e-01 -1.30727574e-01 -7.77061880e-02
 -3.49332958e-01 -7.91560039e-02 -6.69807196e-01 -2.34452605e-01
 -6.08473599e-01 -4.32778805e-01 -3.49806130e-01  1.16539016e-01
 -3.29409659e-01 -5.81265330e-01 -4.98309135e-02 -3.77504885e-01
 -8.51046890e-02  1.52675822e-01 -2.65893251e-01  1.88750505e-01
 -7.00974941e-01  1.53793424e-01 -3.20906073e-01 -5.43617129e-01
 -3.28506947e-01 -2.55081326e-01 -3.81451964e-01 -4.21138942e-01
  2.64915705e-01 -1.21593475e-05 -7.07481861e-01 -4.61369395e-01
  8.68757218e-02  7.41555989e-02  3.61809693e-02 -2.44427845e-01
 -2.06324220e-01 -2.78605342e-01 -4.63055879e-01 -5.95197566e-02
 -4.82868373e-01 -8.65439847e-02  2.94253469e-01  8.97310674e-02
 -2.36115798e-01 -2.43787020e-01 -3.38381916e-01 -5.22508264e-01]
num_samples: 100
mae: 0.17687602660618723
mse: 0.04903264074614653
rmse: 0.2214331518678866
r-squared: 0.6679540336358718
adj r-squared: 0.6387631794500144
best_epoch: 28
