y_true: [-0.09306899 -0.27258253  0.16008958 -0.21116664  0.43398401 -0.47863573
  0.13426128  0.4431476   0.03394356 -0.66466618 -0.90634233 -0.45854884
  0.14801385 -0.60822886 -0.3242591  -0.41356704  0.07069704 -0.14115196
  0.10566022 -0.31720424  0.31918573  0.12998202  0.18358937 -0.52108032
  0.14270498 -0.47245744  1.         -0.2601712   0.28752375 -0.50259739
 -0.25498039 -0.44466028 -0.36699945 -0.20722339  0.19620712  0.28771925
  0.10925925  0.18319859  0.14105712  0.08759619 -0.5333789  -0.27776584
  0.35615945  0.71544284  0.10306858 -0.28524476  0.41363949 -0.27164999
 -0.78121418 -0.14312677 -0.13701206  0.28922158 -0.16102125  0.03250793
 -0.17595549 -0.22449546 -0.36383826 -0.44776741 -0.5605303  -0.36122587
 -0.92949069 -0.2962257  -0.30238786  0.31293711 -0.5221343  -0.51151502
 -0.04999832 -0.57095283 -0.15971498 -0.41722029 -0.30357891  0.41096601
 -0.89337683 -0.11942037  0.07071843 -0.6897741  -0.21217309 -0.16200756
 -0.24971506 -0.62025106  0.52128953 -0.12497903 -1.         -0.48076969
  0.53718424  0.1669915   0.20092726 -0.25984648 -0.06745447 -0.49520519
 -0.58735007  0.4650262  -0.58803445 -0.02626549  0.4374218  -0.15792395
 -0.15446329  0.09326684 -0.38089329 -0.714634  ]
y_pred: [ 0.34604883  0.07827272 -0.02406999 -0.07012945  0.29676849 -0.3121672
  0.13014929  0.3992781   0.12524886 -0.27441046 -0.56675488 -0.17148945
  0.21684319 -0.31481931 -0.34402826 -0.3479459  -0.00497757  0.03408673
  0.04691974 -0.08924498  0.26593027 -0.17947313  0.09061086 -0.34340629
  0.15201202 -0.39624017  0.34755406 -0.13255024  0.303285   -0.38078344
  0.03870153 -0.31902042 -0.30746892 -0.06094038  0.14831002  0.17423195
 -0.20857893  0.13133565  0.03397935  0.21396893 -0.12670651 -0.03082583
  0.18486328  0.28417063  0.32365742  0.06976672  0.23730806 -0.21568148
 -0.42563546 -0.19649062 -0.30790064  0.25933549 -0.1239093  -0.23181616
 -0.02845148 -0.01794598 -0.34146547 -0.03760001 -0.57086819 -0.04720601
 -0.53823894 -0.38227549 -0.2734015   0.17903978 -0.34639567 -0.53269166
 -0.02086569 -0.20801961  0.09833129  0.27252844 -0.21365176  0.24029192
 -0.61437005  0.16657877 -0.11369053 -0.4603368  -0.24754837 -0.22405367
 -0.27564505 -0.24208879  0.33100542  0.00713825 -0.68734622 -0.36999351
  0.13869464  0.03778211  0.09556155 -0.13533634 -0.22961342 -0.11918525
 -0.26614401  0.01162191 -0.48554963  0.06605025  0.32188487  0.1568504
 -0.09364632 -0.17519458 -0.27682889 -0.40899864]
num_samples: 100
mae: 0.18770885990932584
mse: 0.05523589744502288
rmse: 0.23502318490953797
r-squared: 0.6259459685217157
adj r-squared: 0.5930620976225258
