y_true: [-0.65018821  0.53281015  0.49665552 -0.1984587   0.30947819 -0.24304697
 -0.03290847 -0.09715477 -0.1452079   0.87052011  0.374596   -0.11506206
 -0.32727876  0.2752631   0.21259516  0.17342159 -0.34828225  0.06260063
 -0.0344236   0.13040362  0.9176057  -0.62353426 -0.6736809   0.9054938
  0.20312536  0.21343169  0.1654294  -0.84784466 -0.28151184 -0.26691633
 -0.19216131 -0.53667438 -0.11245651  0.38323104 -0.12755869 -0.35350382
  0.33923489 -0.74991912  0.44715691 -0.39361614  0.03660766  0.36901128
  0.51410341 -0.34599361 -0.8176707   0.59257859  0.11401354  0.83219773
 -0.7777136  -0.78979379 -0.12351869 -0.01369487  0.13337448 -0.00933307
  0.42925584 -0.42058    -0.60312909  0.55884045 -0.13076673  0.22588012
  0.01613788  0.10222853  0.37742126 -0.65572703 -0.26911494  0.10164671
 -0.1739611   0.42433637 -0.29183999  0.21348637  0.49122152  0.15828159
 -0.85824412 -0.45555675  0.21682617 -0.29688942 -0.31875274 -0.68433672
  0.27176446 -0.15195391 -0.60094184  0.36716241  0.01092578 -0.04855493
  1.          0.05589242 -0.09750014  0.06800747 -0.32690504  0.3710416
  0.37066382 -0.24479263 -0.23817019 -1.         -0.73131692 -0.76803148
 -0.35190848 -0.11656986 -0.3688519   0.19657342]
y_pred: [-0.43921584  0.485102    0.42509279 -0.09369476  0.36214641 -0.24037829
 -0.14869894 -0.22301708 -0.26061222  0.65806621  0.41715497 -0.14372633
 -0.46892732  0.12786317  0.21682948  0.17073375 -0.32608217  0.10401018
  0.0736051   0.30055004  0.82110709 -0.53085375 -0.57621914  0.42774141
  0.39348093  0.39255321  0.33994338 -0.61482841 -0.25560722 -0.40508035
 -0.31715053 -0.51572257 -0.19275872  0.22310553 -0.14626154 -0.30338895
  0.35566604 -0.58290029  0.62045813 -0.54476523  0.11543905  0.27060649
  0.47782254 -0.28592098 -0.43197116  0.71553838  0.17228165  0.5923143
 -0.63933772 -0.65407729  0.03014944  0.09144991  0.25011325  0.11511335
  0.58065134 -0.45352539 -0.60819083  0.50729352 -0.06027947  0.23261724
  0.20265482  0.23441125  0.61236727 -0.58387607 -0.16562733  0.09321275
 -0.39600366  0.61771113 -0.30795214  0.35224277  0.66034019  0.32483113
 -0.54962003 -0.46152633  0.30459639 -0.32497084 -0.18035716 -0.59207082
 -0.58538926 -0.2390649  -0.61405587  0.46985352  0.0675106   0.0949762
  0.64321762  0.20604272 -0.01291774 -0.04889688 -0.27404878  0.59631056
  0.28391969 -0.3580384   0.01453458 -0.68127239 -0.42773241 -0.64101279
 -0.35418195 -0.10760651 -0.43787995  0.40277398]
num_samples: 100
mae: 0.12649755199439824
mse: 0.02939757464162418
rmse: 0.1714572093603071
r-squared: 0.8491835399642085
adj r-squared: 0.8428333732258594
best_epoch: 29
