y_true: [-0.65018821  0.53281015  0.49665552 -0.1984587   0.30947819 -0.24304697
 -0.03290847 -0.09715477 -0.1452079   0.87052011  0.374596   -0.11506206
 -0.32727876  0.2752631   0.21259516  0.17342159 -0.34828225  0.06260063
 -0.0344236   0.13040362  0.9176057  -0.62353426 -0.6736809   0.9054938
  0.20312536  0.21343169  0.1654294  -0.84784466 -0.28151184 -0.26691633
 -0.19216131 -0.53667438 -0.11245651  0.38323104 -0.12755869 -0.35350382
  0.33923489 -0.74991912  0.44715691 -0.39361614  0.03660766  0.36901128
  0.51410341 -0.34599361 -0.8176707   0.59257859  0.11401354  0.83219773
 -0.7777136  -0.78979379 -0.12351869 -0.01369487  0.13337448 -0.00933307
  0.42925584 -0.42058    -0.60312909  0.55884045 -0.13076673  0.22588012
  0.01613788  0.10222853  0.37742126 -0.65572703 -0.26911494  0.10164671
 -0.1739611   0.42433637 -0.29183999  0.21348637  0.49122152  0.15828159
 -0.85824412 -0.45555675  0.21682617 -0.29688942 -0.31875274 -0.68433672
  0.27176446 -0.15195391 -0.60094184  0.36716241  0.01092578 -0.04855493
  1.          0.05589242 -0.09750014  0.06800747 -0.32690504  0.3710416
  0.37066382 -0.24479263 -0.23817019 -1.         -0.73131692 -0.76803148
 -0.35190848 -0.11656986 -0.3688519   0.19657342]
y_pred: [-0.52074373  0.46560571  0.43523368 -0.12254707  0.40190876 -0.24192107
 -0.04002786 -0.12167358 -0.21807051  0.71150237  0.42855844 -0.06782699
 -0.47631431  0.16502358  0.23948227  0.2393395  -0.35739708  0.16588056
  0.0194152   0.33009607  0.81220263 -0.57365352 -0.4966183   0.46130115
  0.4238919   0.41345122  0.30598873 -0.60898894 -0.2730484  -0.41257632
 -0.17760491 -0.51266468 -0.2323042   0.25768882 -0.11776803 -0.34085548
  0.36564919 -0.61291397  0.68609917 -0.46895126  0.20766719  0.16391952
  0.52414417 -0.32168251 -0.35148981  0.72294813  0.17601888  0.60124123
 -0.65174288 -0.66396803  0.06700518  0.06168077  0.32422209  0.04617979
  0.60431468 -0.40726936 -0.63212591  0.52959919 -0.0439184   0.2903032
  0.101716    0.29622707  0.60701156 -0.55426228 -0.23694223  0.11223702
 -0.3832947   0.58955634 -0.25482267  0.41359001  0.66467726  0.28810343
 -0.57617581 -0.42709601  0.39741135 -0.34302771 -0.21157332 -0.60518491
 -0.57044005 -0.25967324 -0.61958313  0.55424386  0.13488589  0.00935739
  0.6496712   0.12876216 -0.05306452 -0.05141841 -0.28086433  0.64083773
  0.20576794 -0.44767514  0.04870905 -0.68049043 -0.42725515 -0.68740046
 -0.34622851 -0.01694983 -0.45718041  0.4399493 ]
num_samples: 100
mae: 0.12815378186292947
mse: 0.030564226457527877
rmse: 0.17482627507765494
r-squared: 0.8431983422356927
adj r-squared: 0.8365961671719324
