y_true: [-0.09306899 -0.27258253  0.16008958 -0.21116664  0.43398401 -0.47863573
  0.13426128  0.4431476   0.03394356 -0.66466618 -0.90634233 -0.45854884
  0.14801385 -0.60822886 -0.3242591  -0.41356704  0.07069704 -0.14115196
  0.10566022 -0.31720424  0.31918573  0.12998202  0.18358937 -0.52108032
  0.14270498 -0.47245744  1.         -0.2601712   0.28752375 -0.50259739
 -0.25498039 -0.44466028 -0.36699945 -0.20722339  0.19620712  0.28771925
  0.10925925  0.18319859  0.14105712  0.08759619 -0.5333789  -0.27776584
  0.35615945  0.71544284  0.10306858 -0.28524476  0.41363949 -0.27164999
 -0.78121418 -0.14312677 -0.13701206  0.28922158 -0.16102125  0.03250793
 -0.17595549 -0.22449546 -0.36383826 -0.44776741 -0.5605303  -0.36122587
 -0.92949069 -0.2962257  -0.30238786  0.31293711 -0.5221343  -0.51151502
 -0.04999832 -0.57095283 -0.15971498 -0.41722029 -0.30357891  0.41096601
 -0.89337683 -0.11942037  0.07071843 -0.6897741  -0.21217309 -0.16200756
 -0.24971506 -0.62025106  0.52128953 -0.12497903 -1.         -0.48076969
  0.53718424  0.1669915   0.20092726 -0.25984648 -0.06745447 -0.49520519
 -0.58735007  0.4650262  -0.58803445 -0.02626549  0.4374218  -0.15792395
 -0.15446329  0.09326684 -0.38089329 -0.714634  ]
y_pred: [-0.06727047 -0.32900426  0.17619629 -0.25243536  0.25824165 -0.42802277
  0.28185728 -0.06853879  0.30493534 -0.56696969 -0.38824305 -0.35045528
  0.25165954 -0.2169259  -0.30192089 -0.40944114  0.19086003  0.14739603
  0.25730708  0.00235246 -0.00932868 -0.01795252  0.34632218 -0.25997582
  0.12369239 -0.47553214  0.46916848 -0.1023759   0.11499451 -0.15058503
  0.10831638 -0.16451328 -0.08750116 -0.29705128  0.20188384  0.25509387
 -0.09398081  0.3408156   0.04088715  0.16561772 -0.17078723 -0.05289128
  0.14125165  0.1023048   0.04344104 -0.08449724  0.26540115 -0.01182261
 -0.31668964  0.00785423 -0.36571303  0.468642   -0.23053868 -0.14457397
  0.11528048 -0.2398466   0.01959096 -0.0989235  -0.44335046 -0.32793927
 -0.36300036 -0.53561538 -0.15371819  0.13574518 -0.30763918 -0.42306873
 -0.09405212 -0.34389323 -0.44366345 -0.17112759 -0.30933267  0.37927932
 -0.49997333 -0.27930763  0.0136677  -0.26966026 -0.18513034 -0.28209561
 -0.37336007 -0.18885341  0.15556049  0.09178085 -0.30770096 -0.39657855
  0.04016447 -0.02865571  0.08540758 -0.18108781  0.07743242 -0.30885264
 -0.15770812  0.28263909 -0.16155668  0.16178454  0.00603408  0.2807236
 -0.00995324 -0.34828597 -0.22394592 -0.10647134]
num_samples: 100
mae: 0.2172144588897936
mse: 0.07313273915287184
rmse: 0.27043065497992613
r-squared: 0.5047496794922375
adj r-squared: 0.4612111897772694
