y_true: [-0.09306899 -0.27258253  0.16008958 -0.21116664  0.43398401 -0.47863573
  0.13426128  0.4431476   0.03394356 -0.66466618 -0.90634233 -0.45854884
  0.14801385 -0.60822886 -0.3242591  -0.41356704  0.07069704 -0.14115196
  0.10566022 -0.31720424  0.31918573  0.12998202  0.18358937 -0.52108032
  0.14270498 -0.47245744  1.         -0.2601712   0.28752375 -0.50259739
 -0.25498039 -0.44466028 -0.36699945 -0.20722339  0.19620712  0.28771925
  0.10925925  0.18319859  0.14105712  0.08759619 -0.5333789  -0.27776584
  0.35615945  0.71544284  0.10306858 -0.28524476  0.41363949 -0.27164999
 -0.78121418 -0.14312677 -0.13701206  0.28922158 -0.16102125  0.03250793
 -0.17595549 -0.22449546 -0.36383826 -0.44776741 -0.5605303  -0.36122587
 -0.92949069 -0.2962257  -0.30238786  0.31293711 -0.5221343  -0.51151502
 -0.04999832 -0.57095283 -0.15971498 -0.41722029 -0.30357891  0.41096601
 -0.89337683 -0.11942037  0.07071843 -0.6897741  -0.21217309 -0.16200756
 -0.24971506 -0.62025106  0.52128953 -0.12497903 -1.         -0.48076969
  0.53718424  0.1669915   0.20092726 -0.25984648 -0.06745447 -0.49520519
 -0.58735007  0.4650262  -0.58803445 -0.02626549  0.4374218  -0.15792395
 -0.15446329  0.09326684 -0.38089329 -0.714634  ]
y_pred: [ 0.06709697 -0.27517593  0.14723641 -0.36645839  0.34550345 -0.40558299
  0.36075762 -0.01658566  0.39077413 -0.49620011 -0.37286583 -0.33092707
  0.26852134 -0.24011268 -0.36475655 -0.44573191  0.18672411  0.19779743
  0.22241159 -0.10246783  0.10654581 -0.13128728  0.42924139 -0.22852668
  0.21058236 -0.46204573  0.44812685 -0.19818622  0.09980134 -0.11126505
  0.09465001 -0.21183455 -0.08585174 -0.28495592  0.26575363  0.30787492
 -0.06257268  0.24769261  0.04306719  0.2169693  -0.20745964 -0.15301315
  0.15862456  0.04311404 -0.03176152 -0.15061133  0.23567936  0.04318294
 -0.30412734 -0.06025752 -0.39326701  0.47535786 -0.29988733 -0.22213794
  0.07686056 -0.25598207 -0.07632142 -0.02648496 -0.45416081 -0.36010376
 -0.40426284 -0.45318925 -0.04948762  0.14387982 -0.23950569 -0.37765279
 -0.04858137 -0.36951786 -0.39980128 -0.24935703 -0.34018797  0.30726323
 -0.5223816  -0.20369183  0.06167022 -0.28546232 -0.12861985 -0.26146039
 -0.42708626 -0.16988921  0.17964838  0.06487476 -0.33984339 -0.4473781
  0.02426233 -0.01906395  0.12946068 -0.16212019  0.12883103 -0.22933385
 -0.15861818  0.24234056 -0.17791358  0.09315788 -0.00643118  0.26193485
 -0.04030965 -0.37861297 -0.24501044 -0.16627686]
num_samples: 100
mae: 0.21891537885181606
mse: 0.0729013619698757
rmse: 0.27000252215465637
r-squared: 0.506316551256708
adj r-squared: 0.4629158085100451
best_epoch: 29
