epoch,batch,train_batch_loss
0,0,0.6192796230316162
0,1,0.49634408950805664
0,2,0.6733567118644714
0,3,0.8745344281196594
0,4,0.6156145334243774
0,5,0.7447271943092346
0,6,0.7380329370498657
0,7,0.7976217865943909
0,8,0.7907655239105225
0,9,0.7328360676765442
0,10,0.7780949473381042
0,11,0.6736015677452087
0,12,0.8234729766845703
0,13,0.7108290195465088
0,14,0.892490029335022
0,15,0.8798288106918335
0,16,0.7108885049819946
0,17,0.5644904375076294
0,18,0.6411420106887817
0,19,0.7361191511154175
1,0,0.7276068925857544
1,1,0.6713065505027771
1,2,0.6995477676391602
1,3,0.6531849503517151
1,4,0.6527201533317566
1,5,0.6791714429855347
1,6,0.6777108907699585
1,7,0.7401701211929321
1,8,0.6726599931716919
1,9,0.7199805974960327
1,10,0.6759951114654541
1,11,0.7271007299423218
1,12,0.6942746043205261
1,13,0.7109713554382324
1,14,0.6960214376449585
1,15,0.7085002660751343
1,16,0.7063983678817749
1,17,0.6751542687416077
1,18,0.7173628807067871
1,19,0.694743275642395
2,0,0.6865451335906982
2,1,0.6811996698379517
2,2,0.6910840272903442
2,3,0.6907030344009399
2,4,0.706348180770874
2,5,0.6991158723831177
2,6,0.6955979466438293
2,7,0.700910210609436
2,8,0.6747115850448608
2,9,0.6989368796348572
2,10,0.6901589035987854
2,11,0.6864776015281677
2,12,0.6968133449554443
2,13,0.6972736120223999
2,14,0.7054066061973572
2,15,0.6926264762878418
2,16,0.6918970346450806
2,17,0.6997644901275635
2,18,0.6871599555015564
2,19,0.6907938718795776
3,0,0.6932733654975891
3,1,0.689175546169281
3,2,0.6946338415145874
3,3,0.6898421049118042
3,4,0.6920243501663208
3,5,0.691501796245575
3,6,0.6916658282279968
3,7,0.6931544542312622
3,8,0.6895128488540649
3,9,0.6909241676330566
3,10,0.6928070783615112
3,11,0.6874507069587708
3,12,0.6912248730659485
3,13,0.6921457052230835
3,14,0.6933220624923706
3,15,0.6829215288162231
3,16,0.6892452239990234
3,17,0.6926291584968567
3,18,0.688962996006012
3,19,0.7186565399169922
4,0,0.6975566148757935
4,1,0.6896787881851196
4,2,0.6854878067970276
4,3,0.6882559657096863
4,4,0.6836738586425781
4,5,0.6789766550064087
4,6,0.6788919568061829
4,7,0.6949478387832642
4,8,0.7113591432571411
4,9,0.6978570222854614
4,10,0.6793195009231567
4,11,0.6929640173912048
4,12,0.6983548998832703
4,13,0.6993476748466492
4,14,0.6890625953674316
4,15,0.6913089752197266
4,16,0.6926674246788025
4,17,0.6896246075630188
4,18,0.6861199140548706
4,19,0.6965346932411194
5,0,0.6930844187736511
5,1,0.6906498074531555
5,2,0.6907641291618347
5,3,0.6873534321784973
5,4,0.6903814077377319
5,5,0.6868253946304321
5,6,0.6887480616569519
5,7,0.6897245049476624
5,8,0.6855357885360718
5,9,0.6942558884620667
5,10,0.6893951296806335
5,11,0.6879107356071472
5,12,0.6838045120239258
5,13,0.6955860257148743
5,14,0.6901992559432983
5,15,0.6878935098648071
5,16,0.6945329904556274
5,17,0.6821895241737366
5,18,0.6949376463890076
5,19,0.6933612823486328
6,0,0.690090537071228
6,1,0.6869193315505981
6,2,0.6868443489074707
6,3,0.6877681016921997
6,4,0.6910666227340698
6,5,0.692102313041687
6,6,0.6894489526748657
6,7,0.6836274862289429
6,8,0.6926563382148743
6,9,0.6928714513778687
6,10,0.6908546090126038
6,11,0.6921875476837158
6,12,0.6831282377243042
6,13,0.6918354034423828
6,14,0.6861125230789185
6,15,0.6925487518310547
6,16,0.6893274188041687
6,17,0.6923509836196899
6,18,0.6865787506103516
6,19,0.689149022102356
7,0,0.6878215074539185
7,1,0.6935049295425415
7,2,0.6902495622634888
7,3,0.6900469064712524
7,4,0.6824231743812561
7,5,0.6826105117797852
7,6,0.6911741495132446
7,7,0.6856530904769897
7,8,0.6849908828735352
7,9,0.6889722943305969
7,10,0.6832461357116699
7,11,0.6829109191894531
7,12,0.6913986206054688
7,13,0.6865438222885132
7,14,0.6882948875427246
7,15,0.6919644474983215
7,16,0.6911481022834778
7,17,0.6821192502975464
7,18,0.6854104399681091
7,19,0.6905883550643921
8,0,0.6840652823448181
8,1,0.6903939247131348
8,2,0.6913930177688599
8,3,0.6942252516746521
8,4,0.6897286176681519
8,5,0.6930156350135803
8,6,0.6889809370040894
8,7,0.6865843534469604
8,8,0.6845916509628296
8,9,0.6791762709617615
8,10,0.6810836791992188
8,11,0.690520703792572
8,12,0.6831609010696411
8,13,0.6907591819763184
8,14,0.687808632850647
8,15,0.6845625042915344
8,16,0.6810185313224792
8,17,0.6834008097648621
8,18,0.690657913684845
8,19,0.6901598572731018
9,0,0.6760293841362
9,1,0.688483476638794
9,2,0.6781870126724243
9,3,0.6790603399276733
9,4,0.6985397338867188
9,5,0.705034613609314
9,6,0.6666525602340698
9,7,0.668954074382782
9,8,0.6751483678817749
9,9,0.7012729644775391
9,10,0.6700654029846191
9,11,0.6752663850784302
9,12,0.6875885725021362
9,13,0.715882420539856
9,14,0.6827358603477478
9,15,0.6904183626174927
9,16,0.6841637492179871
9,17,0.6836088299751282
9,18,0.6892498731613159
9,19,0.6823047399520874
10,0,0.683112621307373
10,1,0.6880615949630737
10,2,0.6883987784385681
10,3,0.6843526363372803
10,4,0.6746791005134583
10,5,0.6776272058486938
10,6,0.6845851540565491
10,7,0.6905323266983032
10,8,0.6877127289772034
10,9,0.6802660226821899
10,10,0.6792812347412109
10,11,0.6838521957397461
10,12,0.6779583692550659
10,13,0.6803139448165894
10,14,0.6887885928153992
10,15,0.6760269403457642
10,16,0.6805323362350464
10,17,0.6868715286254883
10,18,0.6765632629394531
10,19,0.6823544502258301
11,0,0.6889342069625854
11,1,0.6772757768630981
11,2,0.6786296963691711
11,3,0.6942537426948547
11,4,0.6855617761611938
11,5,0.669406533241272
11,6,0.67963045835495
11,7,0.6914752721786499
11,8,0.6771988868713379
11,9,0.6828232407569885
11,10,0.6673647165298462
11,11,0.6711966395378113
11,12,0.6823211908340454
11,13,0.6897029280662537
11,14,0.683791995048523
11,15,0.667671799659729
11,16,0.6918795704841614
11,17,0.6762185096740723
11,18,0.7080813050270081
11,19,0.680004894733429
12,0,0.6754176020622253
12,1,0.6844050288200378
12,2,0.684370219707489
12,3,0.6695979833602905
12,4,0.6774388551712036
12,5,0.6777734160423279
12,6,0.6776248216629028
12,7,0.6636810898780823
12,8,0.6631318926811218
12,9,0.6777263879776001
12,10,0.6892531514167786
12,11,0.6905527710914612
12,12,0.6776823997497559
12,13,0.6849125027656555
12,14,0.6839033961296082
12,15,0.672435998916626
12,16,0.680733859539032
12,17,0.680061936378479
12,18,0.6932138204574585
12,19,0.6727237105369568
13,0,0.6818524599075317
13,1,0.6658858060836792
13,2,0.6680900454521179
13,3,0.6717519164085388
13,4,0.6760956645011902
13,5,0.6881027817726135
13,6,0.677033543586731
13,7,0.6798374652862549
13,8,0.6672968864440918
13,9,0.6805281639099121
13,10,0.6791282892227173
13,11,0.6786419749259949
13,12,0.6678484678268433
13,13,0.6787206530570984
13,14,0.6740166544914246
13,15,0.681868314743042
13,16,0.6749508380889893
13,17,0.6723147034645081
13,18,0.6809948682785034
13,19,0.6726027131080627
14,0,0.6622556447982788
14,1,0.6614795327186584
14,2,0.6665916442871094
14,3,0.6775177121162415
14,4,0.6731966137886047
14,5,0.6861380934715271
14,6,0.6616067290306091
14,7,0.6888698935508728
14,8,0.6769111156463623
14,9,0.6730829477310181
14,10,0.6826051473617554
14,11,0.675148606300354
14,12,0.6758559942245483
14,13,0.6782723069190979
14,14,0.6682345867156982
14,15,0.6748753786087036
14,16,0.6642345190048218
14,17,0.6745562553405762
14,18,0.6666080355644226
14,19,0.6764619946479797
15,0,0.6624849438667297
15,1,0.6640053987503052
15,2,0.6675025224685669
15,3,0.6569159626960754
15,4,0.6539804339408875
15,5,0.683846116065979
15,6,0.6512798070907593
15,7,0.6697512865066528
15,8,0.6842957735061646
15,9,0.6791616678237915
15,10,0.673211932182312
15,11,0.6811079978942871
15,12,0.6591388583183289
15,13,0.6569928526878357
15,14,0.6755927205085754
15,15,0.6620751023292542
15,16,0.6722501516342163
15,17,0.6744052171707153
15,18,0.6857519149780273
15,19,0.6858946681022644
16,0,0.6623731851577759
16,1,0.6724329590797424
16,2,0.6643843054771423
16,3,0.6837134957313538
16,4,0.6556190252304077
16,5,0.6611344814300537
16,6,0.6761512756347656
16,7,0.6563208103179932
16,8,0.6439412832260132
16,9,0.655993640422821
16,10,0.6855123043060303
16,11,0.6614125967025757
16,12,0.6774351596832275
16,13,0.6597017645835876
16,14,0.6660056114196777
16,15,0.6492019891738892
16,16,0.6558901071548462
16,17,0.6626160144805908
16,18,0.6642524600028992
16,19,0.6986182928085327
17,0,0.6561228036880493
17,1,0.6584974527359009
17,2,0.6669713854789734
17,3,0.6480478644371033
17,4,0.6466997861862183
17,5,0.6620282530784607
17,6,0.6671408414840698
17,7,0.6451731324195862
17,8,0.6607523560523987
17,9,0.6632134914398193
17,10,0.7052470445632935
17,11,0.6496848464012146
17,12,0.667300820350647
17,13,0.6538915634155273
17,14,0.67190021276474
17,15,0.6434275507926941
17,16,0.6500827670097351
17,17,0.6813404560089111
17,18,0.67765873670578
17,19,0.648957371711731
18,0,0.6711663603782654
18,1,0.6691220998764038
18,2,0.6667643785476685
18,3,0.6744757294654846
18,4,0.637233316898346
18,5,0.6640628576278687
18,6,0.65642249584198
18,7,0.6560463905334473
18,8,0.6606172323226929
18,9,0.6619859337806702
18,10,0.6730462312698364
18,11,0.670319676399231
18,12,0.6529346704483032
18,13,0.6754226088523865
18,14,0.6657240986824036
18,15,0.6556567549705505
18,16,0.6379483938217163
18,17,0.6776560544967651
18,18,0.6494361162185669
18,19,0.6392409205436707
19,0,0.6556850671768188
19,1,0.6678174734115601
19,2,0.6535176038742065
19,3,0.6633313298225403
19,4,0.6436141729354858
19,5,0.6778597235679626
19,6,0.6504181623458862
19,7,0.669799268245697
19,8,0.6520617604255676
19,9,0.6363916397094727
19,10,0.6454589366912842
19,11,0.6420861482620239
19,12,0.659241795539856
19,13,0.6643202900886536
19,14,0.6499868631362915
19,15,0.651369571685791
19,16,0.6504700779914856
19,17,0.663674533367157
19,18,0.65335613489151
19,19,0.6499536633491516