y_true: [-0.09306899 -0.27258253  0.16008958 -0.21116664  0.43398401 -0.47863573
  0.13426128  0.4431476   0.03394356 -0.66466618 -0.90634233 -0.45854884
  0.14801385 -0.60822886 -0.3242591  -0.41356704  0.07069704 -0.14115196
  0.10566022 -0.31720424  0.31918573  0.12998202  0.18358937 -0.52108032
  0.14270498 -0.47245744  1.         -0.2601712   0.28752375 -0.50259739
 -0.25498039 -0.44466028 -0.36699945 -0.20722339  0.19620712  0.28771925
  0.10925925  0.18319859  0.14105712  0.08759619 -0.5333789  -0.27776584
  0.35615945  0.71544284  0.10306858 -0.28524476  0.41363949 -0.27164999
 -0.78121418 -0.14312677 -0.13701206  0.28922158 -0.16102125  0.03250793
 -0.17595549 -0.22449546 -0.36383826 -0.44776741 -0.5605303  -0.36122587
 -0.92949069 -0.2962257  -0.30238786  0.31293711 -0.5221343  -0.51151502
 -0.04999832 -0.57095283 -0.15971498 -0.41722029 -0.30357891  0.41096601
 -0.89337683 -0.11942037  0.07071843 -0.6897741  -0.21217309 -0.16200756
 -0.24971506 -0.62025106  0.52128953 -0.12497903 -1.         -0.48076969
  0.53718424  0.1669915   0.20092726 -0.25984648 -0.06745447 -0.49520519
 -0.58735007  0.4650262  -0.58803445 -0.02626549  0.4374218  -0.15792395
 -0.15446329  0.09326684 -0.38089329 -0.714634  ]
y_pred: [ 0.01649644 -0.42031142  0.1688938  -0.43166664  0.35644376 -0.43420273
  0.34040707  0.03223097  0.42620534 -0.61367846 -0.41719562 -0.32141185
  0.33175859 -0.3900927  -0.40503219 -0.42251486  0.11995176  0.18600653
  0.39798394 -0.27365524  0.14098085 -0.08192927  0.36843312 -0.2536585
  0.20995019 -0.3977448   0.47796908 -0.21599278  0.2014882  -0.29327387
  0.11660394 -0.21866527 -0.05014914 -0.24890831 -0.158152    0.32846648
 -0.16658121  0.40754905 -0.00160973  0.12681015 -0.29303762 -0.15110701
  0.2753737  -0.06309614  0.16407348 -0.13678165  0.10114114 -0.0314844
 -0.31199101 -0.10203668 -0.1360646   0.44857314 -0.13286336 -0.23828202
  0.19027191 -0.27096075 -0.14052092 -0.27105564 -0.37556615 -0.51687872
 -0.55784684 -0.43598115 -0.29708919  0.18252304 -0.31984359 -0.32549047
 -0.02474545 -0.39485365 -0.45593575 -0.3350175  -0.51434296  0.33954206
 -0.49011767 -0.2344172   0.04169337 -0.55620635 -0.11145136 -0.18296933
 -0.34070534 -0.30197287  0.15280817  0.07789592 -0.45339265 -0.3585265
  0.03878847 -0.06053858  0.11626286 -0.42603743  0.0924698  -0.37527204
 -0.19670659  0.26094002 -0.29848549 -0.08484113  0.03748131  0.33681187
 -0.1025889  -0.2402205  -0.3521356  -0.27550411]
num_samples: 100
mae: 0.1978642857610248
mse: 0.06150823309711515
rmse: 0.24800853432314612
r-squared: 0.5834701050710442
adj r-squared: 0.5468520923300372
best_epoch: 27
