y_true: [-0.09306899 -0.27258253  0.16008958 -0.21116664  0.43398401 -0.47863573
  0.13426128  0.4431476   0.03394356 -0.66466618 -0.90634233 -0.45854884
  0.14801385 -0.60822886 -0.3242591  -0.41356704  0.07069704 -0.14115196
  0.10566022 -0.31720424  0.31918573  0.12998202  0.18358937 -0.52108032
  0.14270498 -0.47245744  1.         -0.2601712   0.28752375 -0.50259739
 -0.25498039 -0.44466028 -0.36699945 -0.20722339  0.19620712  0.28771925
  0.10925925  0.18319859  0.14105712  0.08759619 -0.5333789  -0.27776584
  0.35615945  0.71544284  0.10306858 -0.28524476  0.41363949 -0.27164999
 -0.78121418 -0.14312677 -0.13701206  0.28922158 -0.16102125  0.03250793
 -0.17595549 -0.22449546 -0.36383826 -0.44776741 -0.5605303  -0.36122587
 -0.92949069 -0.2962257  -0.30238786  0.31293711 -0.5221343  -0.51151502
 -0.04999832 -0.57095283 -0.15971498 -0.41722029 -0.30357891  0.41096601
 -0.89337683 -0.11942037  0.07071843 -0.6897741  -0.21217309 -0.16200756
 -0.24971506 -0.62025106  0.52128953 -0.12497903 -1.         -0.48076969
  0.53718424  0.1669915   0.20092726 -0.25984648 -0.06745447 -0.49520519
 -0.58735007  0.4650262  -0.58803445 -0.02626549  0.4374218  -0.15792395
 -0.15446329  0.09326684 -0.38089329 -0.714634  ]
y_pred: [ 0.18116403 -0.36668015  0.38574246 -0.33886689  0.4938634  -0.2905198
  0.4757973   0.23096392  0.51867115 -0.58742511 -0.1176356  -0.20382819
  0.45690888 -0.24476522 -0.16648412 -0.21102871  0.32046437  0.36735585
  0.59620142 -0.06127216  0.31908885  0.11078808  0.54012853 -0.06788116
  0.4636541  -0.15851565  0.68188816 -0.10723117  0.31418782 -0.04650381
  0.34040329  0.03428426  0.16895518 -0.06797037  0.00613131  0.47082746
  0.1010864   0.538984    0.23230657  0.3383736  -0.13005781  0.03766741
  0.38136238  0.13603893  0.29287776  0.04215513  0.17803527  0.13094059
 -0.17111231  0.12120968  0.09407189  0.59691125 -0.09983428  0.01403512
  0.34395349 -0.11741479  0.05281029 -0.06385306 -0.25709048 -0.4327268
 -0.51263344 -0.36974728 -0.1816282   0.37796754 -0.24354145 -0.09281614
  0.16915539 -0.18889624 -0.26239839 -0.09795838 -0.24801485  0.46696874
 -0.36207443 -0.06435917  0.23154455 -0.43775147  0.14816141  0.05778031
 -0.20220652 -0.02481923  0.24550186  0.18848988 -0.23171853 -0.19352792
  0.31406304  0.14550935  0.26735762 -0.12224247  0.26379719 -0.31506681
 -0.01385138  0.47070187 -0.1445369   0.1406368   0.26527503  0.47505888
  0.03809184 -0.05460345 -0.12400936 -0.05460934]
num_samples: 100
mae: 0.2727408345043659
mse: 0.10760082735559656
rmse: 0.32802565045373594
r-squared: 0.2713339490352318
adj r-squared: 0.20727539510426318
