y_true: [-0.17187756  0.23739474  0.05214312  0.03272184 -0.03127975  0.54075539
 -0.51780546  0.49302694 -0.0562344   0.19216624 -0.35577402 -0.88265258
 -0.25487226 -0.93134081 -0.52722806  0.316971    0.3325434  -0.25386405
 -0.04683136 -0.20571823 -0.37102532  0.02165594 -0.28266513 -0.3478339
  0.17005242 -0.05530716 -0.48771933 -0.77421987 -0.26969931  0.38518256
  0.42286041  0.33139315  0.21020304  0.48351195  0.33925742 -0.15428315
  0.05069892 -0.19886112  0.02379217 -0.45230359  0.0524573  -0.2092216
  0.19495517  0.06992246  0.08009232 -0.02744388 -0.15985195  0.03340589
 -0.64731479 -0.08591453 -0.25703293  0.13559173  0.1982841   0.09776589
 -0.73632991 -0.32043144 -0.35900256 -0.19721739  0.38416538  0.02187891
  0.02320733  0.44300112 -0.3187263   0.47608879 -0.15224274 -0.14135581
 -0.06650849 -0.29512709 -0.11005259 -0.02427793 -0.25228783  0.44536263
  0.24341547 -0.03987206 -0.46293601 -0.06821831 -0.10450935  0.11953704
  0.13784732 -0.20142071 -0.03767175 -0.12417635  0.67493904 -0.31035364
 -1.          0.01423685 -0.37688631 -0.11957238 -0.50359231  0.39636794
 -0.00865249  0.20558654 -0.12899223 -0.4195419   0.2094288   0.28327984
  0.16670516  0.19793317  0.0066037  -0.88874519]
y_pred: [-0.16976207  0.17364357  0.0919186  -0.0049371  -0.19924271  0.17095117
 -0.36229685  0.57902908  0.15203525  0.32173511 -0.01880865 -0.31314856
 -0.01048625 -0.3671082  -0.37428847  0.2966423  -0.01880865 -0.09895347
 -0.06035851 -0.0077117   0.02280636 -0.15625723 -0.1858837  -0.2828117
  0.18706577 -0.06035851 -0.41411817 -0.43684009 -0.11814716  0.04774657
  0.31675121  0.07814547  0.08641327  0.17633335  0.28903201 -0.21252805
 -0.0049371  -0.04929305 -0.02990089  0.05051464  0.06710514  0.04497787
  0.111141   -0.00216239  0.14660946  0.06710514 -0.06312267 -0.04929305
 -0.06864806 -0.11814716 -0.28790924  0.21369711  0.15474468  0.12482135
 -0.34040859 -0.30058149 -0.1912358  -0.18052049  0.28393796 -0.11267161
  0.04220837  0.34393975 -0.23099537  0.16015658  0.22952752 -0.08795157
 -0.11541028 -0.30058149  0.0919186   0.02835217 -0.21517591  0.11661848
  0.27370197  0.06986687 -0.18052049 -0.13180397 -0.16706601  0.07538711
  0.14660946 -0.05482747  0.09466922 -0.05206066  0.50467622 -0.0077117
 -0.3598839   0.21898684 -0.0049371  -0.08795157 -0.21782055  0.28138497
  0.02835217  0.20308025 -0.07140917 -0.25708827  0.23215443  0.265984
  0.07814547  0.27370197  0.06434239 -0.33549291]
num_samples: 100
mae: 0.15354635793250054
mse: 0.046152096890853464
rmse: 0.214830390985199
r-squared: 0.6014415101323005
adj r-squared: 0.556659657338177
best_epoch: 28
