y_true: [-0.17187756  0.23739474  0.05214312  0.03272184 -0.03127975  0.54075539
 -0.51780546  0.49302694 -0.0562344   0.19216624 -0.35577402 -0.88265258
 -0.25487226 -0.93134081 -0.52722806  0.316971    0.3325434  -0.25386405
 -0.04683136 -0.20571823 -0.37102532  0.02165594 -0.28266513 -0.3478339
  0.17005242 -0.05530716 -0.48771933 -0.77421987 -0.26969931  0.38518256
  0.42286041  0.33139315  0.21020304  0.48351195  0.33925742 -0.15428315
  0.05069892 -0.19886112  0.02379217 -0.45230359  0.0524573  -0.2092216
  0.19495517  0.06992246  0.08009232 -0.02744388 -0.15985195  0.03340589
 -0.64731479 -0.08591453 -0.25703293  0.13559173  0.1982841   0.09776589
 -0.73632991 -0.32043144 -0.35900256 -0.19721739  0.38416538  0.02187891
  0.02320733  0.44300112 -0.3187263   0.47608879 -0.15224274 -0.14135581
 -0.06650849 -0.29512709 -0.11005259 -0.02427793 -0.25228783  0.44536263
  0.24341547 -0.03987206 -0.46293601 -0.06821831 -0.10450935  0.11953704
  0.13784732 -0.20142071 -0.03767175 -0.12417635  0.67493904 -0.31035364
 -1.          0.01423685 -0.37688631 -0.11957238 -0.50359231  0.39636794
 -0.00865249  0.20558654 -0.12899223 -0.4195419   0.2094288   0.28327984
  0.16670516  0.19793317  0.0066037  -0.88874519]
y_pred: [-0.36220509  0.13235384 -0.03285173 -0.09374481 -0.2406444   0.14947988
 -0.43560141  0.45528087  0.08921322  0.22806892 -0.16246247 -0.35713404
 -0.19067489 -0.46348155 -0.45428568  0.19188368 -0.16246247 -0.27597249
 -0.23514956 -0.12252468 -0.18224199 -0.19907981 -0.32105741 -0.45428568
  0.10075703 -0.15394449 -0.49394339 -0.49106723 -0.17942496 -0.08218601
  0.21977025  0.05735331  0.03410505  0.03701359  0.2445661  -0.33405602
 -0.12252468 -0.18224199  0.01081982 -0.05610261  0.03410505 -0.05900523
  0.09210154 -0.08796841 -0.04157632 -0.03285173 -0.13112086 -0.11678361
 -0.20466688 -0.270583   -0.42611507  0.07764546  0.03992156  0.02246547
 -0.44030872 -0.37478876 -0.2786608  -0.31844294  0.14092736 -0.21580099
 -0.03285173  0.29318342 -0.32105741  0.08343217  0.09210154 -0.26246694
 -0.05319901 -0.48065203  0.02828621 -0.05610261 -0.30265504  0.07764546
  0.20586878  0.04282882 -0.31057039 -0.23514956 -0.14825295 -0.03866873
 -0.00082879 -0.24338606 -0.00665318 -0.15962583  0.45296919 -0.23239642
 -0.45889583  0.06605669 -0.1934797  -0.12539215 -0.22687909  0.12662698
 -0.10239748  0.08632347 -0.23514956 -0.36725476 -0.04157632  0.12376038
 -0.09663064  0.26634261  0.05154603 -0.39709312]
num_samples: 100
mae: 0.15965870662883389
mse: 0.04287320464841811
rmse: 0.207058457080164
r-squared: 0.6297572406975773
adj r-squared: 0.5881569306635972
