y_true: [-0.65018821  0.53281015  0.49665552 -0.1984587   0.30947819 -0.24304697
 -0.03290847 -0.09715477 -0.1452079   0.87052011  0.374596   -0.11506206
 -0.32727876  0.2752631   0.21259516  0.17342159 -0.34828225  0.06260063
 -0.0344236   0.13040362  0.9176057  -0.62353426 -0.6736809   0.9054938
  0.20312536  0.21343169  0.1654294  -0.84784466 -0.28151184 -0.26691633
 -0.19216131 -0.53667438 -0.11245651  0.38323104 -0.12755869 -0.35350382
  0.33923489 -0.74991912  0.44715691 -0.39361614  0.03660766  0.36901128
  0.51410341 -0.34599361 -0.8176707   0.59257859  0.11401354  0.83219773
 -0.7777136  -0.78979379 -0.12351869 -0.01369487  0.13337448 -0.00933307
  0.42925584 -0.42058    -0.60312909  0.55884045 -0.13076673  0.22588012
  0.01613788  0.10222853  0.37742126 -0.65572703 -0.26911494  0.10164671
 -0.1739611   0.42433637 -0.29183999  0.21348637  0.49122152  0.15828159
 -0.85824412 -0.45555675  0.21682617 -0.29688942 -0.31875274 -0.68433672
  0.27176446 -0.15195391 -0.60094184  0.36716241  0.01092578 -0.04855493
  1.          0.05589242 -0.09750014  0.06800747 -0.32690504  0.3710416
  0.37066382 -0.24479263 -0.23817019 -1.         -0.73131692 -0.76803148
 -0.35190848 -0.11656986 -0.3688519   0.19657342]
y_pred: [0.23046875 0.3359375  0.32617188 0.37109375 0.328125   0.36230469
 0.28710938 0.26660156 0.42773438 0.40625    0.44042969 0.34570312
 0.31347656 0.29394531 0.44824219 0.37695312 0.21875    0.40039062
 0.26171875 0.47753906 0.40820312 0.26269531 0.21679688 0.57617188
 0.29296875 0.30371094 0.29296875 0.29882812 0.20214844 0.30371094
 0.29101562 0.34277344 0.2734375  0.30664062 0.27734375 0.25683594
 0.43261719 0.3046875  0.4140625  0.28417969 0.26855469 0.27832031
 0.34375    0.45507812 0.2265625  0.39746094 0.359375   0.390625
 0.31152344 0.36816406 0.21386719 0.359375   0.26855469 0.30175781
 0.30175781 0.25195312 0.23046875 0.515625   0.24121094 0.28320312
 0.25       0.27246094 0.40332031 0.3203125  0.296875   0.47949219
 0.30664062 0.36914062 0.41601562 0.31640625 0.35253906 0.3984375
 0.2109375  0.27832031 0.35351562 0.31445312 0.33300781 0.26757812
 0.31542969 0.35449219 0.25195312 0.48242188 0.34472656 0.25878906
 0.6171875  0.31445312 0.2265625  0.5078125  0.31640625 0.39550781
 0.28808594 0.26464844 0.42382812 0.26171875 0.35253906 0.24902344
 0.35449219 0.31542969 0.28222656 0.29101562]
num_samples: 100
mae: 0.4485260811634362
mse: 0.3061612917622611
rmse: 0.5533184361308243
r-squared: -0.5706793089723503
adj r-squared: -0.6368131746132912
best_epoch: 28
