y_true: [-0.65018821  0.53281015  0.49665552 -0.1984587   0.30947819 -0.24304697
 -0.03290847 -0.09715477 -0.1452079   0.87052011  0.374596   -0.11506206
 -0.32727876  0.2752631   0.21259516  0.17342159 -0.34828225  0.06260063
 -0.0344236   0.13040362  0.9176057  -0.62353426 -0.6736809   0.9054938
  0.20312536  0.21343169  0.1654294  -0.84784466 -0.28151184 -0.26691633
 -0.19216131 -0.53667438 -0.11245651  0.38323104 -0.12755869 -0.35350382
  0.33923489 -0.74991912  0.44715691 -0.39361614  0.03660766  0.36901128
  0.51410341 -0.34599361 -0.8176707   0.59257859  0.11401354  0.83219773
 -0.7777136  -0.78979379 -0.12351869 -0.01369487  0.13337448 -0.00933307
  0.42925584 -0.42058    -0.60312909  0.55884045 -0.13076673  0.22588012
  0.01613788  0.10222853  0.37742126 -0.65572703 -0.26911494  0.10164671
 -0.1739611   0.42433637 -0.29183999  0.21348637  0.49122152  0.15828159
 -0.85824412 -0.45555675  0.21682617 -0.29688942 -0.31875274 -0.68433672
  0.27176446 -0.15195391 -0.60094184  0.36716241  0.01092578 -0.04855493
  1.          0.05589242 -0.09750014  0.06800747 -0.32690504  0.3710416
  0.37066382 -0.24479263 -0.23817019 -1.         -0.73131692 -0.76803148
 -0.35190848 -0.11656986 -0.3688519   0.19657342]
y_pred: [0.23535156 0.33398438 0.31933594 0.37890625 0.31054688 0.34960938
 0.28710938 0.25878906 0.4375     0.41015625 0.390625   0.33105469
 0.30566406 0.28417969 0.45019531 0.40234375 0.21972656 0.37597656
 0.27539062 0.47265625 0.41113281 0.27832031 0.19140625 0.56738281
 0.29492188 0.30957031 0.29882812 0.2890625  0.22265625 0.29882812
 0.28125    0.375      0.25878906 0.328125   0.24023438 0.25195312
 0.4375     0.30957031 0.41796875 0.2734375  0.265625   0.27539062
 0.33789062 0.46386719 0.24316406 0.40527344 0.3828125  0.40136719
 0.29882812 0.42675781 0.25488281 0.35351562 0.25390625 0.32617188
 0.28710938 0.24511719 0.23144531 0.5078125  0.21191406 0.27734375
 0.21875    0.27929688 0.40722656 0.32421875 0.30371094 0.47558594
 0.28613281 0.36816406 0.4453125  0.33203125 0.3515625  0.39550781
 0.21289062 0.24121094 0.35644531 0.32324219 0.30761719 0.26464844
 0.28613281 0.38378906 0.25097656 0.46875    0.35839844 0.25878906
 0.61621094 0.29199219 0.28320312 0.5078125  0.31738281 0.390625
 0.25292969 0.28710938 0.44042969 0.23535156 0.38574219 0.2578125
 0.328125   0.31152344 0.29882812 0.29980469]
num_samples: 100
mae: 0.44909248741343616
mse: 0.3082751253921256
rmse: 0.5552252924643524
r-squared: -0.5815237717910409
adj r-squared: -0.6481142463927687
