y_true: [-0.09306899 -0.27258253  0.16008958 -0.21116664  0.43398401 -0.47863573
  0.13426128  0.4431476   0.03394356 -0.66466618 -0.90634233 -0.45854884
  0.14801385 -0.60822886 -0.3242591  -0.41356704  0.07069704 -0.14115196
  0.10566022 -0.31720424  0.31918573  0.12998202  0.18358937 -0.52108032
  0.14270498 -0.47245744  1.         -0.2601712   0.28752375 -0.50259739
 -0.25498039 -0.44466028 -0.36699945 -0.20722339  0.19620712  0.28771925
  0.10925925  0.18319859  0.14105712  0.08759619 -0.5333789  -0.27776584
  0.35615945  0.71544284  0.10306858 -0.28524476  0.41363949 -0.27164999
 -0.78121418 -0.14312677 -0.13701206  0.28922158 -0.16102125  0.03250793
 -0.17595549 -0.22449546 -0.36383826 -0.44776741 -0.5605303  -0.36122587
 -0.92949069 -0.2962257  -0.30238786  0.31293711 -0.5221343  -0.51151502
 -0.04999832 -0.57095283 -0.15971498 -0.41722029 -0.30357891  0.41096601
 -0.89337683 -0.11942037  0.07071843 -0.6897741  -0.21217309 -0.16200756
 -0.24971506 -0.62025106  0.52128953 -0.12497903 -1.         -0.48076969
  0.53718424  0.1669915   0.20092726 -0.25984648 -0.06745447 -0.49520519
 -0.58735007  0.4650262  -0.58803445 -0.02626549  0.4374218  -0.15792395
 -0.15446329  0.09326684 -0.38089329 -0.714634  ]
y_pred: [ 0.14938575 -0.15803425 -0.21439332  0.03018713  0.0809873  -0.28117579
 -0.16504543  0.14991201 -0.15211639 -0.21462509 -0.33401811 -0.22175974
  0.00125099 -0.19867714 -0.31643993 -0.36786968 -0.20865823 -0.0748445
 -0.19217049 -0.08181874  0.23439027 -0.08708774 -0.14400077 -0.31008881
 -0.0300167  -0.35594761 -0.04662891 -0.0711569   0.23401763 -0.27085122
  0.0247296  -0.24123862 -0.25639164 -0.25464055 -0.08976626  0.03805126
 -0.23709607 -0.03425259 -0.03191638  0.03424989 -0.02420304 -0.01179599
  0.01973742 -0.07046968  0.16199401  0.07143731 -0.07268703 -0.17418756
 -0.20518064 -0.18453044 -0.3503888  -0.03159774 -0.1637768  -0.31153324
 -0.07590809  0.01353566 -0.18493579 -0.26719695 -0.19824333 -0.10639407
 -0.34980631 -0.36531204 -0.24767224 -0.03422062 -0.24398549 -0.38577208
 -0.2854673  -0.30362615 -0.20356132  0.10963865 -0.20391391 -0.14368939
 -0.39045787  0.08375806 -0.27850974 -0.3180401  -0.29773834 -0.26112071
 -0.25715789 -0.06300828 -0.04157393 -0.16565846 -0.33863592 -0.36191949
 -0.02507286 -0.04337092 -0.10988716 -0.17359965 -0.23279952 -0.11793666
 -0.13425513 -0.22777647 -0.33118218 -0.17807747  0.15007907 -0.03298808
 -0.308963   -0.3073267  -0.26886991 -0.32147861]
num_samples: 100
mae: 0.2685918280738406
mse: 0.1072077584342759
rmse: 0.32742595870559177
r-squared: 0.2739957871055765
adj r-squared: 0.21017124091705575
