epoch,batch,train_batch_loss
0,0,0.693611204624176
0,1,0.678750216960907
0,2,0.7306248545646667
0,3,0.7031041383743286
0,4,0.6991075277328491
0,5,0.6877449154853821
0,6,0.7126020193099976
0,7,0.6831958293914795
0,8,0.6729676127433777
0,9,0.7092118859291077
0,10,0.708567202091217
0,11,0.7072657942771912
0,12,0.6940135359764099
0,13,0.6949277520179749
0,14,0.6901869773864746
0,15,0.6961733102798462
0,16,0.6911371946334839
0,17,0.6960153579711914
0,18,0.6937635540962219
0,19,0.6931622624397278
1,0,0.6891947984695435
1,1,0.6763187646865845
1,2,0.7210536599159241
1,3,0.704574704170227
1,4,0.6737312078475952
1,5,0.7064880728721619
1,6,0.6702072024345398
1,7,0.7089906930923462
1,8,0.6820735931396484
1,9,0.7250227928161621
1,10,0.7120105624198914
1,11,0.7232784032821655
1,12,0.6696360111236572
1,13,0.7171007990837097
1,14,0.6847606897354126
1,15,0.6935964822769165
1,16,0.7006602883338928
1,17,0.6935431957244873
1,18,0.6875506639480591
1,19,0.690987765789032
2,0,0.6934087872505188
2,1,0.6919365525245667
2,2,0.6919982433319092
2,3,0.6911784410476685
2,4,0.687687873840332
2,5,0.6876500248908997
2,6,0.6945005655288696
2,7,0.6934505701065063
2,8,0.7097607851028442
2,9,0.7127029299736023
2,10,0.6904699802398682
2,11,0.6905410289764404
2,12,0.7051271796226501
2,13,0.6843177676200867
2,14,0.6910858750343323
2,15,0.6897754669189453
2,16,0.6851483583450317
2,17,0.6842247843742371
2,18,0.6942563652992249
2,19,0.6887864470481873
3,0,0.6863791346549988
3,1,0.6902612447738647
3,2,0.6966950297355652
3,3,0.688315212726593
3,4,0.6897579431533813
3,5,0.6885811686515808
3,6,0.6895704865455627
3,7,0.6883772015571594
3,8,0.6860846281051636
3,9,0.686211884021759
3,10,0.6840842962265015
3,11,0.6904509663581848
3,12,0.6998550295829773
3,13,0.687930703163147
3,14,0.6858559250831604
3,15,0.6911413073539734
3,16,0.6847518682479858
3,17,0.6834789514541626
3,18,0.6873935461044312
3,19,0.6901882886886597
4,0,0.6839300394058228
4,1,0.6920145750045776
4,2,0.6838043928146362
4,3,0.6957171559333801
4,4,0.6590985059738159
4,5,0.7016862630844116
4,6,0.681220531463623
4,7,0.6744926571846008
4,8,0.7017739415168762
4,9,0.6946620345115662
4,10,0.6636418104171753
4,11,0.6791709065437317
4,12,0.6842577457427979
4,13,0.6981014013290405
4,14,0.6647965312004089
4,15,0.6819942593574524
4,16,0.6915889978408813
4,17,0.6721793413162231
4,18,0.6798018217086792
4,19,0.6722132563591003
5,0,0.6677207350730896
5,1,0.6962884664535522
5,2,0.663722038269043
5,3,0.6991299986839294
5,4,0.6731937527656555
5,5,0.6758357286453247
5,6,0.6795690059661865
5,7,0.6730318069458008
5,8,0.6770868897438049
5,9,0.6707868576049805
5,10,0.6674875617027283
5,11,0.6724053621292114
5,12,0.6735284924507141
5,13,0.6834434270858765
5,14,0.6750256419181824
5,15,0.6648256182670593
5,16,0.6747285723686218
5,17,0.6739364862442017
5,18,0.6739599704742432
5,19,0.6663779616355896
6,0,0.6646789312362671
6,1,0.666254997253418
6,2,0.6669856309890747
6,3,0.7038447856903076
6,4,0.6894996762275696
6,5,0.6635423898696899
6,6,0.6691672205924988
6,7,0.6674633026123047
6,8,0.6629234552383423
6,9,0.6838263869285583
6,10,0.6739259958267212
6,11,0.6789120435714722
6,12,0.670111894607544
6,13,0.666394054889679
6,14,0.6658025979995728
6,15,0.6798680424690247
6,16,0.6703711152076721
6,17,0.6556617617607117
6,18,0.6601576805114746
6,19,0.6611070036888123
7,0,0.6276291608810425
7,1,0.6783953905105591
7,2,0.6909390687942505
7,3,0.6468204259872437
7,4,0.6425982713699341
7,5,0.6351119875907898
7,6,0.6152586936950684
7,7,0.6860529184341431
7,8,0.6563166975975037
7,9,0.6400353312492371
7,10,0.5819827318191528
7,11,0.6184984445571899
7,12,0.6954842805862427
7,13,0.6947455406188965
7,14,0.6944376230239868
7,15,0.6362239122390747
7,16,0.6634870767593384
7,17,0.6686092615127563
7,18,0.67799311876297
7,19,0.6391327977180481
8,0,0.6378127932548523
8,1,0.6514782905578613
8,2,0.6427578926086426
8,3,0.6020386815071106
8,4,0.6412163376808167
8,5,0.6382992267608643
8,6,0.6182482838630676
8,7,0.6761616468429565
8,8,0.6260712742805481
8,9,0.596126914024353
8,10,0.7780289649963379
8,11,0.6260539293289185
8,12,0.6521099805831909
8,13,0.6365603804588318
8,14,0.6827288866043091
8,15,0.6701737642288208
8,16,0.6606523394584656
8,17,0.6133298873901367
8,18,0.6125812530517578
8,19,0.6330981254577637
9,0,0.6442712545394897
9,1,0.6692937016487122
9,2,0.6108576059341431
9,3,0.6134865283966064
9,4,0.717407763004303
9,5,0.6495589017868042
9,6,0.6599394083023071
9,7,0.6514936685562134
9,8,0.5488782525062561
9,9,0.6924590468406677
9,10,0.6074321866035461
9,11,0.6536638140678406
9,12,0.6104871034622192
9,13,0.6269107460975647
9,14,0.6368082165718079
9,15,0.5981889963150024
9,16,0.6321448683738708
9,17,0.5915390253067017
9,18,0.6000612378120422
9,19,0.5793799757957458
10,0,0.6422314047813416
10,1,0.6292600035667419
10,2,0.6186729073524475
10,3,0.6023554801940918
10,4,0.6124109029769897
10,5,0.6163281202316284
10,6,0.5749682188034058
10,7,0.5814537405967712
10,8,0.5657328367233276
10,9,0.6027756333351135
10,10,0.5948938727378845
10,11,0.5946239829063416
10,12,0.6155661940574646
10,13,0.6011496782302856
10,14,0.6360341906547546
10,15,0.6117056012153625
10,16,0.5795680284500122
10,17,0.6041672825813293
10,18,0.5953383445739746
10,19,0.6147147417068481
11,0,0.5835967063903809
11,1,0.5978840589523315
11,2,0.5384009480476379
11,3,0.6337430477142334
11,4,0.5580886602401733
11,5,0.6002185344696045
11,6,0.6226762533187866
11,7,0.6111900806427002
11,8,0.5973053574562073
11,9,0.6156966090202332
11,10,0.5532241463661194
11,11,0.5922988057136536
11,12,0.5376584529876709
11,13,0.6136518120765686
11,14,0.5597735643386841
11,15,0.5790776014328003
11,16,0.527550458908081
11,17,0.6028896570205688
11,18,0.6208959817886353
11,19,0.5854947566986084
12,0,0.5780385732650757
12,1,0.5394467115402222
12,2,0.5423903465270996
12,3,0.5039573907852173
12,4,0.5659270286560059
12,5,0.5710951685905457
12,6,0.5421512722969055
12,7,0.5769201517105103
12,8,0.5863445997238159
12,9,0.6487611532211304
12,10,0.5586031675338745
12,11,0.6617474555969238
12,12,0.4954271912574768
12,13,0.52143394947052
12,14,0.643819272518158
12,15,0.5279842019081116
12,16,0.5240477323532104
12,17,0.5196644067764282
12,18,0.48202404379844666
12,19,0.5353065133094788
13,0,0.4608951508998871
13,1,0.5218700170516968
13,2,0.6119729280471802
13,3,0.48863691091537476
13,4,0.5514297485351562
13,5,0.5472071170806885
13,6,0.48231181502342224
13,7,0.5910050868988037
13,8,0.5187587738037109
13,9,0.5231786966323853
13,10,0.5793525576591492
13,11,0.5421106815338135
13,12,0.533341109752655
13,13,0.5141855478286743
13,14,0.5848318338394165
13,15,0.507294237613678
13,16,0.491169273853302
13,17,0.6281014680862427
13,18,0.4987350404262543
13,19,0.5781265497207642
14,0,0.4600749611854553
14,1,0.6070705652236938
14,2,0.5194829702377319
14,3,0.5299974679946899
14,4,0.604643702507019
14,5,0.5391542315483093
14,6,0.43012627959251404
14,7,0.46305665373802185
14,8,0.4951523244380951
14,9,0.5153121948242188
14,10,0.5555819272994995
14,11,0.5334402322769165
14,12,0.39733749628067017
14,13,0.42345714569091797
14,14,0.5420031547546387
14,15,0.5345139503479004
14,16,0.4789813160896301
14,17,0.4777511656284332
14,18,0.44801387190818787
14,19,0.5305661559104919
15,0,0.45833030343055725
15,1,0.41442030668258667
15,2,0.48889094591140747
15,3,0.4965110421180725
15,4,0.420219361782074
15,5,0.4657544493675232
15,6,0.3893607258796692
15,7,0.4722002446651459
15,8,0.525054395198822
15,9,0.6074386239051819
15,10,0.4529821276664734
15,11,0.6155136823654175
15,12,0.49037474393844604
15,13,0.43832898139953613
15,14,0.6376944780349731
15,15,0.5731326937675476
15,16,0.44236764311790466
15,17,0.5206456780433655
15,18,0.43194150924682617
15,19,0.5061497092247009
16,0,0.3349885046482086
16,1,0.5519804954528809
16,2,0.48034995794296265
16,3,0.43059128522872925
16,4,0.48788270354270935
16,5,0.4781695306301117
16,6,0.5218716263771057
16,7,0.5486322045326233
16,8,0.6725606322288513
16,9,0.6135454177856445
16,10,0.4240701198577881
16,11,0.45306578278541565
16,12,0.46286898851394653
16,13,0.44744473695755005
16,14,0.3494854271411896
16,15,0.4674120545387268
16,16,0.5466293692588806
16,17,0.4372163712978363
16,18,0.4642848074436188
16,19,0.38295575976371765
17,0,0.5997096300125122
17,1,0.5806357860565186
17,2,0.5527305006980896
17,3,0.506963849067688
17,4,0.2990996539592743
17,5,0.6253522634506226
17,6,0.3983958661556244
17,7,0.48562270402908325
17,8,0.27247461676597595
17,9,0.45885592699050903
17,10,0.6849749088287354
17,11,0.49289169907569885
17,12,0.4901140332221985
17,13,0.4394655227661133
17,14,0.4708344340324402
17,15,0.38617175817489624
17,16,0.3795546591281891
17,17,0.40414959192276
17,18,0.3952760696411133
17,19,0.42213520407676697
18,0,0.3242267072200775
18,1,0.6286851167678833
18,2,0.411851167678833
18,3,0.7093837261199951
18,4,0.4691602289676666
18,5,0.6306397914886475
18,6,0.445721298456192
18,7,0.4466319680213928
18,8,0.35287901759147644
18,9,0.37559574842453003
18,10,0.35741543769836426
18,11,0.38906458020210266
18,12,0.41140419244766235
18,13,0.4889358878135681
18,14,0.3522363305091858
18,15,0.5888506770133972
18,16,0.5445085763931274
18,17,0.43617382645606995
18,18,0.3244237005710602
18,19,0.43189477920532227
19,0,0.43397077918052673
19,1,0.466563880443573
19,2,0.40552806854248047
19,3,0.36519286036491394
19,4,0.41991108655929565
19,5,0.35190993547439575
19,6,0.3595758080482483
19,7,0.617579996585846
19,8,0.4007456302642822
19,9,0.34813231229782104
19,10,0.39631953835487366
19,11,0.3153897821903229
19,12,0.33689963817596436
19,13,0.30423349142074585
19,14,0.4908325672149658
19,15,0.38364869356155396
19,16,0.5615631341934204
19,17,0.3715916574001312
19,18,0.3369666039943695
19,19,0.4763666093349457