epoch,batch,train_batch_loss
0,0,0.7113689184188843
0,1,0.6948990821838379
0,2,0.6938962936401367
0,3,0.6840190887451172
0,4,0.6767663359642029
0,5,0.6939327120780945
0,6,0.7021477818489075
0,7,0.6922355890274048
0,8,0.7030345797538757
0,9,0.675858199596405
0,10,0.7006626129150391
0,11,0.6925241351127625
0,12,0.6912953853607178
0,13,0.6992985010147095
0,14,0.6729748845100403
0,15,0.7038373947143555
0,16,0.6977225542068481
0,17,0.7014036178588867
0,18,0.6825947165489197
0,19,0.6932533979415894
1,0,0.696469247341156
1,1,0.7022973299026489
1,2,0.6908199191093445
1,3,0.6898015737533569
1,4,0.6918378472328186
1,5,0.6885612607002258
1,6,0.6939123868942261
1,7,0.6684503555297852
1,8,0.6848818063735962
1,9,0.690966010093689
1,10,0.703170895576477
1,11,0.7130026817321777
1,12,0.6913830637931824
1,13,0.7264792323112488
1,14,0.7025615572929382
1,15,0.6988977193832397
1,16,0.7011128664016724
1,17,0.7103939056396484
1,18,0.6910830140113831
1,19,0.6823438405990601
2,0,0.6939619779586792
2,1,0.6880308985710144
2,2,0.6892280578613281
2,3,0.6936661601066589
2,4,0.685406506061554
2,5,0.7042349576950073
2,6,0.6809459924697876
2,7,0.6959966421127319
2,8,0.6908196806907654
2,9,0.6722558736801147
2,10,0.6837250590324402
2,11,0.6984063982963562
2,12,0.6808881163597107
2,13,0.7013183832168579
2,14,0.7105904817581177
2,15,0.6898058652877808
2,16,0.7091087102890015
2,17,0.6886934041976929
2,18,0.7092770338058472
2,19,0.6888415813446045
3,0,0.6740422248840332
3,1,0.6911423802375793
3,2,0.6862683892250061
3,3,0.6898381114006042
3,4,0.6948877573013306
3,5,0.7090824842453003
3,6,0.6789956092834473
3,7,0.6900449991226196
3,8,0.7042261362075806
3,9,0.694674551486969
3,10,0.6916146278381348
3,11,0.6893643140792847
3,12,0.6889914274215698
3,13,0.6892296075820923
3,14,0.6882932186126709
3,15,0.6949231624603271
3,16,0.6926411390304565
3,17,0.6831964254379272
3,18,0.6942649483680725
3,19,0.6964176297187805
4,0,0.6990271210670471
4,1,0.6847084164619446
4,2,0.6848483681678772
4,3,0.6930059790611267
4,4,0.6928316354751587
4,5,0.6866583824157715
4,6,0.6890559196472168
4,7,0.6807699799537659
4,8,0.6892911791801453
4,9,0.6891752481460571
4,10,0.678673505783081
4,11,0.6881621479988098
4,12,0.6847215294837952
4,13,0.6855807304382324
4,14,0.6836877465248108
4,15,0.6823000907897949
4,16,0.6778663396835327
4,17,0.6838642954826355
4,18,0.6805662512779236
4,19,0.6896874904632568
5,0,0.6799758672714233
5,1,0.6902042031288147
5,2,0.6822276711463928
5,3,0.6954883337020874
5,4,0.6923317909240723
5,5,0.6820880770683289
5,6,0.6724116206169128
5,7,0.6589037179946899
5,8,0.6788414120674133
5,9,0.6843767762184143
5,10,0.6647573709487915
5,11,0.6931143999099731
5,12,0.6989357471466064
5,13,0.720023512840271
5,14,0.7053213715553284
5,15,0.6830727458000183
5,16,0.692542314529419
5,17,0.6812679767608643
5,18,0.6804194450378418
5,19,0.6770932078361511
6,0,0.6755976676940918
6,1,0.67861407995224
6,2,0.6945359110832214
6,3,0.6840903162956238
6,4,0.6883898973464966
6,5,0.6891739368438721
6,6,0.6768354773521423
6,7,0.6744900941848755
6,8,0.6831432580947876
6,9,0.6778312921524048
6,10,0.6732697486877441
6,11,0.6671307682991028
6,12,0.6694568991661072
6,13,0.6623117923736572
6,14,0.6747026443481445
6,15,0.6794180870056152
6,16,0.6981046795845032
6,17,0.6688668131828308
6,18,0.6805388927459717
6,19,0.6693019866943359
7,0,0.6823864579200745
7,1,0.6612154245376587
7,2,0.6762782335281372
7,3,0.6607581377029419
7,4,0.6784946918487549
7,5,0.6673772931098938
7,6,0.674497127532959
7,7,0.6734247207641602
7,8,0.6692870855331421
7,9,0.6760047078132629
7,10,0.6846550107002258
7,11,0.6601223349571228
7,12,0.6760379076004028
7,13,0.6574544310569763
7,14,0.6620117425918579
7,15,0.6706947684288025
7,16,0.6607125401496887
7,17,0.6726678013801575
7,18,0.6629577875137329
7,19,0.6713219881057739
8,0,0.670333206653595
8,1,0.6679188013076782
8,2,0.6755954623222351
8,3,0.6686936616897583
8,4,0.6644312143325806
8,5,0.6806514263153076
8,6,0.6523789167404175
8,7,0.6451149582862854
8,8,0.6765459775924683
8,9,0.6693007946014404
8,10,0.6575337648391724
8,11,0.6586765050888062
8,12,0.6800686120986938
8,13,0.6605314016342163
8,14,0.6521463394165039
8,15,0.6352652907371521
8,16,0.6289721727371216
8,17,0.6421025991439819
8,18,0.6598003506660461
8,19,0.6500848531723022
9,0,0.6573925018310547
9,1,0.6622629761695862
9,2,0.6383340954780579
9,3,0.6411240696907043
9,4,0.6439634561538696
9,5,0.6539227962493896
9,6,0.6509022116661072
9,7,0.6255828142166138
9,8,0.6318326592445374
9,9,0.6300865411758423
9,10,0.6509855389595032
9,11,0.6553856730461121
9,12,0.6340007185935974
9,13,0.6252282857894897
9,14,0.6352895498275757
9,15,0.6490343809127808
9,16,0.6251487731933594
9,17,0.6505829691886902
9,18,0.6538653373718262
9,19,0.6606854796409607
10,0,0.6384102702140808
10,1,0.6451162099838257
10,2,0.6078027486801147
10,3,0.6213294267654419
10,4,0.6459363102912903
10,5,0.6342102289199829
10,6,0.6402000188827515
10,7,0.662882924079895
10,8,0.6212754249572754
10,9,0.6213722229003906
10,10,0.6206964254379272
10,11,0.6563201546669006
10,12,0.6373546123504639
10,13,0.604873538017273
10,14,0.6257240176200867
10,15,0.6618383526802063
10,16,0.6357854604721069
10,17,0.5624198913574219
10,18,0.5443423986434937
10,19,0.5758994221687317
11,0,0.5070863366127014
11,1,0.6178926229476929
11,2,0.7006772756576538
11,3,0.5634778738021851
11,4,0.5883796215057373
11,5,0.5945004224777222
11,6,0.6255478858947754
11,7,0.653033435344696
11,8,0.5919458866119385
11,9,0.6223593950271606
11,10,0.6831936836242676
11,11,0.6342096924781799
11,12,0.5951529741287231
11,13,0.6310203075408936
11,14,0.6163564920425415
11,15,0.6144708395004272
11,16,0.6938492059707642
11,17,0.6214163899421692
11,18,0.6686654686927795
11,19,0.5906171202659607
12,0,0.5990102291107178
12,1,0.5950495004653931
12,2,0.5811466574668884
12,3,0.6216529011726379
12,4,0.6434953212738037
12,5,0.5858245491981506
12,6,0.6182195544242859
12,7,0.5587486028671265
12,8,0.6349292993545532
12,9,0.5388650298118591
12,10,0.5136964321136475
12,11,0.5206277966499329
12,12,0.6165899038314819
12,13,0.6354081630706787
12,14,0.631075382232666
12,15,0.5568124055862427
12,16,0.5840885639190674
12,17,0.5535188317298889
12,18,0.5741950273513794
12,19,0.6008100509643555
13,0,0.5515762567520142
13,1,0.517745852470398
13,2,0.5170608758926392
13,3,0.5236572027206421
13,4,0.5340367555618286
13,5,0.5548018217086792
13,6,0.7097459435462952
13,7,0.607733964920044
13,8,0.5163989067077637
13,9,0.6326256990432739
13,10,0.5019291043281555
13,11,0.5198150277137756
13,12,0.5410757660865784
13,13,0.5533698797225952
13,14,0.5468989610671997
13,15,0.5699464082717896
13,16,0.6134135127067566
13,17,0.6124268174171448
13,18,0.6131080985069275
13,19,0.5932133793830872
14,0,0.5745799541473389
14,1,0.5742558240890503
14,2,0.5814043283462524
14,3,0.535506546497345
14,4,0.5595094561576843
14,5,0.5100988745689392
14,6,0.6823612451553345
14,7,0.5285800695419312
14,8,0.4942776560783386
14,9,0.514371931552887
14,10,0.5591040253639221
14,11,0.4499209523200989
14,12,0.506406843662262
14,13,0.46417802572250366
14,14,0.5229339003562927
14,15,0.5528645515441895
14,16,0.4878506064414978
14,17,0.6266806721687317
14,18,0.4358038902282715
14,19,0.6333803534507751
15,0,0.5187996029853821
15,1,0.5145388245582581
15,2,0.5948082804679871
15,3,0.45128685235977173
15,4,0.5860863924026489
15,5,0.46392911672592163
15,6,0.46113044023513794
15,7,0.502609372138977
15,8,0.6229198575019836
15,9,0.496117502450943
15,10,0.562658965587616
15,11,0.38619711995124817
15,12,0.6376351118087769
15,13,0.5098951458930969
15,14,0.5601592063903809
15,15,0.5344554781913757
15,16,0.551584005355835
15,17,0.47419247031211853
15,18,0.5180035829544067
15,19,0.5613661408424377
16,0,0.4673271179199219
16,1,0.5864971280097961
16,2,0.548766016960144
16,3,0.44574785232543945
16,4,0.431823194026947
16,5,0.406228244304657
16,6,0.5197063088417053
16,7,0.730174720287323
16,8,0.4546947479248047
16,9,0.4771086573600769
16,10,0.4633173942565918
16,11,0.4539431035518646
16,12,0.4291088581085205
16,13,0.5076698660850525
16,14,0.5465356111526489
16,15,0.6049901843070984
16,16,0.46351853013038635
16,17,0.5464165210723877
16,18,0.5089253187179565
16,19,0.45222169160842896
17,0,0.5586662888526917
17,1,0.4924996793270111
17,2,0.42215386033058167
17,3,0.7070645093917847
17,4,0.4989112317562103
17,5,0.5380738377571106
17,6,0.5102786421775818
17,7,0.4326150417327881
17,8,0.40311917662620544
17,9,0.39354872703552246
17,10,0.4824320673942566
17,11,0.38308075070381165
17,12,0.47283610701560974
17,13,0.6569935083389282
17,14,0.7746807336807251
17,15,0.3908272087574005
17,16,0.4692429006099701
17,17,0.4541381299495697
17,18,0.49809131026268005
17,19,0.4592312276363373
18,0,0.4414884150028229
18,1,0.5335527658462524
18,2,0.5434699058532715
18,3,0.4798359274864197
18,4,0.44388264417648315
18,5,0.43443766236305237
18,6,0.6019747257232666
18,7,0.5379853248596191
18,8,0.40692347288131714
18,9,0.35890549421310425
18,10,0.3553968667984009
18,11,0.5306687951087952
18,12,0.5348911285400391
18,13,0.42687639594078064
18,14,0.5295464992523193
18,15,0.3521650731563568
18,16,0.3548884391784668
18,17,0.38950115442276
18,18,0.4600484371185303
18,19,0.7332644462585449
19,0,0.4408365786075592
19,1,0.49890607595443726
19,2,0.36488771438598633
19,3,0.5406818389892578
19,4,0.5122674107551575
19,5,0.44957461953163147
19,6,0.4417440891265869
19,7,0.41652852296829224
19,8,0.43130961060523987
19,9,0.507102906703949
19,10,0.45939213037490845
19,11,0.39708980917930603
19,12,0.45748716592788696
19,13,0.45297902822494507
19,14,0.41142377257347107
19,15,0.418173223733902
19,16,0.2975786328315735
19,17,0.5263081789016724
19,18,0.3816947340965271
19,19,0.6969621181488037