epoch,batch,train_batch_loss
0,0,0.6732677221298218
0,1,0.6958786249160767
0,2,0.6952033042907715
0,3,0.6784369349479675
0,4,0.7335942387580872
0,5,0.6764326691627502
0,6,0.7463274002075195
0,7,0.7247437238693237
0,8,0.6776768565177917
0,9,0.7046362161636353
0,10,0.6721567511558533
0,11,0.6989051103591919
0,12,0.6903257369995117
0,13,0.6845936179161072
0,14,0.6863828897476196
0,15,0.6848278045654297
0,16,0.6851245164871216
0,17,0.6934118866920471
0,18,0.6819294691085815
0,19,0.6994785070419312
1,0,0.6927751302719116
1,1,0.6848756670951843
1,2,0.6929265260696411
1,3,0.6875643730163574
1,4,0.6887627840042114
1,5,0.6851029396057129
1,6,0.6783410310745239
1,7,0.6922211647033691
1,8,0.6993186473846436
1,9,0.6783517599105835
1,10,0.6885091066360474
1,11,0.6720954179763794
1,12,0.6964378356933594
1,13,0.6864462494850159
1,14,0.7003300786018372
1,15,0.686996579170227
1,16,0.6891646981239319
1,17,0.6861454248428345
1,18,0.6849126815795898
1,19,0.695435643196106
2,0,0.6833136081695557
2,1,0.6926700472831726
2,2,0.6827356219291687
2,3,0.6826832294464111
2,4,0.6894670128822327
2,5,0.6806303262710571
2,6,0.6872971653938293
2,7,0.6911855936050415
2,8,0.6907557249069214
2,9,0.68669593334198
2,10,0.6834028363227844
2,11,0.6875215768814087
2,12,0.6889623403549194
2,13,0.6778966784477234
2,14,0.6910607814788818
2,15,0.6975531578063965
2,16,0.6856123208999634
2,17,0.6917954683303833
2,18,0.6921626925468445
2,19,0.6830048561096191
3,0,0.6817963719367981
3,1,0.6875852346420288
3,2,0.6866497993469238
3,3,0.6794934272766113
3,4,0.683393657207489
3,5,0.6847424507141113
3,6,0.6742788553237915
3,7,0.675228476524353
3,8,0.6798677444458008
3,9,0.6921238303184509
3,10,0.6841636896133423
3,11,0.6786418557167053
3,12,0.6547330617904663
3,13,0.6717656254768372
3,14,0.696088433265686
3,15,0.718521773815155
3,16,0.7572052478790283
3,17,0.7402093410491943
3,18,0.6751969456672668
3,19,0.6810522079467773
4,0,0.6616899371147156
4,1,0.678992509841919
4,2,0.6586869359016418
4,3,0.6988023519515991
4,4,0.6914997696876526
4,5,0.6684990525245667
4,6,0.6622228026390076
4,7,0.6893163919448853
4,8,0.6755116581916809
4,9,0.6807190179824829
4,10,0.6788280010223389
4,11,0.6795174479484558
4,12,0.7094544172286987
4,13,0.6866026520729065
4,14,0.6815889477729797
4,15,0.6776847839355469
4,16,0.6961022615432739
4,17,0.6855411529541016
4,18,0.673488199710846
4,19,0.6846043467521667
5,0,0.6856225728988647
5,1,0.686269223690033
5,2,0.6817384958267212
5,3,0.6753780245780945
5,4,0.676871657371521
5,5,0.6864463686943054
5,6,0.6834558844566345
5,7,0.686273455619812
5,8,0.6782781481742859
5,9,0.6807678937911987
5,10,0.6870957016944885
5,11,0.6892070174217224
5,12,0.679703950881958
5,13,0.6865944266319275
5,14,0.6836057305335999
5,15,0.6945168972015381
5,16,0.6718568801879883
5,17,0.6941136717796326
5,18,0.6798869967460632
5,19,0.6919187307357788
6,0,0.6763290166854858
6,1,0.670864462852478
6,2,0.6910181641578674
6,3,0.6765799522399902
6,4,0.6787246465682983
6,5,0.67935711145401
6,6,0.6689771413803101
6,7,0.6578026413917542
6,8,0.7203699946403503
6,9,0.687644362449646
6,10,0.6701377630233765
6,11,0.6796835064888
6,12,0.6749130487442017
6,13,0.6571727395057678
6,14,0.707410454750061
6,15,0.6630874872207642
6,16,0.6570213437080383
6,17,0.6857020854949951
6,18,0.6834923028945923
6,19,0.6974537372589111
7,0,0.6424057483673096
7,1,0.6839786767959595
7,2,0.6808580160140991
7,3,0.6993194818496704
7,4,0.646581768989563
7,5,0.7253870964050293
7,6,0.6913283467292786
7,7,0.6572263836860657
7,8,0.631348729133606
7,9,0.6763213872909546
7,10,0.6875333786010742
7,11,0.6849182844161987
7,12,0.6813849210739136
7,13,0.6547895669937134
7,14,0.6994724273681641
7,15,0.6956987977027893
7,16,0.6634042859077454
7,17,0.6699360609054565
7,18,0.6724047064781189
7,19,0.6769643425941467
8,0,0.7126787900924683
8,1,0.6904513239860535
8,2,0.6710259914398193
8,3,0.6691398620605469
8,4,0.6718176603317261
8,5,0.6655446887016296
8,6,0.6713260412216187
8,7,0.67186439037323
8,8,0.6737319231033325
8,9,0.6744036078453064
8,10,0.6758768558502197
8,11,0.6640664339065552
8,12,0.6766895651817322
8,13,0.6594876050949097
8,14,0.6719525456428528
8,15,0.7082841992378235
8,16,0.6907488107681274
8,17,0.6459702253341675
8,18,0.6723536252975464
8,19,0.6718165278434753
9,0,0.6641934514045715
9,1,0.6781669855117798
9,2,0.6644125580787659
9,3,0.6456724405288696
9,4,0.6540675163269043
9,5,0.67010498046875
9,6,0.6814380288124084
9,7,0.6512621641159058
9,8,0.6579784154891968
9,9,0.6658756732940674
9,10,0.7096976041793823
9,11,0.6653714776039124
9,12,0.698078989982605
9,13,0.6998797655105591
9,14,0.6354275345802307
9,15,0.6879552602767944
9,16,0.6870055794715881
9,17,0.6755766272544861
9,18,0.6730455756187439
9,19,0.6819472312927246
10,0,0.6590465307235718
10,1,0.6769501566886902
10,2,0.6621930003166199
10,3,0.6891159415245056
10,4,0.6734114289283752
10,5,0.6565086245536804
10,6,0.6547602415084839
10,7,0.6561428308486938
10,8,0.6907163858413696
10,9,0.6782969236373901
10,10,0.6522754430770874
10,11,0.6665562987327576
10,12,0.6766272187232971
10,13,0.6644444465637207
10,14,0.6774324774742126
10,15,0.6688652634620667
10,16,0.6671453714370728
10,17,0.6432741284370422
10,18,0.6962191462516785
10,19,0.6729689240455627
11,0,0.6668663024902344
11,1,0.6562709212303162
11,2,0.6525741815567017
11,3,0.6882231831550598
11,4,0.6734572052955627
11,5,0.6457351446151733
11,6,0.6561341285705566
11,7,0.6645309925079346
11,8,0.657849907875061
11,9,0.6805998086929321
11,10,0.6388736963272095
11,11,0.647677481174469
11,12,0.7076869010925293
11,13,0.640278160572052
11,14,0.7129193544387817
11,15,0.6616971492767334
11,16,0.6692304611206055
11,17,0.7064263224601746
11,18,0.6529172658920288
11,19,0.6446629762649536
12,0,0.6470075845718384
12,1,0.6381953358650208
12,2,0.6568737030029297
12,3,0.6568354368209839
12,4,0.6754710078239441
12,5,0.7135761976242065
12,6,0.6326814889907837
12,7,0.6552850008010864
12,8,0.6808432340621948
12,9,0.6489574909210205
12,10,0.6768556833267212
12,11,0.6741113066673279
12,12,0.6467431783676147
12,13,0.6592786908149719
12,14,0.6822848320007324
12,15,0.6490312814712524
12,16,0.6630223393440247
12,17,0.6713984608650208
12,18,0.6590733528137207
12,19,0.6607863903045654
13,0,0.6540322303771973
13,1,0.6642974615097046
13,2,0.6589877009391785
13,3,0.6254110932350159
13,4,0.6576759815216064
13,5,0.6623951196670532
13,6,0.6815952658653259
13,7,0.6514226198196411
13,8,0.6738947033882141
13,9,0.6584457159042358
13,10,0.6866711378097534
13,11,0.6725172400474548
13,12,0.6431792378425598
13,13,0.6679853200912476
13,14,0.6639936566352844
13,15,0.6390761137008667
13,16,0.6632896065711975
13,17,0.6508139371871948
13,18,0.6561225652694702
13,19,0.6555992364883423
14,0,0.6739681363105774
14,1,0.6535883545875549
14,2,0.6500061750411987
14,3,0.6589704155921936
14,4,0.6304509043693542
14,5,0.6628507375717163
14,6,0.7002546787261963
14,7,0.6277047395706177
14,8,0.6371473073959351
14,9,0.6529901623725891
14,10,0.6198776960372925
14,11,0.6724205017089844
14,12,0.6626178622245789
14,13,0.6551847457885742
14,14,0.6355079412460327
14,15,0.6499573588371277
14,16,0.6703342199325562
14,17,0.6795163750648499
14,18,0.6391029357910156
14,19,0.6311737298965454
15,0,0.6252890229225159
15,1,0.6274303793907166
15,2,0.6580801606178284
15,3,0.6274062991142273
15,4,0.6337894201278687
15,5,0.6364932060241699
15,6,0.6410897374153137
15,7,0.6741973161697388
15,8,0.700275719165802
15,9,0.6617759466171265
15,10,0.6615520715713501
15,11,0.6380326151847839
15,12,0.6652928590774536
15,13,0.6499484777450562
15,14,0.6518167853355408
15,15,0.6633778214454651
15,16,0.6534454822540283
15,17,0.6600707769393921
15,18,0.6075544357299805
15,19,0.6311151385307312
16,0,0.6125879287719727
16,1,0.6653815507888794
16,2,0.6188201904296875
16,3,0.6052938103675842
16,4,0.6531159281730652
16,5,0.6827419400215149
16,6,0.6619163751602173
16,7,0.6579886674880981
16,8,0.6395073533058167
16,9,0.640096127986908
16,10,0.6154647469520569
16,11,0.6749650239944458
16,12,0.61931973695755
16,13,0.6812120079994202
16,14,0.5908612012863159
16,15,0.6122639775276184
16,16,0.6549903154373169
16,17,0.6114046573638916
16,18,0.6436384916305542
16,19,0.6382938623428345
17,0,0.6058657765388489
17,1,0.6628743410110474
17,2,0.6888465881347656
17,3,0.6531131863594055
17,4,0.6242221593856812
17,5,0.6215466260910034
17,6,0.6232179403305054
17,7,0.6459670662879944
17,8,0.6158607006072998
17,9,0.6098381876945496
17,10,0.6325276494026184
17,11,0.6295274496078491
17,12,0.6413493156433105
17,13,0.6171666383743286
17,14,0.6009537577629089
17,15,0.6177154779434204
17,16,0.594180703163147
17,17,0.623167872428894
17,18,0.6326997876167297
17,19,0.6341263651847839
18,0,0.617763340473175
18,1,0.6038002967834473
18,2,0.58797687292099
18,3,0.6716229319572449
18,4,0.5871521234512329
18,5,0.5861462354660034
18,6,0.6192175149917603
18,7,0.612126886844635
18,8,0.6659255623817444
18,9,0.6386903524398804
18,10,0.6550239324569702
18,11,0.6174817085266113
18,12,0.5813313722610474
18,13,0.6187359690666199
18,14,0.6184906363487244
18,15,0.6118767261505127
18,16,0.6071094274520874
18,17,0.5996724963188171
18,18,0.5390153527259827
18,19,0.6467660665512085
19,0,0.6451952457427979
19,1,0.6286729574203491
19,2,0.6515198945999146
19,3,0.6089885830879211
19,4,0.6186984777450562
19,5,0.640160322189331
19,6,0.5873857736587524
19,7,0.5610305070877075
19,8,0.6137357950210571
19,9,0.6555628180503845
19,10,0.6326131224632263
19,11,0.5881285071372986
19,12,0.5717109441757202
19,13,0.5911679267883301
19,14,0.555069625377655
19,15,0.5776994824409485
19,16,0.5372967720031738
19,17,0.623165488243103
19,18,0.5829680562019348
19,19,0.5298343896865845