y_true: [-0.17187756  0.23739474  0.05214312  0.03272184 -0.03127975  0.54075539
 -0.51780546  0.49302694 -0.0562344   0.19216624 -0.35577402 -0.88265258
 -0.25487226 -0.93134081 -0.52722806  0.316971    0.3325434  -0.25386405
 -0.04683136 -0.20571823 -0.37102532  0.02165594 -0.28266513 -0.3478339
  0.17005242 -0.05530716 -0.48771933 -0.77421987 -0.26969931  0.38518256
  0.42286041  0.33139315  0.21020304  0.48351195  0.33925742 -0.15428315
  0.05069892 -0.19886112  0.02379217 -0.45230359  0.0524573  -0.2092216
  0.19495517  0.06992246  0.08009232 -0.02744388 -0.15985195  0.03340589
 -0.64731479 -0.08591453 -0.25703293  0.13559173  0.1982841   0.09776589
 -0.73632991 -0.32043144 -0.35900256 -0.19721739  0.38416538  0.02187891
  0.02320733  0.44300112 -0.3187263   0.47608879 -0.15224274 -0.14135581
 -0.06650849 -0.29512709 -0.11005259 -0.02427793 -0.25228783  0.44536263
  0.24341547 -0.03987206 -0.46293601 -0.06821831 -0.10450935  0.11953704
  0.13784732 -0.20142071 -0.03767175 -0.12417635  0.67493904 -0.31035364
 -1.          0.01423685 -0.37688631 -0.11957238 -0.50359231  0.39636794
 -0.00865249  0.20558654 -0.12899223 -0.4195419   0.2094288   0.28327984
  0.16670516  0.19793317  0.0066037  -0.88874519]
y_pred: [-0.32696357  0.0040878   0.11884543 -0.25743654  0.03596986  0.06533606
 -0.38896561  0.37288168 -0.04005661  0.21418758 -0.40344453 -0.30041948
 -0.2597262  -0.43379438 -0.36582145  0.00163418 -0.02780263 -0.38270044
 -0.17801952 -0.04005661 -0.13735081  0.02861657 -0.3465412  -0.21341023
 -0.28921768 -0.08404518 -0.51360548 -0.59501261 -0.07917055 -0.06208104
  0.15735009  0.02371266  0.29669163  0.13092229  0.2581971  -0.29818565
 -0.33352172 -0.11804228 -0.05963649 -0.19931546  0.24901375 -0.16849959
  0.25131389 -0.09378214 -0.07917055 -0.01063375 -0.38479283 -0.1517648
 -0.36369422 -0.29818565 -0.3551476  -0.05719121 -0.02535065  0.00654138
 -0.45350006 -0.086481   -0.31817022 -0.31153893 -0.00081952  0.0310681
 -0.02044588  0.09458956 -0.11320059 -0.00081952 -0.086481   -0.29594851
  0.03596986 -0.33787596 -0.18987255 -0.01554026 -0.43379438 -0.12770863
  0.04086994 -0.10107322 -0.11804228 -0.2016705  -0.01308705  0.14776398
  0.19065772 -0.09134951 -0.14456546 -0.23438512  0.2650542  -0.37218013
 -0.40549675  0.11158227 -0.25284874 -0.02044588 -0.49716404  0.39173591
 -0.37639996 -0.02289844 -0.20402317 -0.41162896  0.07022087 -0.1708826
  0.04821627 -0.06452493  0.09458956 -0.36582145]
num_samples: 100
mae: 0.18177116036065855
mse: 0.05524528485761306
rmse: 0.23504315530900505
r-squared: 0.5229149098635035
adj r-squared: 0.469309843556032
