y_true: [-0.17187756  0.23739474  0.05214312  0.03272184 -0.03127975  0.54075539
 -0.51780546  0.49302694 -0.0562344   0.19216624 -0.35577402 -0.88265258
 -0.25487226 -0.93134081 -0.52722806  0.316971    0.3325434  -0.25386405
 -0.04683136 -0.20571823 -0.37102532  0.02165594 -0.28266513 -0.3478339
  0.17005242 -0.05530716 -0.48771933 -0.77421987 -0.26969931  0.38518256
  0.42286041  0.33139315  0.21020304  0.48351195  0.33925742 -0.15428315
  0.05069892 -0.19886112  0.02379217 -0.45230359  0.0524573  -0.2092216
  0.19495517  0.06992246  0.08009232 -0.02744388 -0.15985195  0.03340589
 -0.64731479 -0.08591453 -0.25703293  0.13559173  0.1982841   0.09776589
 -0.73632991 -0.32043144 -0.35900256 -0.19721739  0.38416538  0.02187891
  0.02320733  0.44300112 -0.3187263   0.47608879 -0.15224274 -0.14135581
 -0.06650849 -0.29512709 -0.11005259 -0.02427793 -0.25228783  0.44536263
  0.24341547 -0.03987206 -0.46293601 -0.06821831 -0.10450935  0.11953704
  0.13784732 -0.20142071 -0.03767175 -0.12417635  0.67493904 -0.31035364
 -1.          0.01423685 -0.37688631 -0.11957238 -0.50359231  0.39636794
 -0.00865249  0.20558654 -0.12899223 -0.4195419   0.2094288   0.28327984
  0.16670516  0.19793317  0.0066037  -0.88874519]
y_pred: [-0.30160332  0.12914604  0.19053592 -0.12391064  0.14974405  0.09688832
 -0.34547785  0.42212769  0.11995437  0.26788914 -0.2366837  -0.21230362
 -0.16504183 -0.30584103 -0.30584103  0.11995437 -0.0288427  -0.27161294
 -0.01017717  0.02949443 -0.00317507  0.14517726 -0.24108559 -0.09624219
 -0.07074694 -0.01251103 -0.44384336 -0.56675643 -0.09855413  0.05977552
  0.27005446  0.05977552  0.35220107  0.21069694  0.27437684 -0.24108559
 -0.29095724 -0.11009777  0.06674992 -0.14225258  0.25265738 -0.11240302
  0.34193626  0.05046738 -0.03816875  0.01082939 -0.32266948  0.05279532
 -0.2366837  -0.23447907 -0.23006263  0.05512264  0.15430443  0.1084359
 -0.32475901 -0.03816875 -0.25859255 -0.24328285  0.10382021  0.13602529
 -0.04515898  0.21069694 -0.05679926  0.12225425  0.02482961 -0.20113176
  0.06674992 -0.29948002 -0.07771082  0.13373369 -0.38987345 -0.04748811
  0.1747423   0.00616145 -0.03583777 -0.15138781  0.10151065  0.18603313
  0.2657212  -0.05679926 -0.133093   -0.20337042  0.27437684 -0.29095724
 -0.39185098  0.19053592 -0.16049726 -0.0288427  -0.3719148   0.40705597
 -0.31848094 -0.04515898 -0.1285046  -0.33722928  0.05744942 -0.06610052
  0.16340533  0.17021291  0.16567633 -0.29095724]
num_samples: 100
mae: 0.17618651662021875
mse: 0.05277182206966298
rmse: 0.229721183328101
r-squared: 0.5442751439573243
adj r-squared: 0.49307010395252926
best_epoch: 27
