y_true: [-0.09306899 -0.27258253  0.16008958 -0.21116664  0.43398401 -0.47863573
  0.13426128  0.4431476   0.03394356 -0.66466618 -0.90634233 -0.45854884
  0.14801385 -0.60822886 -0.3242591  -0.41356704  0.07069704 -0.14115196
  0.10566022 -0.31720424  0.31918573  0.12998202  0.18358937 -0.52108032
  0.14270498 -0.47245744  1.         -0.2601712   0.28752375 -0.50259739
 -0.25498039 -0.44466028 -0.36699945 -0.20722339  0.19620712  0.28771925
  0.10925925  0.18319859  0.14105712  0.08759619 -0.5333789  -0.27776584
  0.35615945  0.71544284  0.10306858 -0.28524476  0.41363949 -0.27164999
 -0.78121418 -0.14312677 -0.13701206  0.28922158 -0.16102125  0.03250793
 -0.17595549 -0.22449546 -0.36383826 -0.44776741 -0.5605303  -0.36122587
 -0.92949069 -0.2962257  -0.30238786  0.31293711 -0.5221343  -0.51151502
 -0.04999832 -0.57095283 -0.15971498 -0.41722029 -0.30357891  0.41096601
 -0.89337683 -0.11942037  0.07071843 -0.6897741  -0.21217309 -0.16200756
 -0.24971506 -0.62025106  0.52128953 -0.12497903 -1.         -0.48076969
  0.53718424  0.1669915   0.20092726 -0.25984648 -0.06745447 -0.49520519
 -0.58735007  0.4650262  -0.58803445 -0.02626549  0.4374218  -0.15792395
 -0.15446329  0.09326684 -0.38089329 -0.714634  ]
y_pred: [ 0.27945831 -0.17947593 -0.21759807 -0.03723994  0.13463108 -0.39768317
 -0.19898735  0.30594409 -0.18213132 -0.32380405 -0.49465263 -0.1879063
  0.02231496 -0.36364591 -0.51029187 -0.50869    -0.3037605  -0.11388397
 -0.28740644 -0.18960908  0.36493224 -0.17760687 -0.18947558 -0.3935484
 -0.0893708  -0.47522965  0.01366742 -0.15674365  0.26343524 -0.38122427
  0.0130171  -0.37379846 -0.46177939 -0.30815214 -0.11202096  0.02337426
 -0.41179845 -0.098106   -0.11281628  0.04609939 -0.10133803 -0.03857298
 -0.0306013  -0.07000747  0.24098897  0.15225834 -0.07677458 -0.33731595
 -0.32849786 -0.29283395 -0.50580859 -0.08539236 -0.2027297  -0.47481069
 -0.22364068 -0.03454413 -0.27817574 -0.38094366 -0.27382374 -0.16458941
 -0.51135409 -0.51825655 -0.47264808 -0.07175413 -0.29030669 -0.51599985
 -0.40930271 -0.3970173  -0.22310108  0.14229323 -0.27528018 -0.1336602
 -0.51334602  0.17561437 -0.33779043 -0.50573522 -0.40153444 -0.41180852
 -0.34218732 -0.18050598  0.07296056 -0.21111651 -0.51057893 -0.49048457
 -0.06535844 -0.05201796 -0.17297874 -0.30262864 -0.34587064 -0.15027437
 -0.1647967  -0.31171101 -0.48614633 -0.24768965  0.28299811 -0.01593351
 -0.45671549 -0.39634463 -0.34906831 -0.45091939]
num_samples: 100
mae: 0.2615434951893985
mse: 0.10210330277087767
rmse: 0.3195360742872042
r-squared: 0.30856284055658023
adj r-squared: 0.24777715620990604
