y_true: [-0.09306899 -0.27258253  0.16008958 -0.21116664  0.43398401 -0.47863573
  0.13426128  0.4431476   0.03394356 -0.66466618 -0.90634233 -0.45854884
  0.14801385 -0.60822886 -0.3242591  -0.41356704  0.07069704 -0.14115196
  0.10566022 -0.31720424  0.31918573  0.12998202  0.18358937 -0.52108032
  0.14270498 -0.47245744  1.         -0.2601712   0.28752375 -0.50259739
 -0.25498039 -0.44466028 -0.36699945 -0.20722339  0.19620712  0.28771925
  0.10925925  0.18319859  0.14105712  0.08759619 -0.5333789  -0.27776584
  0.35615945  0.71544284  0.10306858 -0.28524476  0.41363949 -0.27164999
 -0.78121418 -0.14312677 -0.13701206  0.28922158 -0.16102125  0.03250793
 -0.17595549 -0.22449546 -0.36383826 -0.44776741 -0.5605303  -0.36122587
 -0.92949069 -0.2962257  -0.30238786  0.31293711 -0.5221343  -0.51151502
 -0.04999832 -0.57095283 -0.15971498 -0.41722029 -0.30357891  0.41096601
 -0.89337683 -0.11942037  0.07071843 -0.6897741  -0.21217309 -0.16200756
 -0.24971506 -0.62025106  0.52128953 -0.12497903 -1.         -0.48076969
  0.53718424  0.1669915   0.20092726 -0.25984648 -0.06745447 -0.49520519
 -0.58735007  0.4650262  -0.58803445 -0.02626549  0.4374218  -0.15792395
 -0.15446329  0.09326684 -0.38089329 -0.714634  ]
y_pred: [ 0.28352845 -0.07975874 -0.14564599  0.09432409  0.23236941 -0.29685563
 -0.09776676  0.30575746 -0.11238918 -0.19696863 -0.41192183 -0.17080198
  0.10794917 -0.16873167 -0.34072244 -0.40217167 -0.15200654 -0.00312947
 -0.15718609 -0.04049517  0.39416793 -0.07857652 -0.08846324 -0.29266652
  0.00814244 -0.38878056  0.07240762 -0.0238122   0.37036687 -0.26692477
  0.06263213 -0.22695528 -0.30720705 -0.23766446 -0.02822808  0.15772018
 -0.23891921  0.01290244  0.03185532  0.13105738 -0.0057238   0.068869
  0.09644956  0.05009618  0.30632168  0.21031764 -0.02646674 -0.18005741
 -0.25143337 -0.15315996 -0.39707989  0.07611802 -0.11331714 -0.34997016
 -0.08491631  0.13864271 -0.17555712 -0.24825668 -0.17276157 -0.06619345
 -0.39372104 -0.41221464 -0.30242044 -0.00282636 -0.24514635 -0.44752464
 -0.31843776 -0.27417427 -0.17086844  0.29016727 -0.1947161  -0.05096499
 -0.43611881  0.28674847 -0.30854625 -0.37114668 -0.29469416 -0.33486784
 -0.22880627 -0.03347674  0.06932221 -0.1084441  -0.41499266 -0.40372539
  0.0491947   0.02466229 -0.06417856 -0.14407469 -0.21690734 -0.07003298
 -0.07476993 -0.18407528 -0.362542   -0.11223611  0.31460214  0.04442906
 -0.33476052 -0.27687091 -0.2394596  -0.34117609]
num_samples: 100
mae: 0.2603848380036652
mse: 0.1003816750633349
rmse: 0.31683067254187197
r-squared: 0.3202215953609545
adj r-squared: 0.2604608564915879
best_epoch: 18
