y_true: [-0.65018821  0.53281015  0.49665552 -0.1984587   0.30947819 -0.24304697
 -0.03290847 -0.09715477 -0.1452079   0.87052011  0.374596   -0.11506206
 -0.32727876  0.2752631   0.21259516  0.17342159 -0.34828225  0.06260063
 -0.0344236   0.13040362  0.9176057  -0.62353426 -0.6736809   0.9054938
  0.20312536  0.21343169  0.1654294  -0.84784466 -0.28151184 -0.26691633
 -0.19216131 -0.53667438 -0.11245651  0.38323104 -0.12755869 -0.35350382
  0.33923489 -0.74991912  0.44715691 -0.39361614  0.03660766  0.36901128
  0.51410341 -0.34599361 -0.8176707   0.59257859  0.11401354  0.83219773
 -0.7777136  -0.78979379 -0.12351869 -0.01369487  0.13337448 -0.00933307
  0.42925584 -0.42058    -0.60312909  0.55884045 -0.13076673  0.22588012
  0.01613788  0.10222853  0.37742126 -0.65572703 -0.26911494  0.10164671
 -0.1739611   0.42433637 -0.29183999  0.21348637  0.49122152  0.15828159
 -0.85824412 -0.45555675  0.21682617 -0.29688942 -0.31875274 -0.68433672
  0.27176446 -0.15195391 -0.60094184  0.36716241  0.01092578 -0.04855493
  1.          0.05589242 -0.09750014  0.06800747 -0.32690504  0.3710416
  0.37066382 -0.24479263 -0.23817019 -1.         -0.73131692 -0.76803148
 -0.35190848 -0.11656986 -0.3688519   0.19657342]
y_pred: [-0.41925988  0.32971975  0.2925885  -0.22391286  0.25643119 -0.24561934
 -0.05168391 -0.3290455  -0.34423488  0.64428306  0.24397688 -0.24582556
 -0.63420928  0.21641445  0.12294094  0.05284275 -0.47454306 -0.0051024
 -0.16293521 -0.09234353  0.45420206 -0.70177162 -0.61861092  0.6296407
  0.19136523  0.16579583 -0.08293203 -0.71188045 -0.32981202 -0.33493665
 -0.14091451 -0.62476867 -0.00378765  0.37017253 -0.34807241 -0.50350326
  0.22644123 -0.74134642  0.36720499 -0.55103594 -0.03930338  0.48048136
  0.46162951 -0.31598765 -0.35979879  0.5690341  -0.09062248  0.69888365
 -0.65509486 -0.66084433 -0.2279733  -0.11187886  0.08757254 -0.15533891
  0.50765967 -0.59674668 -0.73326546  0.35003537 -0.16248293  0.19768082
  0.05714796  0.17129077  0.3764576  -0.6774925  -0.37071085  0.03234753
 -0.51562363  0.38818339 -0.33306152  0.19709142  0.50810981  0.19454157
 -0.72708076 -0.61876994  0.17144507 -0.34062567 -0.48732454 -0.62485671
  0.30686429 -0.40268227 -0.68900424  0.58309728 -0.05050013 -0.10497026
  0.80748993  0.15715779 -0.05058511  0.14368685 -0.49076226  0.48130578
  0.29406327 -0.39278162 -0.24601848 -0.74669057 -0.69248044 -0.75067091
 -0.36460784 -0.21492663 -0.53007388  0.18680684]
num_samples: 100
mae: 0.11215271873399615
mse: 0.020923417095151765
rmse: 0.14464928999186882
r-squared: 0.8926579577869281
adj r-squared: 0.8881382928516409
best_epoch: 29
