y_true: [-0.65018821  0.53281015  0.49665552 -0.1984587   0.30947819 -0.24304697
 -0.03290847 -0.09715477 -0.1452079   0.87052011  0.374596   -0.11506206
 -0.32727876  0.2752631   0.21259516  0.17342159 -0.34828225  0.06260063
 -0.0344236   0.13040362  0.9176057  -0.62353426 -0.6736809   0.9054938
  0.20312536  0.21343169  0.1654294  -0.84784466 -0.28151184 -0.26691633
 -0.19216131 -0.53667438 -0.11245651  0.38323104 -0.12755869 -0.35350382
  0.33923489 -0.74991912  0.44715691 -0.39361614  0.03660766  0.36901128
  0.51410341 -0.34599361 -0.8176707   0.59257859  0.11401354  0.83219773
 -0.7777136  -0.78979379 -0.12351869 -0.01369487  0.13337448 -0.00933307
  0.42925584 -0.42058    -0.60312909  0.55884045 -0.13076673  0.22588012
  0.01613788  0.10222853  0.37742126 -0.65572703 -0.26911494  0.10164671
 -0.1739611   0.42433637 -0.29183999  0.21348637  0.49122152  0.15828159
 -0.85824412 -0.45555675  0.21682617 -0.29688942 -0.31875274 -0.68433672
  0.27176446 -0.15195391 -0.60094184  0.36716241  0.01092578 -0.04855493
  1.          0.05589242 -0.09750014  0.06800747 -0.32690504  0.3710416
  0.37066382 -0.24479263 -0.23817019 -1.         -0.73131692 -0.76803148
 -0.35190848 -0.11656986 -0.3688519   0.19657342]
y_pred: [-0.43529323  0.28622207  0.2834641  -0.27086294  0.26976761 -0.29508835
 -0.0482365  -0.37185767 -0.30965346  0.6268509   0.23823678 -0.16014737
 -0.5636465   0.21581724  0.12090352  0.19313426 -0.54310423  0.1231233
 -0.06047899 -0.10534013  0.53424656 -0.64134818 -0.59243453  0.55036795
  0.15475027  0.19469787 -0.01210352 -0.75891644 -0.38836297 -0.37252879
 -0.18829633 -0.59567702 -0.01669696  0.44465855 -0.36831695 -0.49582145
  0.24037848 -0.75411344  0.35128543 -0.56114459  0.01800853  0.33381963
  0.56814408 -0.28955564 -0.33755878  0.55977118 -0.11622949  0.68871391
 -0.67271513 -0.65612936 -0.24863997 -0.11520927  0.12639789 -0.06231932
  0.48919776 -0.6117416  -0.72068787  0.40726998 -0.24066558  0.14209053
  0.01156533  0.17348285  0.39914736 -0.65906984 -0.36136475  0.04124568
 -0.47419164  0.39222103 -0.27472043  0.25098723  0.54489613  0.08999117
 -0.73036224 -0.6153003   0.16624999 -0.39016953 -0.4357098  -0.58270496
  0.26507288 -0.35490119 -0.6295191   0.51159996 -0.046573   -0.12930727
  0.81059277  0.09247395 -0.07032727  0.08072866 -0.38926816  0.50166512
  0.30185789 -0.42841795 -0.27502918 -0.7625277  -0.6709224  -0.69720566
 -0.43387717 -0.17217778 -0.53196937  0.06424548]
num_samples: 100
mae: 0.10769368601031601
mse: 0.019496684123493025
rmse: 0.1396305271904859
r-squared: 0.8999774329077516
adj r-squared: 0.8957659563986042
