epoch,batch,train_batch_loss
0,0,0.7498515844345093
0,1,0.7715082168579102
0,2,0.7076818943023682
0,3,0.6762644052505493
0,4,0.7051787376403809
0,5,0.6918952465057373
0,6,0.6913973689079285
0,7,0.6924810409545898
0,8,0.6919609308242798
0,9,0.692175567150116
0,10,0.6957703828811646
0,11,0.6859021186828613
0,12,0.7035914659500122
0,13,0.690737247467041
0,14,0.7088838815689087
0,15,0.7086631059646606
0,16,0.6909092664718628
0,17,0.6908840537071228
0,18,0.6942576766014099
0,19,0.6910011172294617
1,0,0.687698483467102
1,1,0.6940222978591919
1,2,0.6911440491676331
1,3,0.6940488219261169
1,4,0.6945888996124268
1,5,0.690743088722229
1,6,0.6920416355133057
1,7,0.6946277618408203
1,8,0.6889365911483765
1,9,0.6951457262039185
1,10,0.6890318989753723
1,11,0.6966418027877808
1,12,0.689707338809967
1,13,0.6941730380058289
1,14,0.692282497882843
1,15,0.6908453702926636
1,16,0.6904783844947815
1,17,0.6834393739700317
1,18,0.6944698095321655
1,19,0.6886001825332642
2,0,0.689952552318573
2,1,0.6873396635055542
2,2,0.6882113814353943
2,3,0.6894908547401428
2,4,0.6930618286132812
2,5,0.6910653710365295
2,6,0.6883469820022583
2,7,0.6894307732582092
2,8,0.6886218786239624
2,9,0.6917537450790405
2,10,0.6894024610519409
2,11,0.688230037689209
2,12,0.6920813322067261
2,13,0.6896015405654907
2,14,0.6934411525726318
2,15,0.6875411868095398
2,16,0.6928634643554688
2,17,0.682528018951416
2,18,0.6906837821006775
2,19,0.6870045065879822
3,0,0.6879054307937622
3,1,0.6831539273262024
3,2,0.68694007396698
3,3,0.6881904602050781
3,4,0.6943691372871399
3,5,0.6856987476348877
3,6,0.6867761015892029
3,7,0.6793702840805054
3,8,0.6822898983955383
3,9,0.6772807836532593
3,10,0.6823650598526001
3,11,0.680169939994812
3,12,0.6747369766235352
3,13,0.6880451440811157
3,14,0.678284227848053
3,15,0.676063597202301
3,16,0.677167534828186
3,17,0.6733957529067993
3,18,0.6700092554092407
3,19,0.7049853205680847
4,0,0.6751564741134644
4,1,0.6768396496772766
4,2,0.6764189004898071
4,3,0.6737767457962036
4,4,0.6918098330497742
4,5,0.6960347294807434
4,6,0.6812936067581177
4,7,0.6732968091964722
4,8,0.6667865514755249
4,9,0.6591858863830566
4,10,0.6633647084236145
4,11,0.6619704961776733
4,12,0.6713476777076721
4,13,0.6577326059341431
4,14,0.6492934823036194
4,15,0.6709769368171692
4,16,0.6597545742988586
4,17,0.6877638101577759
4,18,0.7105157971382141
4,19,0.6655543446540833
5,0,0.639806866645813
5,1,0.680896520614624
5,2,0.6630565524101257
5,3,0.6592992544174194
5,4,0.6383235454559326
5,5,0.6611763834953308
5,6,0.6417375802993774
5,7,0.6553192734718323
5,8,0.6263854503631592
5,9,0.6284127235412598
5,10,0.6363911628723145
5,11,0.6516674757003784
5,12,0.6331140398979187
5,13,0.652439296245575
5,14,0.6881846189498901
5,15,0.6444383859634399
5,16,0.6675531268119812
5,17,0.6440896987915039
5,18,0.6550244092941284
5,19,0.6821346282958984
6,0,0.6396514177322388
6,1,0.676188588142395
6,2,0.6268099546432495
6,3,0.6750715970993042
6,4,0.6215919256210327
6,5,0.6220970153808594
6,6,0.6023700833320618
6,7,0.6291307210922241
6,8,0.6604319214820862
6,9,0.6381943821907043
6,10,0.654927134513855
6,11,0.6718160510063171
6,12,0.6050582528114319
6,13,0.6808162927627563
6,14,0.5865876078605652
6,15,0.6485570073127747
6,16,0.6376066207885742
6,17,0.6311601400375366
6,18,0.623533308506012
6,19,0.6546996235847473
7,0,0.6950543522834778
7,1,0.6593772172927856
7,2,0.654621958732605
7,3,0.650398850440979
7,4,0.599988579750061
7,5,0.5576278567314148
7,6,0.6024007797241211
7,7,0.5725687742233276
7,8,0.5866577625274658
7,9,0.6037439107894897
7,10,0.6901964545249939
7,11,0.5939024686813354
7,12,0.6399277448654175
7,13,0.6594998240470886
7,14,0.6143311262130737
7,15,0.7066268920898438
7,16,0.6365989446640015
7,17,0.5711290240287781
7,18,0.6160430908203125
7,19,0.5943124294281006
8,0,0.6153779029846191
8,1,0.6135669946670532
8,2,0.6174873113632202
8,3,0.6650866270065308
8,4,0.5725001096725464
8,5,0.6414607763290405
8,6,0.5576955080032349
8,7,0.6357536315917969
8,8,0.5533021688461304
8,9,0.5885652899742126
8,10,0.5242663025856018
8,11,0.5429964661598206
8,12,0.656449556350708
8,13,0.6926177740097046
8,14,0.6468563079833984
8,15,0.5215853452682495
8,16,0.6054152250289917
8,17,0.49635234475135803
8,18,0.6297765970230103
8,19,0.5905348062515259
9,0,0.5230382084846497
9,1,0.6130016446113586
9,2,0.5964170694351196
9,3,0.5851027965545654
9,4,0.6768931150436401
9,5,0.6677814722061157
9,6,0.5614889860153198
9,7,0.49164795875549316
9,8,0.5250962972640991
9,9,0.5566278696060181
9,10,0.5769861340522766
9,11,0.48927170038223267
9,12,0.5657162666320801
9,13,0.5174344778060913
9,14,0.586205244064331
9,15,0.591812252998352
9,16,0.5719476938247681
9,17,0.7067424654960632
9,18,0.5882469415664673
9,19,0.569860577583313
10,0,0.6708521842956543
10,1,0.537293553352356
10,2,0.5594652891159058
10,3,0.503438413143158
10,4,0.5327633023262024
10,5,0.4538004994392395
10,6,0.5728012919425964
10,7,0.6570796370506287
10,8,0.6333461999893188
10,9,0.4841559827327728
10,10,0.514564037322998
10,11,0.5433746576309204
10,12,0.5180000066757202
10,13,0.5512133240699768
10,14,0.5567434430122375
10,15,0.586772620677948
10,16,0.48047494888305664
10,17,0.5420107841491699
10,18,0.5475776791572571
10,19,0.5436128973960876
11,0,0.5836222171783447
11,1,0.5601518154144287
11,2,0.4848718047142029
11,3,0.6654787659645081
11,4,0.6355997323989868
11,5,0.4470779299736023
11,6,0.5503126978874207
11,7,0.6943867802619934
11,8,0.47375553846359253
11,9,0.4351655840873718
11,10,0.4939320981502533
11,11,0.5290772318840027
11,12,0.4604431986808777
11,13,0.5342552065849304
11,14,0.5735152363777161
11,15,0.4554031491279602
11,16,0.5358302593231201
11,17,0.4564729332923889
11,18,0.5018386244773865
11,19,0.5648786425590515
12,0,0.44352954626083374
12,1,0.676230251789093
12,2,0.5148952603340149
12,3,0.4717714190483093
12,4,0.5001581907272339
12,5,0.5707254409790039
12,6,0.527572751045227
12,7,0.3919374644756317
12,8,0.5460348129272461
12,9,0.4337136149406433
12,10,0.58573979139328
12,11,0.6466872692108154
12,12,0.5073579549789429
12,13,0.5741287469863892
12,14,0.5079094171524048
12,15,0.447228342294693
12,16,0.5593199729919434
12,17,0.4651869237422943
12,18,0.46480441093444824
12,19,0.4221963882446289
13,0,0.7442057728767395
13,1,0.6249417066574097
13,2,0.4383467733860016
13,3,0.4178234040737152
13,4,0.4340277314186096
13,5,0.5448809862136841
13,6,0.5156646966934204
13,7,0.4831017851829529
13,8,0.4181404709815979
13,9,0.5703580975532532
13,10,0.5063429474830627
13,11,0.5799636244773865
13,12,0.43663010001182556
13,13,0.49133795499801636
13,14,0.3784112334251404
13,15,0.5005388259887695
13,16,0.6175254583358765
13,17,0.5539754629135132
13,18,0.5989593267440796
13,19,0.45219117403030396
14,0,0.36458805203437805
14,1,0.3802996575832367
14,2,0.4211614727973938
14,3,0.5453713536262512
14,4,0.4327739179134369
14,5,0.4996111989021301
14,6,0.4338427186012268
14,7,0.4206247329711914
14,8,0.5736255049705505
14,9,0.3038272261619568
14,10,0.409512996673584
14,11,0.6242942214012146
14,12,0.5165778994560242
14,13,0.5453027486801147
14,14,0.5702320337295532
14,15,0.5507094264030457
14,16,0.507459819316864
14,17,0.5300182700157166
14,18,0.5378493070602417
14,19,0.3496481776237488
15,0,0.3599663972854614
15,1,0.5182228088378906
15,2,0.4119760990142822
15,3,0.40017062425613403
15,4,0.31635263562202454
15,5,0.6325933933258057
15,6,0.4433194100856781
15,7,0.3521483242511749
15,8,0.2837951183319092
15,9,0.4691846966743469
15,10,0.3668619692325592
15,11,0.4974707067012787
15,12,0.5177971124649048
15,13,0.4974673390388489
15,14,0.37791308760643005
15,15,0.7578839063644409
15,16,0.45905208587646484
15,17,0.5450280904769897
15,18,0.5697869062423706
15,19,0.6169896721839905
16,0,0.48751139640808105
16,1,0.5731149315834045
16,2,0.5298362970352173
16,3,0.5642765760421753
16,4,0.2942737340927124
16,5,0.4768049120903015
16,6,0.6566158533096313
16,7,0.3863116204738617
16,8,0.369480699300766
16,9,0.46514421701431274
16,10,0.5150036811828613
16,11,0.4332650601863861
16,12,0.41378578543663025
16,13,0.412952721118927
16,14,0.47334203124046326
16,15,0.3245980441570282
16,16,0.2781210243701935
16,17,0.35541149973869324
16,18,0.40658634901046753
16,19,0.4197627902030945
17,0,0.40408140420913696
17,1,0.509461522102356
17,2,0.627562940120697
17,3,0.4193181097507477
17,4,0.2774435877799988
17,5,0.4769167900085449
17,6,0.3919975459575653
17,7,0.5001786947250366
17,8,0.45587682723999023
17,9,0.31871312856674194
17,10,0.7041356563568115
17,11,0.3026079535484314
17,12,0.6295328140258789
17,13,0.3473203182220459
17,14,0.5578221082687378
17,15,0.30279138684272766
17,16,0.36440688371658325
17,17,0.4527741074562073
17,18,0.6028927564620972
17,19,0.28747811913490295
18,0,0.5854494571685791
18,1,0.45965346693992615
18,2,0.5509151220321655
18,3,0.36623576283454895
18,4,0.3526247441768646
18,5,0.49335137009620667
18,6,0.3002842962741852
18,7,0.3170592486858368
18,8,0.5937860012054443
18,9,0.3625536561012268
18,10,0.5362347364425659
18,11,0.37304216623306274
18,12,0.3970474302768707
18,13,0.4581553041934967
18,14,0.4163094162940979
18,15,0.33747151494026184
18,16,0.3940219283103943
18,17,0.5759412050247192
18,18,0.3755425810813904
18,19,0.2748042941093445
19,0,0.4455562233924866
19,1,0.5595428347587585
19,2,0.413705050945282
19,3,0.4902558922767639
19,4,0.331781804561615
19,5,0.6584717035293579
19,6,0.364584356546402
19,7,0.49808773398399353
19,8,0.4506993293762207
19,9,0.2757670283317566
19,10,0.2540084421634674
19,11,0.2722206711769104
19,12,0.3088609576225281
19,13,0.7493383884429932
19,14,0.28907740116119385
19,15,0.27426066994667053
19,16,0.4414311349391937
19,17,0.35163041949272156
19,18,0.3865308165550232
19,19,0.33467522263526917