y_true: [-0.65018821  0.53281015  0.49665552 -0.1984587   0.30947819 -0.24304697
 -0.03290847 -0.09715477 -0.1452079   0.87052011  0.374596   -0.11506206
 -0.32727876  0.2752631   0.21259516  0.17342159 -0.34828225  0.06260063
 -0.0344236   0.13040362  0.9176057  -0.62353426 -0.6736809   0.9054938
  0.20312536  0.21343169  0.1654294  -0.84784466 -0.28151184 -0.26691633
 -0.19216131 -0.53667438 -0.11245651  0.38323104 -0.12755869 -0.35350382
  0.33923489 -0.74991912  0.44715691 -0.39361614  0.03660766  0.36901128
  0.51410341 -0.34599361 -0.8176707   0.59257859  0.11401354  0.83219773
 -0.7777136  -0.78979379 -0.12351869 -0.01369487  0.13337448 -0.00933307
  0.42925584 -0.42058    -0.60312909  0.55884045 -0.13076673  0.22588012
  0.01613788  0.10222853  0.37742126 -0.65572703 -0.26911494  0.10164671
 -0.1739611   0.42433637 -0.29183999  0.21348637  0.49122152  0.15828159
 -0.85824412 -0.45555675  0.21682617 -0.29688942 -0.31875274 -0.68433672
  0.27176446 -0.15195391 -0.60094184  0.36716241  0.01092578 -0.04855493
  1.          0.05589242 -0.09750014  0.06800747 -0.32690504  0.3710416
  0.37066382 -0.24479263 -0.23817019 -1.         -0.73131692 -0.76803148
 -0.35190848 -0.11656986 -0.3688519   0.19657342]
y_pred: [-0.33869752  0.33375573  0.29992723 -0.28968489  0.42875504 -0.32405451
  0.08660406 -0.30016997 -0.15997064  0.52610528 -0.01520975  0.01283527
 -0.50290769  0.2009832   0.39118913  0.29681641 -0.41194886 -0.07779565
  0.07453012 -0.1904725   0.37516466 -0.58907169 -0.52482462  0.53858662
  0.20917758  0.20218623 -0.06004813 -0.63599586 -0.29013637 -0.42625114
 -0.07786223 -0.55965638 -0.27748808  0.5489769  -0.36797732 -0.44960278
  0.48367366 -0.66139656  0.18931845 -0.56420714  0.17815746  0.52956903
  0.54976356 -0.28288525 -0.31101024  0.53944278 -0.12723246  0.55236441
 -0.58384424 -0.6109339  -0.16810393 -0.01127904  0.18754873 -0.05830605
  0.4484129  -0.54032397 -0.65459871  0.49628755 -0.04060407  0.2968787
  0.16431063  0.23082277  0.23984548 -0.64079595 -0.28335682  0.13987489
 -0.46107686  0.46731657 -0.29726806  0.31345531  0.49787495  0.16931722
 -0.61957759 -0.53922015  0.20488122 -0.38862664 -0.38606143 -0.60406303
  0.46279222 -0.30765003 -0.61950469  0.27891678  0.04796618 -0.03449025
  0.53634459  0.24204811  0.13236807 -0.02507173 -0.38471386  0.28231698
  0.42124531 -0.4388704  -0.00126505 -0.60026538 -0.6302827  -0.64673465
 -0.40811419 -0.16792002 -0.50768524  0.18459469]
num_samples: 100
mae: 0.13478361811256037
mse: 0.030971293922248497
rmse: 0.17598662995309755
r-squared: 0.8411099905681376
adj r-squared: 0.8344198849078487
best_epoch: 26
