y_true: [-0.65018821  0.53281015  0.49665552 -0.1984587   0.30947819 -0.24304697
 -0.03290847 -0.09715477 -0.1452079   0.87052011  0.374596   -0.11506206
 -0.32727876  0.2752631   0.21259516  0.17342159 -0.34828225  0.06260063
 -0.0344236   0.13040362  0.9176057  -0.62353426 -0.6736809   0.9054938
  0.20312536  0.21343169  0.1654294  -0.84784466 -0.28151184 -0.26691633
 -0.19216131 -0.53667438 -0.11245651  0.38323104 -0.12755869 -0.35350382
  0.33923489 -0.74991912  0.44715691 -0.39361614  0.03660766  0.36901128
  0.51410341 -0.34599361 -0.8176707   0.59257859  0.11401354  0.83219773
 -0.7777136  -0.78979379 -0.12351869 -0.01369487  0.13337448 -0.00933307
  0.42925584 -0.42058    -0.60312909  0.55884045 -0.13076673  0.22588012
  0.01613788  0.10222853  0.37742126 -0.65572703 -0.26911494  0.10164671
 -0.1739611   0.42433637 -0.29183999  0.21348637  0.49122152  0.15828159
 -0.85824412 -0.45555675  0.21682617 -0.29688942 -0.31875274 -0.68433672
  0.27176446 -0.15195391 -0.60094184  0.36716241  0.01092578 -0.04855493
  1.          0.05589242 -0.09750014  0.06800747 -0.32690504  0.3710416
  0.37066382 -0.24479263 -0.23817019 -1.         -0.73131692 -0.76803148
 -0.35190848 -0.11656986 -0.3688519   0.19657342]
y_pred: [-0.38252059  0.3402617   0.38313106 -0.2294866   0.4350495  -0.32412177
  0.17112115 -0.32714203 -0.22013006  0.49887815  0.03112503  0.07557474
 -0.45909309  0.20676497  0.39166179  0.33903271 -0.39706156 -0.06773639
  0.18361489 -0.15069851  0.39315018 -0.57885855 -0.54238254  0.5591681
  0.3299807   0.16158789  0.0104153  -0.6539731  -0.30316371 -0.33784574
 -0.09978534 -0.54001153 -0.1887617   0.56622994 -0.29157972 -0.42690241
  0.48921317 -0.63517058  0.19389188 -0.49956581  0.18574217  0.5581618
  0.56735152 -0.30745408 -0.30608174  0.50926334 -0.0964234   0.57059675
 -0.62735224 -0.61568612 -0.0682458   0.1213402   0.21931484 -0.09427316
  0.52708983 -0.53046179 -0.63892066  0.48602861 -0.01668     0.31571043
  0.04944973  0.22170961  0.24131769 -0.63966638 -0.24967028  0.21541433
 -0.44656873  0.45914179 -0.36520544  0.24487916  0.50452751  0.22120114
 -0.57669151 -0.53966337  0.18257487 -0.39191917 -0.39467472 -0.58732849
  0.47496381 -0.32162747 -0.61433381  0.35829604  0.05515837 -0.02461246
  0.56131822  0.32685226  0.1404895  -0.03669717 -0.42238426  0.40332562
  0.4066523  -0.38922426  0.02495498 -0.628061   -0.60801131 -0.65106225
 -0.36456391 -0.06621985 -0.43086946  0.13379866]
num_samples: 100
mae: 0.13516957761719822
mse: 0.029689443375770317
rmse: 0.1723062488007046
r-squared: 0.8476861848314922
adj r-squared: 0.8412729715612393
