y_true: [-0.09306899 -0.27258253  0.16008958 -0.21116664  0.43398401 -0.47863573
  0.13426128  0.4431476   0.03394356 -0.66466618 -0.90634233 -0.45854884
  0.14801385 -0.60822886 -0.3242591  -0.41356704  0.07069704 -0.14115196
  0.10566022 -0.31720424  0.31918573  0.12998202  0.18358937 -0.52108032
  0.14270498 -0.47245744  1.         -0.2601712   0.28752375 -0.50259739
 -0.25498039 -0.44466028 -0.36699945 -0.20722339  0.19620712  0.28771925
  0.10925925  0.18319859  0.14105712  0.08759619 -0.5333789  -0.27776584
  0.35615945  0.71544284  0.10306858 -0.28524476  0.41363949 -0.27164999
 -0.78121418 -0.14312677 -0.13701206  0.28922158 -0.16102125  0.03250793
 -0.17595549 -0.22449546 -0.36383826 -0.44776741 -0.5605303  -0.36122587
 -0.92949069 -0.2962257  -0.30238786  0.31293711 -0.5221343  -0.51151502
 -0.04999832 -0.57095283 -0.15971498 -0.41722029 -0.30357891  0.41096601
 -0.89337683 -0.11942037  0.07071843 -0.6897741  -0.21217309 -0.16200756
 -0.24971506 -0.62025106  0.52128953 -0.12497903 -1.         -0.48076969
  0.53718424  0.1669915   0.20092726 -0.25984648 -0.06745447 -0.49520519
 -0.58735007  0.4650262  -0.58803445 -0.02626549  0.4374218  -0.15792395
 -0.15446329  0.09326684 -0.38089329 -0.714634  ]
y_pred: [ 0.18226171 -0.40233237  0.2461253  -0.21036749  0.43803591 -0.32672694
  0.46388251  0.27111274  0.50582862 -0.56601369 -0.27902552 -0.22688681
  0.48494259 -0.37530962 -0.32515764 -0.34772792  0.30335435  0.17075753
  0.4812763  -0.32640603  0.28134063  0.01999812  0.41980138 -0.19525596
  0.43508014 -0.2558476   0.66825247 -0.14753355  0.36044458 -0.24236715
  0.16071004 -0.12176547 -0.0519945  -0.16481814 -0.06939981  0.41887966
  0.03648226  0.57457829  0.16196528  0.14928895 -0.21995889 -0.00694073
  0.3949644   0.09019445  0.16987747 -0.04504342  0.26906931 -0.04593756
 -0.41089019 -0.0316177   0.17470275  0.56937921 -0.11078297 -0.05561373
  0.23674765 -0.23639542 -0.01167285 -0.38602251 -0.24028234 -0.39920712
 -0.5450474  -0.37055236 -0.20511408  0.3346265  -0.30626908 -0.14177658
  0.09471077 -0.17391321 -0.3209579  -0.32018995 -0.33029643  0.54719144
 -0.4729988  -0.19786833  0.1223936  -0.48921978  0.1293682  -0.06849335
 -0.13591337 -0.16242328  0.38567761 -0.02637781 -0.39542985 -0.28124037
  0.14668801  0.06817237  0.33070511 -0.07537713  0.14086084 -0.35533908
 -0.20217289  0.4246496  -0.15304454  0.01282553  0.22405609  0.29561803
  0.04026703 -0.14050214 -0.04295621 -0.23360346]
num_samples: 100
mae: 0.21403433271683753
mse: 0.0686692370443743
rmse: 0.2620481578725069
r-squared: 0.5349762356889047
adj r-squared: 0.49409502563957775
