y_true: [-0.09306899 -0.27258253  0.16008958 -0.21116664  0.43398401 -0.47863573
  0.13426128  0.4431476   0.03394356 -0.66466618 -0.90634233 -0.45854884
  0.14801385 -0.60822886 -0.3242591  -0.41356704  0.07069704 -0.14115196
  0.10566022 -0.31720424  0.31918573  0.12998202  0.18358937 -0.52108032
  0.14270498 -0.47245744  1.         -0.2601712   0.28752375 -0.50259739
 -0.25498039 -0.44466028 -0.36699945 -0.20722339  0.19620712  0.28771925
  0.10925925  0.18319859  0.14105712  0.08759619 -0.5333789  -0.27776584
  0.35615945  0.71544284  0.10306858 -0.28524476  0.41363949 -0.27164999
 -0.78121418 -0.14312677 -0.13701206  0.28922158 -0.16102125  0.03250793
 -0.17595549 -0.22449546 -0.36383826 -0.44776741 -0.5605303  -0.36122587
 -0.92949069 -0.2962257  -0.30238786  0.31293711 -0.5221343  -0.51151502
 -0.04999832 -0.57095283 -0.15971498 -0.41722029 -0.30357891  0.41096601
 -0.89337683 -0.11942037  0.07071843 -0.6897741  -0.21217309 -0.16200756
 -0.24971506 -0.62025106  0.52128953 -0.12497903 -1.         -0.48076969
  0.53718424  0.1669915   0.20092726 -0.25984648 -0.06745447 -0.49520519
 -0.58735007  0.4650262  -0.58803445 -0.02626549  0.4374218  -0.15792395
 -0.15446329  0.09326684 -0.38089329 -0.714634  ]
y_pred: [-0.07795414 -0.51237082  0.06036019 -0.37279111  0.19763398 -0.40827581
  0.1968013  -0.06626459  0.25588992 -0.58121437 -0.42254573 -0.39935622
  0.30924004 -0.43637845 -0.42629027 -0.48800933 -0.01574999  0.03945263
  0.28697628 -0.41467375 -0.00479393 -0.13845146  0.26173747 -0.3468917
  0.13023138 -0.38569465  0.40539059 -0.36800671  0.124291   -0.37721208
 -0.03118393 -0.28089303 -0.19053426 -0.32261005 -0.15496621  0.19778639
 -0.25095224  0.2723296  -0.16493492  0.00845756 -0.35164535 -0.22409855
  0.12770157 -0.16136456 -0.04605246 -0.20805867  0.07739133 -0.18044977
 -0.41811836 -0.16436569 -0.02141974  0.28071302 -0.22584093 -0.20517182
 -0.02872528 -0.38176936 -0.24592732 -0.47154117 -0.31362948 -0.47383967
 -0.58165592 -0.49741578 -0.35310835  0.1427325  -0.45703351 -0.36029568
 -0.11369788 -0.33272439 -0.49465889 -0.42744178 -0.49215966  0.2731334
 -0.50660414 -0.31724083 -0.1586967  -0.54339838 -0.22105837 -0.27403787
 -0.36146283 -0.34699678  0.12379792 -0.17174105 -0.53512084 -0.38305804
 -0.05609372 -0.21272746  0.10505819 -0.31613046  0.00557089 -0.41972622
 -0.33351979  0.19996196 -0.33728898 -0.15159369  0.0048303   0.15126617
 -0.12892357 -0.41586444 -0.32166007 -0.3910501 ]
num_samples: 100
mae: 0.190606132093817
mse: 0.05912054789822116
rmse: 0.24314717332969585
r-squared: 0.5996393594121412
adj r-squared: 0.5644428195802416
best_epoch: 20
