y_true: [-0.65018821  0.53281015  0.49665552 -0.1984587   0.30947819 -0.24304697
 -0.03290847 -0.09715477 -0.1452079   0.87052011  0.374596   -0.11506206
 -0.32727876  0.2752631   0.21259516  0.17342159 -0.34828225  0.06260063
 -0.0344236   0.13040362  0.9176057  -0.62353426 -0.6736809   0.9054938
  0.20312536  0.21343169  0.1654294  -0.84784466 -0.28151184 -0.26691633
 -0.19216131 -0.53667438 -0.11245651  0.38323104 -0.12755869 -0.35350382
  0.33923489 -0.74991912  0.44715691 -0.39361614  0.03660766  0.36901128
  0.51410341 -0.34599361 -0.8176707   0.59257859  0.11401354  0.83219773
 -0.7777136  -0.78979379 -0.12351869 -0.01369487  0.13337448 -0.00933307
  0.42925584 -0.42058    -0.60312909  0.55884045 -0.13076673  0.22588012
  0.01613788  0.10222853  0.37742126 -0.65572703 -0.26911494  0.10164671
 -0.1739611   0.42433637 -0.29183999  0.21348637  0.49122152  0.15828159
 -0.85824412 -0.45555675  0.21682617 -0.29688942 -0.31875274 -0.68433672
  0.27176446 -0.15195391 -0.60094184  0.36716241  0.01092578 -0.04855493
  1.          0.05589242 -0.09750014  0.06800747 -0.32690504  0.3710416
  0.37066382 -0.24479263 -0.23817019 -1.         -0.73131692 -0.76803148
 -0.35190848 -0.11656986 -0.3688519   0.19657342]
y_pred: [-0.35497165  0.28940278  0.27877325 -0.23346764  0.34170234 -0.26785502
  0.04933545 -0.34176695 -0.22484437  0.47465885  0.02382203  0.09272813
 -0.40069288  0.02733187  0.4132548   0.3564564  -0.42116761 -0.05783706
  0.10676139 -0.14301151  0.34738994 -0.53910518 -0.53091234  0.52675134
  0.23150545  0.10263658 -0.02941451 -0.60206026 -0.2778956  -0.40807009
 -0.20473921 -0.41711295 -0.23240025  0.53025877 -0.2565974  -0.42420021
  0.48070276 -0.59942561  0.16163851 -0.49163431  0.10323256  0.46344253
  0.53805894 -0.25478306 -0.32355762  0.41517115 -0.27134746  0.55274963
 -0.57527554 -0.51111996 -0.08055231  0.05883929  0.0778665  -0.09683255
  0.42230529 -0.47002363 -0.6025269   0.48520467 -0.09122734  0.22869489
  0.0271638   0.21748334  0.18960141 -0.55304062 -0.26936272  0.12740004
 -0.43566146  0.35668865 -0.34810862  0.28225976  0.47447595  0.20724852
 -0.58663154 -0.54396474  0.16109674 -0.34752816 -0.42771387 -0.55328083
  0.33936176 -0.274757   -0.58977658  0.32204548  0.02752777 -0.08571947
  0.54003227  0.24732688  0.12241799 -0.04395518 -0.36250231  0.22575505
  0.28689617 -0.43190205 -0.10479334 -0.61543238 -0.60072923 -0.61888653
 -0.26797947 -0.0514524  -0.43236893  0.16575953]
num_samples: 100
mae: 0.13668503496795892
mse: 0.03229646347692278
rmse: 0.17971216841639517
r-squared: 0.8343115596220622
adj r-squared: 0.827335204237728
