y_true: [-0.65018821  0.53281015  0.49665552 -0.1984587   0.30947819 -0.24304697
 -0.03290847 -0.09715477 -0.1452079   0.87052011  0.374596   -0.11506206
 -0.32727876  0.2752631   0.21259516  0.17342159 -0.34828225  0.06260063
 -0.0344236   0.13040362  0.9176057  -0.62353426 -0.6736809   0.9054938
  0.20312536  0.21343169  0.1654294  -0.84784466 -0.28151184 -0.26691633
 -0.19216131 -0.53667438 -0.11245651  0.38323104 -0.12755869 -0.35350382
  0.33923489 -0.74991912  0.44715691 -0.39361614  0.03660766  0.36901128
  0.51410341 -0.34599361 -0.8176707   0.59257859  0.11401354  0.83219773
 -0.7777136  -0.78979379 -0.12351869 -0.01369487  0.13337448 -0.00933307
  0.42925584 -0.42058    -0.60312909  0.55884045 -0.13076673  0.22588012
  0.01613788  0.10222853  0.37742126 -0.65572703 -0.26911494  0.10164671
 -0.1739611   0.42433637 -0.29183999  0.21348637  0.49122152  0.15828159
 -0.85824412 -0.45555675  0.21682617 -0.29688942 -0.31875274 -0.68433672
  0.27176446 -0.15195391 -0.60094184  0.36716241  0.01092578 -0.04855493
  1.          0.05589242 -0.09750014  0.06800747 -0.32690504  0.3710416
  0.37066382 -0.24479263 -0.23817019 -1.         -0.73131692 -0.76803148
 -0.35190848 -0.11656986 -0.3688519   0.19657342]
y_pred: [-0.38056317  0.28454185  0.25247148 -0.21909292  0.39827022 -0.31546089
  0.10134535 -0.33473837 -0.21991572  0.49395472 -0.04003387  0.0494373
 -0.40305555  0.06875652  0.39751738  0.34289491 -0.43018144 -0.12281334
  0.14326136 -0.16844332  0.38986039 -0.57134062 -0.52358115  0.51111037
  0.18305486  0.18476027 -0.09154468 -0.62856227 -0.29794875 -0.3640587
 -0.15833248 -0.49203485 -0.2444043   0.55274963 -0.28064114 -0.39246827
  0.46192649 -0.60802132  0.12276088 -0.47432941  0.03890177  0.45019013
  0.55274963 -0.25119606 -0.33844522  0.46804661 -0.18812242  0.55274963
 -0.56144601 -0.51358604 -0.12945983  0.07928267  0.00279605 -0.13657403
  0.40268743 -0.51377755 -0.63102186  0.4625181  -0.07557587  0.22662857
  0.10651201  0.18719071  0.19618501 -0.58663815 -0.27160889  0.17251085
 -0.47057864  0.40214404 -0.27878165  0.23783264  0.47157419  0.18679103
 -0.58376551 -0.51260126  0.18871197 -0.35033312 -0.44250071 -0.57257283
  0.31625801 -0.25275165 -0.58823699  0.23124789  0.0429315  -0.08617628
  0.48656216  0.1904695   0.12878774 -0.02128685 -0.29696536  0.25931802
  0.30575413 -0.4089537  -0.1104564  -0.59125066 -0.60241359 -0.602036
 -0.28279653 -0.02518306 -0.43239182  0.21162254]
num_samples: 100
mae: 0.1360305581218563
mse: 0.03248371222778507
rmse: 0.18023238395966767
r-squared: 0.8333509295668471
adj r-squared: 0.8263341266012407
best_epoch: 29
