epoch,batch,train_batch_loss
0,0,0.6751202344894409
0,1,0.6960083246231079
0,2,0.6960304379463196
0,3,0.6796334981918335
0,4,0.7319363355636597
0,5,0.6766411066055298
0,6,0.7449915409088135
0,7,0.7241246700286865
0,8,0.6790224313735962
0,9,0.7041247487068176
0,10,0.6735410690307617
0,11,0.6985095143318176
0,12,0.6901713609695435
0,13,0.6848248243331909
0,14,0.6866918802261353
0,15,0.6845420598983765
0,16,0.6845194101333618
0,17,0.6938908100128174
0,18,0.6837712526321411
0,19,0.7000249028205872
1,0,0.6938257217407227
1,1,0.6849559545516968
1,2,0.6938239336013794
1,3,0.6884623765945435
1,4,0.6891447901725769
1,5,0.6858869194984436
1,6,0.6797491312026978
1,7,0.6922973394393921
1,8,0.7002050876617432
1,9,0.6791979074478149
1,10,0.6885706186294556
1,11,0.6732136011123657
1,12,0.6976098418235779
1,13,0.6870497465133667
1,14,0.7012309432029724
1,15,0.6882062554359436
1,16,0.6910866498947144
1,17,0.6873291730880737
1,18,0.6852833032608032
1,19,0.695564866065979
2,0,0.6848328709602356
2,1,0.6930740475654602
2,2,0.6842139959335327
2,3,0.6826449036598206
2,4,0.6911784410476685
2,5,0.6826765537261963
2,6,0.6877838969230652
2,7,0.6907932162284851
2,8,0.691066324710846
2,9,0.687018632888794
2,10,0.684158205986023
2,11,0.6905592083930969
2,12,0.6903969645500183
2,13,0.6786009073257446
2,14,0.6919873356819153
2,15,0.6990717649459839
2,16,0.685692310333252
2,17,0.6916957497596741
2,18,0.6929880380630493
2,19,0.6848785281181335
3,0,0.6823185682296753
3,1,0.6890394687652588
3,2,0.6884846091270447
3,3,0.6795379519462585
3,4,0.6855064630508423
3,5,0.6857431530952454
3,6,0.6762585639953613
3,7,0.6803880929946899
3,8,0.6817398071289062
3,9,0.6933121681213379
3,10,0.6857627630233765
3,11,0.6808016896247864
3,12,0.6580804586410522
3,13,0.675300121307373
3,14,0.6957291960716248
3,15,0.7171357870101929
3,16,0.7509016394615173
3,17,0.7370256185531616
3,18,0.6776362657546997
3,19,0.6821539998054504
4,0,0.6666933298110962
4,1,0.6778856515884399
4,2,0.6631754636764526
4,3,0.7006517648696899
4,4,0.691888153553009
4,5,0.6730915307998657
4,6,0.6656069755554199
4,7,0.6900874376296997
4,8,0.679587185382843
4,9,0.6812950372695923
4,10,0.6822166442871094
4,11,0.6832915544509888
4,12,0.7086848020553589
4,13,0.6876078844070435
4,14,0.6869910359382629
4,15,0.6816880702972412
4,16,0.695903480052948
4,17,0.6871541738510132
4,18,0.6785939931869507
4,19,0.6858599185943604
5,0,0.6865561604499817
5,1,0.6868557929992676
5,2,0.6856566071510315
5,3,0.6807652711868286
5,4,0.6784102916717529
5,5,0.6831259727478027
5,6,0.6839488744735718
5,7,0.685548722743988
5,8,0.6825661063194275
5,9,0.6839963793754578
5,10,0.6869587898254395
5,11,0.6945148706436157
5,12,0.6814402937889099
5,13,0.6899286508560181
5,14,0.6844006776809692
5,15,0.6995178461074829
5,16,0.6744587421417236
5,17,0.6997238397598267
5,18,0.6814143657684326
5,19,0.6989823579788208
6,0,0.6761297583580017
6,1,0.6737487316131592
6,2,0.6960746049880981
6,3,0.6766809821128845
6,4,0.6835442781448364
6,5,0.6807041764259338
6,6,0.6816221475601196
6,7,0.6681171655654907
6,8,0.7121349573135376
6,9,0.688017725944519
6,10,0.6761647462844849
6,11,0.6843544244766235
6,12,0.6747304201126099
6,13,0.6640908122062683
6,14,0.7049455046653748
6,15,0.6700800657272339
6,16,0.6643938422203064
6,17,0.6901732087135315
6,18,0.686190128326416
6,19,0.6986924409866333
7,0,0.6517524719238281
7,1,0.6841320395469666
7,2,0.6860302686691284
7,3,0.6982607245445251
7,4,0.657293975353241
7,5,0.723247230052948
7,6,0.6938557624816895
7,7,0.6639112234115601
7,8,0.6398152709007263
7,9,0.680611252784729
7,10,0.6921068429946899
7,11,0.6855282187461853
7,12,0.6867004632949829
7,13,0.6615952849388123
7,14,0.6990764141082764
7,15,0.6997213363647461
7,16,0.6661136150360107
7,17,0.6748356223106384
7,18,0.6780712604522705
7,19,0.6801131963729858
8,0,0.708495557308197
8,1,0.6892664432525635
8,2,0.6737792491912842
8,3,0.6766077280044556
8,4,0.6772965788841248
8,5,0.6712905168533325
8,6,0.6763764023780823
8,7,0.6792790293693542
8,8,0.6782220602035522
8,9,0.6772868037223816
8,10,0.6817872524261475
8,11,0.668792188167572
8,12,0.6797484159469604
8,13,0.6656464338302612
8,14,0.6773216128349304
8,15,0.6999093294143677
8,16,0.6934439539909363
8,17,0.6565678715705872
8,18,0.6774953603744507
8,19,0.6793009638786316
9,0,0.6684777140617371
9,1,0.6854792833328247
9,2,0.668411374092102
9,3,0.657282829284668
9,4,0.6616979837417603
9,5,0.6752964854240417
9,6,0.6871206760406494
9,7,0.6585835218429565
9,8,0.6660489439964294
9,9,0.6711483597755432
9,10,0.7081481218338013
9,11,0.6737619042396545
9,12,0.6962181329727173
9,13,0.6994792819023132
9,14,0.6472987532615662
9,15,0.6888130903244019
9,16,0.6899375319480896
9,17,0.6781562566757202
9,18,0.6771901845932007
9,19,0.6872861385345459
10,0,0.6684389710426331
10,1,0.6824355125427246
10,2,0.6736469864845276
10,3,0.6891836524009705
10,4,0.6783578395843506
10,5,0.6618436574935913
10,6,0.66387540102005
10,7,0.664810299873352
10,8,0.6925049424171448
10,9,0.6776138544082642
10,10,0.6631708145141602
10,11,0.6726728081703186
10,12,0.6735440492630005
10,13,0.6717703938484192
10,14,0.6862444281578064
10,15,0.67389976978302
10,16,0.6753047108650208
10,17,0.6569720506668091
10,18,0.6962458491325378
10,19,0.6792096495628357
11,0,0.6754387617111206
11,1,0.6650708913803101
11,2,0.6644064784049988
11,3,0.6919114589691162
11,4,0.6761680841445923
11,5,0.6610466837882996
11,6,0.6649420857429504
11,7,0.6708108186721802
11,8,0.6650689840316772
11,9,0.6821905374526978
11,10,0.6515495181083679
11,11,0.658866286277771
11,12,0.7074185609817505
11,13,0.6499667167663574
11,14,0.719501793384552
11,15,0.671669065952301
11,16,0.6784731149673462
11,17,0.7061184644699097
11,18,0.6645323038101196
11,19,0.6647937297821045
12,0,0.6633356213569641
12,1,0.648847758769989
12,2,0.6621545553207397
12,3,0.6670956015586853
12,4,0.6789754629135132
12,5,0.7118477821350098
12,6,0.6518934965133667
12,7,0.6659935712814331
12,8,0.6851187944412231
12,9,0.6611758470535278
12,10,0.6807848215103149
12,11,0.6805656552314758
12,12,0.6604520082473755
12,13,0.6670401692390442
12,14,0.6861433982849121
12,15,0.6634050011634827
12,16,0.6701595187187195
12,17,0.6813713312149048
12,18,0.6709346175193787
12,19,0.6706424951553345
13,0,0.6685490608215332
13,1,0.674140453338623
13,2,0.6696485280990601
13,3,0.6490013003349304
13,4,0.669333815574646
13,5,0.6696525812149048
13,6,0.684894859790802
13,7,0.6661290526390076
13,8,0.6868451833724976
13,9,0.6689565181732178
13,10,0.6901754140853882
13,11,0.6813652515411377
13,12,0.6573525071144104
13,13,0.6778179407119751
13,14,0.6746562123298645
13,15,0.6553441882133484
13,16,0.673939049243927
13,17,0.6575567722320557
13,18,0.6711558699607849
13,19,0.6692982316017151
14,0,0.6776329278945923
14,1,0.6694254279136658
14,2,0.6597056984901428
14,3,0.6681442856788635
14,4,0.6457975506782532
14,5,0.6853762865066528
14,6,0.6980046629905701
14,7,0.6432151794433594
14,8,0.6580933332443237
14,9,0.6640950441360474
14,10,0.6444994211196899
14,11,0.6846636533737183
14,12,0.6753779053688049
14,13,0.6668339967727661
14,14,0.6516454219818115
14,15,0.6628880500793457
14,16,0.6746618151664734
14,17,0.6853247880935669
14,18,0.6609511375427246
14,19,0.6529222726821899
15,0,0.6482697129249573
15,1,0.6429811716079712
15,2,0.6669856905937195
15,3,0.6522175073623657
15,4,0.6549156308174133
15,5,0.6647903323173523
15,6,0.6572981476783752
15,7,0.6932493448257446
15,8,0.7079853415489197
15,9,0.6820243000984192
15,10,0.6760945916175842
15,11,0.6574132442474365
15,12,0.674634575843811
15,13,0.6756337881088257
15,14,0.6658915281295776
15,15,0.6733168363571167
15,16,0.6667144894599915
15,17,0.6709344387054443
15,18,0.6356488466262817
15,19,0.658164381980896
16,0,0.6402007341384888
16,1,0.6823788285255432
16,2,0.6442481875419617
16,3,0.6323938965797424
16,4,0.6679069399833679
16,5,0.6968191862106323
16,6,0.6876739263534546
16,7,0.6788235902786255
16,8,0.6667659878730774
16,9,0.6724671721458435
16,10,0.6349294781684875
16,11,0.6840468645095825
16,12,0.6397082209587097
16,13,0.6863694787025452
16,14,0.6305750608444214
16,15,0.6546138525009155
16,16,0.6767443418502808
16,17,0.6418124437332153
16,18,0.6673171520233154
16,19,0.6623689532279968
17,0,0.6298893690109253
17,1,0.6740713715553284
17,2,0.6947323679924011
17,3,0.6796647310256958
17,4,0.6565972566604614
17,5,0.661583662033081
17,6,0.6673387289047241
17,7,0.6731593608856201
17,8,0.6485760807991028
17,9,0.6489216089248657
17,10,0.6689049601554871
17,11,0.6581946015357971
17,12,0.6729348301887512
17,13,0.6585503220558167
17,14,0.6514434814453125
17,15,0.655980110168457
17,16,0.6448543667793274
17,17,0.6530019044876099
17,18,0.6705355048179626
17,19,0.6649853587150574
18,0,0.6552349328994751
18,1,0.6413390040397644
18,2,0.638965904712677
18,3,0.6815372705459595
18,4,0.6433466076850891
18,5,0.6385676264762878
18,6,0.6533169150352478
18,7,0.6546792387962341
18,8,0.6783267855644226
18,9,0.6706405878067017
18,10,0.6774412989616394
18,11,0.6533278822898865
18,12,0.64292311668396
18,13,0.6617775559425354
18,14,0.6582293510437012
18,15,0.6527290344238281
18,16,0.6565858125686646
18,17,0.6495650410652161
18,18,0.6200658082962036
18,19,0.6737847328186035
19,0,0.6745610237121582
19,1,0.6611360311508179
19,2,0.6747404336929321
19,3,0.6670635342597961
19,4,0.6619068384170532
19,5,0.6812730431556702
19,6,0.6432889699935913
19,7,0.6325774788856506
19,8,0.6619909405708313
19,9,0.6751810312271118
19,10,0.6630210280418396
19,11,0.6517077684402466
19,12,0.6434714794158936
19,13,0.6473888158798218
19,14,0.630306601524353
19,15,0.6394266486167908
19,16,0.6240090727806091
19,17,0.6680188775062561
19,18,0.6433283090591431
19,19,0.6237131357192993