epoch,batch,train_batch_loss
0,0,0.6262949705123901
0,1,0.7298687100410461
0,2,0.7251922488212585
0,3,0.673207700252533
0,4,0.8086358904838562
0,5,0.6722369194030762
0,6,0.812626838684082
0,7,0.761447548866272
0,8,0.673682689666748
0,9,0.7175222039222717
0,10,0.6628381609916687
0,11,0.7085448503494263
0,12,0.6901921033859253
0,13,0.691473126411438
0,14,0.6896751523017883
0,15,0.6847353577613831
0,16,0.6901924014091492
0,17,0.6908076405525208
0,18,0.6908167004585266
0,19,0.6817268133163452
1,0,0.6884301900863647
1,1,0.6955401301383972
1,2,0.6815577745437622
1,3,0.6958054304122925
1,4,0.6999685168266296
1,5,0.6948810815811157
1,6,0.7054049372673035
1,7,0.6860315799713135
1,8,0.6800965070724487
1,9,0.6952093839645386
1,10,0.6847256422042847
1,11,0.6872478723526001
1,12,0.6935014128684998
1,13,0.6896696090698242
1,14,0.6976496577262878
1,15,0.6864727735519409
1,16,0.6895976066589355
1,17,0.6853290796279907
1,18,0.6819517612457275
1,19,0.6884505748748779
2,0,0.682860255241394
2,1,0.6929823160171509
2,2,0.6826540231704712
2,3,0.6827069520950317
2,4,0.6815400123596191
2,5,0.6842982172966003
2,6,0.6752796173095703
2,7,0.6784893870353699
2,8,0.6717683672904968
2,9,0.6799541711807251
2,10,0.6724651455879211
2,11,0.6933952569961548
2,12,0.6996800899505615
2,13,0.6554826498031616
2,14,0.6933854818344116
2,15,0.7300196886062622
2,16,0.681477427482605
2,17,0.6958988904953003
2,18,0.7158794403076172
2,19,0.6822358965873718
3,0,0.674467146396637
3,1,0.6920730471611023
3,2,0.6814709305763245
3,3,0.6819789409637451
3,4,0.6733582019805908
3,5,0.6942499876022339
3,6,0.6661578416824341
3,7,0.6637411117553711
3,8,0.6594258546829224
3,9,0.6975676417350769
3,10,0.6777300238609314
3,11,0.6698516607284546
3,12,0.6248138546943665
3,13,0.6560884714126587
3,14,0.7116726636886597
3,15,0.7467693090438843
3,16,0.784993052482605
3,17,0.7634249925613403
3,18,0.6788272261619568
3,19,0.6684855222702026
4,0,0.6380530595779419
4,1,0.6663528680801392
4,2,0.6507719159126282
4,3,0.6921650171279907
4,4,0.6837944388389587
4,5,0.6689019799232483
4,6,0.6674521565437317
4,7,0.6645841598510742
4,8,0.6731881499290466
4,9,0.6786440014839172
4,10,0.6838833093643188
4,11,0.6616156697273254
4,12,0.6671327352523804
4,13,0.6581960320472717
4,14,0.6586946249008179
4,15,0.6638903021812439
4,16,0.6758633255958557
4,17,0.6612988710403442
4,18,0.6791694164276123
4,19,0.6929256319999695
5,0,0.6629884243011475
5,1,0.6337434649467468
5,2,0.665195107460022
5,3,0.6514968872070312
5,4,0.6538198590278625
5,5,0.5816295146942139
5,6,0.6560952067375183
5,7,0.6758410930633545
5,8,0.6810753345489502
5,9,0.6819674372673035
5,10,0.6680050492286682
5,11,0.6819442510604858
5,12,0.6546857357025146
5,13,0.6915503740310669
5,14,0.6654542088508606
5,15,0.6936267614364624
5,16,0.6363691091537476
5,17,0.6931731700897217
5,18,0.6580976247787476
5,19,0.6920209527015686
6,0,0.6615082025527954
6,1,0.6551969647407532
6,2,0.6521679162979126
6,3,0.6733347177505493
6,4,0.6401888132095337
6,5,0.6606054902076721
6,6,0.5776740312576294
6,7,0.6291970014572144
6,8,0.7817882299423218
6,9,0.6967626810073853
6,10,0.6636962890625
6,11,0.6683396100997925
6,12,0.6453064680099487
6,13,0.6315421462059021
6,14,0.70453941822052
6,15,0.6305681467056274
6,16,0.6222177147865295
6,17,0.6712967753410339
6,18,0.6505231857299805
6,19,0.6837363243103027
7,0,0.6184717416763306
7,1,0.6657453179359436
7,2,0.6308817863464355
7,3,0.657824695110321
7,4,0.636164128780365
7,5,0.6391133069992065
7,6,0.6263490319252014
7,7,0.645396888256073
7,8,0.7271897196769714
7,9,0.665120005607605
7,10,0.5956056714057922
7,11,0.6205414533615112
7,12,0.6564217805862427
7,13,0.6392107605934143
7,14,0.5935534834861755
7,15,0.6277620196342468
7,16,0.6694991588592529
7,17,0.6609207391738892
7,18,0.6456924676895142
7,19,0.6038569211959839
8,0,0.6240261793136597
8,1,0.5834015607833862
8,2,0.6384307146072388
8,3,0.6940329074859619
8,4,0.6111626029014587
8,5,0.7273500561714172
8,6,0.6460089683532715
8,7,0.6172342300415039
8,8,0.6431000828742981
8,9,0.6071751713752747
8,10,0.5961487293243408
8,11,0.6104974150657654
8,12,0.6303256750106812
8,13,0.5979815125465393
8,14,0.600490391254425
8,15,0.6894121170043945
8,16,0.6837840676307678
8,17,0.6102478504180908
8,18,0.5932466983795166
8,19,0.6074368357658386
9,0,0.6242111325263977
9,1,0.6107944250106812
9,2,0.6019724607467651
9,3,0.5818340182304382
9,4,0.580375075340271
9,5,0.6537200808525085
9,6,0.6401351690292358
9,7,0.6047189831733704
9,8,0.6634830832481384
9,9,0.583564817905426
9,10,0.6624964475631714
9,11,0.6492716073989868
9,12,0.6123656630516052
9,13,0.6087239980697632
9,14,0.5806888341903687
9,15,0.6023061871528625
9,16,0.5770984292030334
9,17,0.5661784410476685
9,18,0.6402698159217834
9,19,0.6072700023651123
10,0,0.5616248846054077
10,1,0.5708980560302734
10,2,0.6462380886077881
10,3,0.5355004668235779
10,4,0.6602210998535156
10,5,0.6122800707817078
10,6,0.6850919723510742
10,7,0.62761390209198
10,8,0.5220221877098083
10,9,0.6016433238983154
10,10,0.5727357864379883
10,11,0.6024417281150818
10,12,0.6239045262336731
10,13,0.6137743592262268
10,14,0.5769261717796326
10,15,0.6221171021461487
10,16,0.5263278484344482
10,17,0.5578739047050476
10,18,0.6210571527481079
10,19,0.5993289351463318
11,0,0.5426248908042908
11,1,0.5406012535095215
11,2,0.5568903088569641
11,3,0.5758275985717773
11,4,0.6447609663009644
11,5,0.594544529914856
11,6,0.5512005090713501
11,7,0.5284619927406311
11,8,0.5804951786994934
11,9,0.5546578168869019
11,10,0.6180931329727173
11,11,0.6159210205078125
11,12,0.6030021905899048
11,13,0.5410717725753784
11,14,0.5594981908798218
11,15,0.5748816132545471
11,16,0.5304247736930847
11,17,0.5498887300491333
11,18,0.5725067853927612
11,19,0.5590663552284241
12,0,0.5222353935241699
12,1,0.5799925923347473
12,2,0.6443159580230713
12,3,0.5329710245132446
12,4,0.5301675200462341
12,5,0.6136939525604248
12,6,0.5992476344108582
12,7,0.5637919306755066
12,8,0.5093919038772583
12,9,0.5488731265068054
12,10,0.5150046944618225
12,11,0.6524231433868408
12,12,0.5030173063278198
12,13,0.5253100991249084
12,14,0.5668963193893433
12,15,0.5258558392524719
12,16,0.5647456645965576
12,17,0.5020895004272461
12,18,0.5749548673629761
12,19,0.46105170249938965
13,0,0.5680409073829651
13,1,0.5048591494560242
13,2,0.5031968355178833
13,3,0.4924532473087311
13,4,0.48588305711746216
13,5,0.48908481001853943
13,6,0.5480468273162842
13,7,0.5655592679977417
13,8,0.5555261373519897
13,9,0.5952295064926147
13,10,0.5140870809555054
13,11,0.5195932388305664
13,12,0.5479188561439514
13,13,0.44478216767311096
13,14,0.4684130549430847
13,15,0.6013919115066528
13,16,0.6683870553970337
13,17,0.6155482530593872
13,18,0.5116716623306274
13,19,0.3960012197494507
14,0,0.6284929513931274
14,1,0.47871384024620056
14,2,0.49987125396728516
14,3,0.5641286373138428
14,4,0.47842878103256226
14,5,0.48731669783592224
14,6,0.5063033103942871
14,7,0.4804808497428894
14,8,0.4171750545501709
14,9,0.442120224237442
14,10,0.5222799777984619
14,11,0.3736022114753723
14,12,0.5820989012718201
14,13,0.4477044939994812
14,14,0.6245981454849243
14,15,0.39735084772109985
14,16,0.5521886348724365
14,17,0.47059565782546997
14,18,0.5363513231277466
14,19,0.38069605827331543
15,0,0.41149306297302246
15,1,0.42793208360671997
15,2,0.5807293057441711
15,3,0.33047765493392944
15,4,0.4533601701259613
15,5,0.3989480137825012
15,6,0.4875137209892273
15,7,0.4314291477203369
15,8,0.5343111157417297
15,9,0.4833347797393799
15,10,0.48865777254104614
15,11,0.5303254723548889
15,12,0.5279783010482788
15,13,0.34397217631340027
15,14,0.5433973670005798
15,15,0.6622320413589478
15,16,0.6561322808265686
15,17,0.43192094564437866
15,18,0.49377909302711487
15,19,0.4394897520542145
16,0,0.3878791630268097
16,1,0.5303085446357727
16,2,0.4249153137207031
16,3,0.4061802327632904
16,4,0.43835359811782837
16,5,0.7999075651168823
16,6,0.7155095338821411
16,7,0.5292409062385559
16,8,0.41921478509902954
16,9,0.5052131414413452
16,10,0.4880602955818176
16,11,0.4084152281284332
16,12,0.5362091064453125
16,13,0.5328547954559326
16,14,0.4425260126590729
16,15,0.29963570833206177
16,16,0.3787389397621155
16,17,0.5274089574813843
16,18,0.4159213900566101
16,19,0.5334128141403198
17,0,0.5931659936904907
17,1,0.48573583364486694
17,2,0.5628194212913513
17,3,0.518882691860199
17,4,0.36672088503837585
17,5,0.38968056440353394
17,6,0.4414093494415283
17,7,0.45080074667930603
17,8,0.39005789160728455
17,9,0.38013342022895813
17,10,0.34977787733078003
17,11,0.3493701219558716
17,12,0.5929120779037476
17,13,0.5369890928268433
17,14,0.3656471073627472
17,15,0.36414822936058044
17,16,0.38938093185424805
17,17,0.4113731384277344
17,18,0.5684889554977417
17,19,0.4057912826538086
18,0,0.4136906564235687
18,1,0.32760971784591675
18,2,0.2538846433162689
18,3,0.4516942501068115
18,4,0.4024984836578369
18,5,0.365674763917923
18,6,0.34054216742515564
18,7,0.43338117003440857
18,8,0.5515252351760864
18,9,0.41466259956359863
18,10,0.3720361590385437
18,11,0.6936209201812744
18,12,0.6201217770576477
18,13,0.352901816368103
18,14,0.28039634227752686
18,15,0.3769499659538269
18,16,0.45959457755088806
18,17,0.5804672241210938
18,18,0.33224451541900635
18,19,0.6454342603683472
19,0,0.35887593030929565
19,1,0.505946695804596
19,2,0.4297250211238861
19,3,0.37385350465774536
19,4,0.49928250908851624
19,5,0.4822092652320862
19,6,0.45025596022605896
19,7,0.2593585252761841
19,8,0.7208519577980042
19,9,0.5782380700111389
19,10,0.5458379983901978
19,11,0.4929974675178528
19,12,0.3934101164340973
19,13,0.3744277358055115
19,14,0.3815162479877472
19,15,0.2616821229457855
19,16,0.38249820470809937
19,17,0.6649391055107117
19,18,0.3846816420555115
19,19,0.38291066884994507