epoch,batch,train_batch_loss
0,0,0.675262987613678
0,1,0.7084287405014038
0,2,0.7006521224975586
0,3,0.670446515083313
0,4,0.7179641723632812
0,5,0.6839832067489624
0,6,0.7616675496101379
0,7,0.7297446131706238
0,8,0.7013042569160461
0,9,0.6882152557373047
0,10,0.6868022680282593
0,11,0.7068566083908081
0,12,0.7082496285438538
0,13,0.6669450998306274
0,14,0.6731135249137878
0,15,0.6907731294631958
0,16,0.6856800317764282
0,17,0.6845371127128601
0,18,0.6655872464179993
0,19,0.6872862577438354
1,0,0.6880059242248535
1,1,0.7115990519523621
1,2,0.698388397693634
1,3,0.6640578508377075
1,4,0.7314475178718567
1,5,0.687901496887207
1,6,0.6585040092468262
1,7,0.7135547995567322
1,8,0.737881600856781
1,9,0.6668460369110107
1,10,0.6826272010803223
1,11,0.6672231554985046
1,12,0.7501886487007141
1,13,0.6944795846939087
1,14,0.7091140151023865
1,15,0.6458669304847717
1,16,0.6900027990341187
1,17,0.66336590051651
1,18,0.6825404167175293
1,19,0.7599280476570129
2,0,0.6725521683692932
2,1,0.7367387413978577
2,2,0.6736475229263306
2,3,0.6756760478019714
2,4,0.6786783933639526
2,5,0.6462935209274292
2,6,0.6659640073776245
2,7,0.7042183876037598
2,8,0.7315464615821838
2,9,0.6727666258811951
2,10,0.7075586318969727
2,11,0.7070246338844299
2,12,0.6541464328765869
2,13,0.6715394854545593
2,14,0.6911913752555847
2,15,0.6726645231246948
2,16,0.6652647256851196
2,17,0.6944740414619446
2,18,0.6532653570175171
2,19,0.6813139319419861
3,0,0.6732625961303711
3,1,0.6206859350204468
3,2,0.713860034942627
3,3,0.713738739490509
3,4,0.6377058029174805
3,5,0.7105006575584412
3,6,0.639112114906311
3,7,0.6307547688484192
3,8,0.6544454097747803
3,9,0.7398911714553833
3,10,0.6879375576972961
3,11,0.6647844910621643
3,12,0.590204119682312
3,13,0.6603313088417053
3,14,0.6995775699615479
3,15,0.7240150570869446
3,16,0.7228657007217407
3,17,0.7485601305961609
3,18,0.6789206266403198
3,19,0.6373633742332458
4,0,0.6019511222839355
4,1,0.6739387512207031
4,2,0.6594265699386597
4,3,0.6458960771560669
4,4,0.6771632432937622
4,5,0.6436346769332886
4,6,0.6322982907295227
4,7,0.6782122254371643
4,8,0.625747799873352
4,9,0.672049880027771
4,10,0.6835576295852661
4,11,0.6432256698608398
4,12,0.7120380997657776
4,13,0.6965687870979309
4,14,0.6805379986763
4,15,0.6842731237411499
4,16,0.704071581363678
4,17,0.690794825553894
4,18,0.6666527986526489
4,19,0.6860991716384888
5,0,0.6587454676628113
5,1,0.6941686272621155
5,2,0.6875160932540894
5,3,0.6478263139724731
5,4,0.6573718190193176
5,5,0.6927964687347412
5,6,0.690880298614502
5,7,0.654560387134552
5,8,0.6351543664932251
5,9,0.6589360237121582
5,10,0.6438038945198059
5,11,0.7012244462966919
5,12,0.6558752059936523
5,13,0.6424038410186768
5,14,0.6811465620994568
5,15,0.6150152683258057
5,16,0.6758520007133484
5,17,0.6334512829780579
5,18,0.6637076139450073
5,19,0.6365956664085388
6,0,0.7175820469856262
6,1,0.6762197017669678
6,2,0.682844340801239
6,3,0.6573576927185059
6,4,0.670592188835144
6,5,0.671211838722229
6,6,0.6550471782684326
6,7,0.6721917390823364
6,8,0.6977313756942749
6,9,0.6654002070426941
6,10,0.675513505935669
6,11,0.7005899548530579
6,12,0.623953104019165
6,13,0.6385209560394287
6,14,0.6836643218994141
6,15,0.6357561349868774
6,16,0.6452040076255798
6,17,0.676805317401886
6,18,0.6746031045913696
6,19,0.6610383987426758
7,0,0.6581360101699829
7,1,0.6444339752197266
7,2,0.6757583022117615
7,3,0.6316367983818054
7,4,0.6366404891014099
7,5,0.7143966555595398
7,6,0.6671645641326904
7,7,0.652351438999176
7,8,0.6207535862922668
7,9,0.6580456495285034
7,10,0.6564727425575256
7,11,0.657920777797699
7,12,0.6676591634750366
7,13,0.638041615486145
7,14,0.665637731552124
7,15,0.7018256187438965
7,16,0.6601494550704956
7,17,0.6599825620651245
7,18,0.6454497575759888
7,19,0.6702359914779663
8,0,0.7003680467605591
8,1,0.6959143280982971
8,2,0.6524429321289062
8,3,0.6498945355415344
8,4,0.679185688495636
8,5,0.6616494655609131
8,6,0.6830991506576538
8,7,0.6784781217575073
8,8,0.6684045195579529
8,9,0.668627917766571
8,10,0.6452503800392151
8,11,0.6468559503555298
8,12,0.681699812412262
8,13,0.6386762261390686
8,14,0.696626603603363
8,15,0.7212552428245544
8,16,0.6972537636756897
8,17,0.6379480361938477
8,18,0.6714321374893188
8,19,0.6413882970809937
9,0,0.6639899015426636
9,1,0.674874484539032
9,2,0.6710391044616699
9,3,0.6066461801528931
9,4,0.6296751499176025
9,5,0.682327151298523
9,6,0.7006911635398865
9,7,0.6453031897544861
9,8,0.6449006795883179
9,9,0.6868126392364502
9,10,0.7130793333053589
9,11,0.6642608642578125
9,12,0.6650252342224121
9,13,0.6547930836677551
9,14,0.6470484137535095
9,15,0.6617186665534973
9,16,0.6552983522415161
9,17,0.6518982648849487
9,18,0.6532689929008484
9,19,0.6227541565895081
10,0,0.6600726842880249
10,1,0.6944227814674377
10,2,0.6263478994369507
10,3,0.6985690593719482
10,4,0.689158022403717
10,5,0.6579797863960266
10,6,0.6712909936904907
10,7,0.6576055884361267
10,8,0.7097078561782837
10,9,0.6466013193130493
10,10,0.6700392961502075
10,11,0.6420348882675171
10,12,0.6497315764427185
10,13,0.6611756086349487
10,14,0.6632702350616455
10,15,0.7026054859161377
10,16,0.629007875919342
10,17,0.6319625973701477
10,18,0.7020675539970398
10,19,0.681207537651062
11,0,0.6530619263648987
11,1,0.665148138999939
11,2,0.6582082509994507
11,3,0.6596075296401978
11,4,0.6845017075538635
11,5,0.6427477598190308
11,6,0.6523287892341614
11,7,0.6637979745864868
11,8,0.6661414504051208
11,9,0.6597036123275757
11,10,0.6205617189407349
11,11,0.6347496509552002
11,12,0.699908971786499
11,13,0.6101758480072021
11,14,0.6911633610725403
11,15,0.7281703352928162
11,16,0.6440757513046265
11,17,0.7011165022850037
11,18,0.6517109870910645
11,19,0.6553822755813599
12,0,0.6624795198440552
12,1,0.6178579926490784
12,2,0.6795574426651001
12,3,0.6555765867233276
12,4,0.6739898324012756
12,5,0.7085374593734741
12,6,0.6725751757621765
12,7,0.6955527067184448
12,8,0.6726995706558228
12,9,0.6237303614616394
12,10,0.667849063873291
12,11,0.6594245433807373
12,12,0.6361111402511597
12,13,0.6422938704490662
12,14,0.638274073600769
12,15,0.6394674181938171
12,16,0.6961960196495056
12,17,0.6558148860931396
12,18,0.6350430846214294
12,19,0.6129972338676453
13,0,0.6629228591918945
13,1,0.6770797967910767
13,2,0.6819041967391968
13,3,0.6243019104003906
13,4,0.6698469519615173
13,5,0.6260918378829956
13,6,0.7419711351394653
13,7,0.7249668836593628
13,8,0.6647526025772095
13,9,0.6632031798362732
13,10,0.6365677714347839
13,11,0.6992373466491699
13,12,0.6657431721687317
13,13,0.6749058365821838
13,14,0.6409114599227905
13,15,0.6681559085845947
13,16,0.6871989965438843
13,17,0.6288432478904724
13,18,0.6772883534431458
13,19,0.6351273655891418
14,0,0.6669253706932068
14,1,0.6671254634857178
14,2,0.6885203719139099
14,3,0.6739276051521301
14,4,0.6139432191848755
14,5,0.641994059085846
14,6,0.6718675494194031
14,7,0.6702522039413452
14,8,0.7004193663597107
14,9,0.6981372833251953
14,10,0.6700178384780884
14,11,0.6428964734077454
14,12,0.6346431374549866
14,13,0.6369408369064331
14,14,0.660932719707489
14,15,0.6646458506584167
14,16,0.6587849259376526
14,17,0.6731695532798767
14,18,0.6672791242599487
14,19,0.6430916786193848
15,0,0.6566903591156006
15,1,0.6381163001060486
15,2,0.6649545431137085
15,3,0.6200755834579468
15,4,0.6853320598602295
15,5,0.6337116360664368
15,6,0.6436288356781006
15,7,0.6959537267684937
15,8,0.663512110710144
15,9,0.6808711886405945
15,10,0.674869179725647
15,11,0.6796913743019104
15,12,0.6416221261024475
15,13,0.6551083326339722
15,14,0.6755605936050415
15,15,0.6865533590316772
15,16,0.6531067490577698
15,17,0.6413799524307251
15,18,0.6575400233268738
15,19,0.6555324792861938
16,0,0.6477972865104675
16,1,0.6854077577590942
16,2,0.6342810392379761
16,3,0.613482654094696
16,4,0.6285080909729004
16,5,0.6451972723007202
16,6,0.6711035966873169
16,7,0.6334229707717896
16,8,0.6765507459640503
16,9,0.6335851550102234
16,10,0.626261830329895
16,11,0.6696532964706421
16,12,0.6385912299156189
16,13,0.6642595529556274
16,14,0.6571415066719055
16,15,0.6204186081886292
16,16,0.6607510447502136
16,17,0.6254230737686157
16,18,0.653495728969574
16,19,0.660320520401001
17,0,0.6476860046386719
17,1,0.6416354179382324
17,2,0.6855865716934204
17,3,0.6910930871963501
17,4,0.634910523891449
17,5,0.6680372357368469
17,6,0.6575191617012024
17,7,0.6526392698287964
17,8,0.6800756454467773
17,9,0.6482445001602173
17,10,0.689932644367218
17,11,0.6545699834823608
17,12,0.6657501459121704
17,13,0.6672603487968445
17,14,0.6559828519821167
17,15,0.6500994563102722
17,16,0.638676106929779
17,17,0.6751312017440796
17,18,0.6654503345489502
17,19,0.6744043231010437
18,0,0.6682989597320557
18,1,0.6660794019699097
18,2,0.6637120246887207
18,3,0.648828387260437
18,4,0.6505931615829468
18,5,0.6452509164810181
18,6,0.6421442627906799
18,7,0.6637030243873596
18,8,0.6731312274932861
18,9,0.7185758948326111
18,10,0.6571101546287537
18,11,0.6525377035140991
18,12,0.6800554394721985
18,13,0.6464201211929321
18,14,0.6420248746871948
18,15,0.6343193054199219
18,16,0.6346498131752014
18,17,0.6682305335998535
18,18,0.6476484537124634
18,19,0.6900068521499634
19,0,0.637130081653595
19,1,0.6671873331069946
19,2,0.6423841118812561
19,3,0.6388212442398071
19,4,0.5991238355636597
19,5,0.6749693751335144
19,6,0.6481184959411621
19,7,0.639717161655426
19,8,0.6704277992248535
19,9,0.6909240484237671
19,10,0.6629069447517395
19,11,0.6718081831932068
19,12,0.6892122030258179
19,13,0.680905282497406
19,14,0.6175357699394226
19,15,0.6157983541488647
19,16,0.6580299735069275
19,17,0.6729387044906616
19,18,0.6255108118057251
19,19,0.6231765747070312