y_true: [-0.09306899 -0.27258253  0.16008958 -0.21116664  0.43398401 -0.47863573
  0.13426128  0.4431476   0.03394356 -0.66466618 -0.90634233 -0.45854884
  0.14801385 -0.60822886 -0.3242591  -0.41356704  0.07069704 -0.14115196
  0.10566022 -0.31720424  0.31918573  0.12998202  0.18358937 -0.52108032
  0.14270498 -0.47245744  1.         -0.2601712   0.28752375 -0.50259739
 -0.25498039 -0.44466028 -0.36699945 -0.20722339  0.19620712  0.28771925
  0.10925925  0.18319859  0.14105712  0.08759619 -0.5333789  -0.27776584
  0.35615945  0.71544284  0.10306858 -0.28524476  0.41363949 -0.27164999
 -0.78121418 -0.14312677 -0.13701206  0.28922158 -0.16102125  0.03250793
 -0.17595549 -0.22449546 -0.36383826 -0.44776741 -0.5605303  -0.36122587
 -0.92949069 -0.2962257  -0.30238786  0.31293711 -0.5221343  -0.51151502
 -0.04999832 -0.57095283 -0.15971498 -0.41722029 -0.30357891  0.41096601
 -0.89337683 -0.11942037  0.07071843 -0.6897741  -0.21217309 -0.16200756
 -0.24971506 -0.62025106  0.52128953 -0.12497903 -1.         -0.48076969
  0.53718424  0.1669915   0.20092726 -0.25984648 -0.06745447 -0.49520519
 -0.58735007  0.4650262  -0.58803445 -0.02626549  0.4374218  -0.15792395
 -0.15446329  0.09326684 -0.38089329 -0.714634  ]
y_pred: [0.37597656 0.421875   0.2109375  0.33984375 0.42578125 0.29199219
 0.13476562 0.48339844 0.18066406 0.35839844 0.15039062 0.22558594
 0.4921875  0.16113281 0.2265625  0.21875    0.21386719 0.39941406
 0.421875   0.30664062 0.47363281 0.40527344 0.13671875 0.13964844
 0.26855469 0.25683594 0.37304688 0.30859375 0.52441406 0.10742188
 0.27539062 0.09082031 0.03027344 0.33300781 0.43554688 0.41308594
 0.2578125  0.32910156 0.27832031 0.3046875  0.26171875 0.2734375
 0.41992188 0.52148438 0.51367188 0.35839844 0.41113281 0.14746094
 0.29199219 0.12988281 0.45410156 0.28515625 0.3203125  0.33886719
 0.1875     0.39257812 0.18847656 0.36230469 0.36230469 0.35058594
 0.31835938 0.32714844 0.27539062 0.4140625  0.46386719 0.37011719
 0.28027344 0.32617188 0.26953125 0.42480469 0.20800781 0.44628906
 0.21582031 0.39257812 0.38378906 0.3125     0.203125   0.34765625
 0.41503906 0.36230469 0.36328125 0.22753906 0.22949219 0.15234375
 0.4375     0.49511719 0.38574219 0.26757812 0.35449219 0.28417969
 0.25878906 0.39453125 0.32128906 0.24707031 0.48828125 0.23828125
 0.34667969 0.32617188 0.23632812 0.14550781]
num_samples: 100
mae: 0.4869902168028057
mse: 0.33402681267625467
rmse: 0.5779505278795536
r-squared: -1.262008615461593
adj r-squared: -1.4608665157219525
best_epoch: 29
