y_true: [-0.09306899 -0.27258253  0.16008958 -0.21116664  0.43398401 -0.47863573
  0.13426128  0.4431476   0.03394356 -0.66466618 -0.90634233 -0.45854884
  0.14801385 -0.60822886 -0.3242591  -0.41356704  0.07069704 -0.14115196
  0.10566022 -0.31720424  0.31918573  0.12998202  0.18358937 -0.52108032
  0.14270498 -0.47245744  1.         -0.2601712   0.28752375 -0.50259739
 -0.25498039 -0.44466028 -0.36699945 -0.20722339  0.19620712  0.28771925
  0.10925925  0.18319859  0.14105712  0.08759619 -0.5333789  -0.27776584
  0.35615945  0.71544284  0.10306858 -0.28524476  0.41363949 -0.27164999
 -0.78121418 -0.14312677 -0.13701206  0.28922158 -0.16102125  0.03250793
 -0.17595549 -0.22449546 -0.36383826 -0.44776741 -0.5605303  -0.36122587
 -0.92949069 -0.2962257  -0.30238786  0.31293711 -0.5221343  -0.51151502
 -0.04999832 -0.57095283 -0.15971498 -0.41722029 -0.30357891  0.41096601
 -0.89337683 -0.11942037  0.07071843 -0.6897741  -0.21217309 -0.16200756
 -0.24971506 -0.62025106  0.52128953 -0.12497903 -1.         -0.48076969
  0.53718424  0.1669915   0.20092726 -0.25984648 -0.06745447 -0.49520519
 -0.58735007  0.4650262  -0.58803445 -0.02626549  0.4374218  -0.15792395
 -0.15446329  0.09326684 -0.38089329 -0.714634  ]
y_pred: [0.41601562 0.43847656 0.2109375  0.31347656 0.42285156 0.29101562
 0.14941406 0.47167969 0.20996094 0.34277344 0.16113281 0.22070312
 0.45996094 0.140625   0.26660156 0.22753906 0.19335938 0.41699219
 0.421875   0.296875   0.48046875 0.40332031 0.13769531 0.125
 0.30175781 0.2734375  0.3828125  0.31445312 0.50390625 0.12109375
 0.30175781 0.09570312 0.02929688 0.30664062 0.42480469 0.38574219
 0.27246094 0.3359375  0.296875   0.32226562 0.26464844 0.26074219
 0.3984375  0.53515625 0.51367188 0.39257812 0.41601562 0.12988281
 0.25390625 0.12304688 0.47753906 0.28320312 0.32324219 0.328125
 0.18945312 0.390625   0.16015625 0.34472656 0.34863281 0.33984375
 0.32421875 0.31347656 0.26660156 0.42285156 0.46582031 0.34765625
 0.2734375  0.34570312 0.24121094 0.44433594 0.23535156 0.43554688
 0.24121094 0.39550781 0.37890625 0.31445312 0.2109375  0.34277344
 0.41015625 0.3515625  0.38183594 0.20019531 0.25683594 0.17382812
 0.38476562 0.51074219 0.41992188 0.2578125  0.3671875  0.27929688
 0.27539062 0.41601562 0.30761719 0.24121094 0.50488281 0.24804688
 0.33691406 0.32714844 0.23144531 0.17871094]
num_samples: 100
mae: 0.48792641146108506
mse: 0.3353332517683319
rmse: 0.5790796592597014
r-squared: -1.2708557390148711
adj r-squared: -1.4704914083788156
