y_true: [-0.09306899 -0.27258253  0.16008958 -0.21116664  0.43398401 -0.47863573
  0.13426128  0.4431476   0.03394356 -0.66466618 -0.90634233 -0.45854884
  0.14801385 -0.60822886 -0.3242591  -0.41356704  0.07069704 -0.14115196
  0.10566022 -0.31720424  0.31918573  0.12998202  0.18358937 -0.52108032
  0.14270498 -0.47245744  1.         -0.2601712   0.28752375 -0.50259739
 -0.25498039 -0.44466028 -0.36699945 -0.20722339  0.19620712  0.28771925
  0.10925925  0.18319859  0.14105712  0.08759619 -0.5333789  -0.27776584
  0.35615945  0.71544284  0.10306858 -0.28524476  0.41363949 -0.27164999
 -0.78121418 -0.14312677 -0.13701206  0.28922158 -0.16102125  0.03250793
 -0.17595549 -0.22449546 -0.36383826 -0.44776741 -0.5605303  -0.36122587
 -0.92949069 -0.2962257  -0.30238786  0.31293711 -0.5221343  -0.51151502
 -0.04999832 -0.57095283 -0.15971498 -0.41722029 -0.30357891  0.41096601
 -0.89337683 -0.11942037  0.07071843 -0.6897741  -0.21217309 -0.16200756
 -0.24971506 -0.62025106  0.52128953 -0.12497903 -1.         -0.48076969
  0.53718424  0.1669915   0.20092726 -0.25984648 -0.06745447 -0.49520519
 -0.58735007  0.4650262  -0.58803445 -0.02626549  0.4374218  -0.15792395
 -0.15446329  0.09326684 -0.38089329 -0.714634  ]
y_pred: [-0.2063788  -0.35762191 -0.06678012 -0.36163148  0.09091789 -0.6370334
 -0.02955541  0.11766033 -0.06184804 -0.48130298 -0.72916836 -0.37966102
  0.18147528 -0.72168392 -0.51309007 -0.54378349 -0.1649096   0.03921787
  0.23748961 -0.39019659  0.09160587 -0.17472877 -0.02031452 -0.64952636
 -0.11068216 -0.46600008  0.47347653 -0.29406118  0.17685577 -0.63944429
 -0.34177545 -0.59496379 -0.63628316 -0.46319461  0.17348215  0.14561297
 -0.06211852  0.12034889 -0.0961329  -0.13048157 -0.59669554 -0.34192917
 -0.08202255  0.36408657  0.09437232 -0.32032552  0.31443357 -0.40882957
 -0.62916797 -0.51034522 -0.319143    0.37169299 -0.40043145 -0.41445801
 -0.31410071 -0.32024637 -0.45675832 -0.28500473 -0.4318988  -0.38648942
 -0.71717823 -0.32743031 -0.64289612 -0.12409174 -0.46950835 -0.46762595
  0.12217693 -0.22213399 -0.36436319 -0.29667163 -0.57040375  0.44003788
 -0.68651438 -0.30562836  0.09580697 -0.64932054 -0.42458308 -0.40730038
 -0.30355188 -0.29789692  0.08280105 -0.44231105 -0.68370354 -0.6593287
  0.13068207  0.0139957   0.21756241 -0.46611288  0.11562221 -0.39199436
 -0.50712794 -0.05808225 -0.43353572 -0.42712516  0.2003206  -0.27158666
 -0.49669275 -0.38697278 -0.60891294 -0.67668301]
num_samples: 100
mae: 0.18517840213142336
mse: 0.04983763218163558
rmse: 0.22324343704045496
r-squared: 0.6625026821474693
adj r-squared: 0.6328325882703238
