y_true: [-0.09306899 -0.27258253  0.16008958 -0.21116664  0.43398401 -0.47863573
  0.13426128  0.4431476   0.03394356 -0.66466618 -0.90634233 -0.45854884
  0.14801385 -0.60822886 -0.3242591  -0.41356704  0.07069704 -0.14115196
  0.10566022 -0.31720424  0.31918573  0.12998202  0.18358937 -0.52108032
  0.14270498 -0.47245744  1.         -0.2601712   0.28752375 -0.50259739
 -0.25498039 -0.44466028 -0.36699945 -0.20722339  0.19620712  0.28771925
  0.10925925  0.18319859  0.14105712  0.08759619 -0.5333789  -0.27776584
  0.35615945  0.71544284  0.10306858 -0.28524476  0.41363949 -0.27164999
 -0.78121418 -0.14312677 -0.13701206  0.28922158 -0.16102125  0.03250793
 -0.17595549 -0.22449546 -0.36383826 -0.44776741 -0.5605303  -0.36122587
 -0.92949069 -0.2962257  -0.30238786  0.31293711 -0.5221343  -0.51151502
 -0.04999832 -0.57095283 -0.15971498 -0.41722029 -0.30357891  0.41096601
 -0.89337683 -0.11942037  0.07071843 -0.6897741  -0.21217309 -0.16200756
 -0.24971506 -0.62025106  0.52128953 -0.12497903 -1.         -0.48076969
  0.53718424  0.1669915   0.20092726 -0.25984648 -0.06745447 -0.49520519
 -0.58735007  0.4650262  -0.58803445 -0.02626549  0.4374218  -0.15792395
 -0.15446329  0.09326684 -0.38089329 -0.714634  ]
y_pred: [ 0.00839714 -0.21935946  0.07717654 -0.23101355  0.25132462 -0.50694406
  0.16620712  0.24893162  0.14114454 -0.34995127 -0.64978313 -0.23121424
  0.3347671  -0.6414758  -0.34711888 -0.46319428  0.0389351   0.18893924
  0.33672598 -0.17578189  0.22623873  0.02131902  0.1922849  -0.52046543
  0.04571116 -0.35747087  0.52942848 -0.10077096  0.32367259 -0.52797192
 -0.1893989  -0.50132328 -0.50196147 -0.33854717  0.32381624  0.21134274
  0.13884802  0.23401089  0.04877925  0.04934046 -0.48500264 -0.18790166
  0.07777562  0.48911119  0.24949141 -0.13905479  0.43223947 -0.33443204
 -0.5169487  -0.29960003 -0.10311524  0.41530314 -0.27813351 -0.33168039
 -0.16412777 -0.11111074 -0.29589432 -0.08822043 -0.29595298 -0.22338025
 -0.6455797  -0.27399477 -0.56166404  0.00911121 -0.39686817 -0.33894017
  0.28528774 -0.11001288 -0.27976844 -0.10117612 -0.45943609  0.51024002
 -0.60768497 -0.13508011  0.19491263 -0.49668178 -0.25001687 -0.32183328
 -0.05803434 -0.11913572  0.22588798 -0.27451783 -0.59590155 -0.55939746
  0.22142981  0.17107156  0.31389266 -0.35423833  0.27482545 -0.30114198
 -0.3640283   0.12600411 -0.37342244 -0.27907979  0.3479737  -0.05168997
 -0.30445021 -0.22005554 -0.48606652 -0.51393342]
num_samples: 100
mae: 0.15728638463653624
mse: 0.03824214392774933
rmse: 0.1955559866834798
r-squared: 0.741026600992859
adj r-squared: 0.718259708772451
best_epoch: 28
