y_true: [-0.65018821  0.53281015  0.49665552 -0.1984587   0.30947819 -0.24304697
 -0.03290847 -0.09715477 -0.1452079   0.87052011  0.374596   -0.11506206
 -0.32727876  0.2752631   0.21259516  0.17342159 -0.34828225  0.06260063
 -0.0344236   0.13040362  0.9176057  -0.62353426 -0.6736809   0.9054938
  0.20312536  0.21343169  0.1654294  -0.84784466 -0.28151184 -0.26691633
 -0.19216131 -0.53667438 -0.11245651  0.38323104 -0.12755869 -0.35350382
  0.33923489 -0.74991912  0.44715691 -0.39361614  0.03660766  0.36901128
  0.51410341 -0.34599361 -0.8176707   0.59257859  0.11401354  0.83219773
 -0.7777136  -0.78979379 -0.12351869 -0.01369487  0.13337448 -0.00933307
  0.42925584 -0.42058    -0.60312909  0.55884045 -0.13076673  0.22588012
  0.01613788  0.10222853  0.37742126 -0.65572703 -0.26911494  0.10164671
 -0.1739611   0.42433637 -0.29183999  0.21348637  0.49122152  0.15828159
 -0.85824412 -0.45555675  0.21682617 -0.29688942 -0.31875274 -0.68433672
  0.27176446 -0.15195391 -0.60094184  0.36716241  0.01092578 -0.04855493
  1.          0.05589242 -0.09750014  0.06800747 -0.32690504  0.3710416
  0.37066382 -0.24479263 -0.23817019 -1.         -0.73131692 -0.76803148
 -0.35190848 -0.11656986 -0.3688519   0.19657342]
y_pred: [-0.43911552  0.29345411  0.24639572 -0.21810482  0.42992511 -0.18293746
 -0.11439119 -0.38381624 -0.21525696  0.64730722  0.19876868 -0.10778064
 -0.51564163  0.22469702  0.17419781  0.2563321  -0.41290498  0.08363307
  0.12270674  0.0277014   0.5444774  -0.58690786 -0.64291     0.60399592
  0.25426367  0.22922656  0.0804441  -0.71250284 -0.29522717 -0.39358523
 -0.09232733 -0.44488171 -0.0899874   0.43654463 -0.28517616 -0.41313481
  0.39511806 -0.67199975  0.3195788  -0.52628219 -0.0079965   0.44906983
  0.61824274 -0.15057619 -0.32615042  0.59877789 -0.08974209  0.73236424
 -0.63273692 -0.62789565 -0.16109622 -0.02464629  0.20457602 -0.00722079
  0.51769269 -0.59366775 -0.73068833  0.46388867 -0.04797338  0.15618174
  0.07841595  0.14201008  0.3543179  -0.62863141 -0.29044375  0.18579039
 -0.41099623  0.41356763 -0.23989363  0.30832481  0.56982023  0.26262701
 -0.66751575 -0.52408516  0.26779407 -0.27121171 -0.48093215 -0.57819384
  0.24255022 -0.42948008 -0.64243335  0.5517447   0.09189708 -0.03163945
  0.76167601  0.14405079  0.0031939   0.09116726 -0.34905523  0.49838805
  0.26061252 -0.36974573 -0.37423307 -0.73120737 -0.5845173  -0.68321067
 -0.31999564 -0.18920307 -0.451031    0.24897717]
num_samples: 100
mae: 0.10570907663786784
mse: 0.018498689678744552
rmse: 0.13600988816532625
r-squared: 0.9050973787239358
adj r-squared: 0.9011014788807331
