y_true: [-0.65018821  0.53281015  0.49665552 -0.1984587   0.30947819 -0.24304697
 -0.03290847 -0.09715477 -0.1452079   0.87052011  0.374596   -0.11506206
 -0.32727876  0.2752631   0.21259516  0.17342159 -0.34828225  0.06260063
 -0.0344236   0.13040362  0.9176057  -0.62353426 -0.6736809   0.9054938
  0.20312536  0.21343169  0.1654294  -0.84784466 -0.28151184 -0.26691633
 -0.19216131 -0.53667438 -0.11245651  0.38323104 -0.12755869 -0.35350382
  0.33923489 -0.74991912  0.44715691 -0.39361614  0.03660766  0.36901128
  0.51410341 -0.34599361 -0.8176707   0.59257859  0.11401354  0.83219773
 -0.7777136  -0.78979379 -0.12351869 -0.01369487  0.13337448 -0.00933307
  0.42925584 -0.42058    -0.60312909  0.55884045 -0.13076673  0.22588012
  0.01613788  0.10222853  0.37742126 -0.65572703 -0.26911494  0.10164671
 -0.1739611   0.42433637 -0.29183999  0.21348637  0.49122152  0.15828159
 -0.85824412 -0.45555675  0.21682617 -0.29688942 -0.31875274 -0.68433672
  0.27176446 -0.15195391 -0.60094184  0.36716241  0.01092578 -0.04855493
  1.          0.05589242 -0.09750014  0.06800747 -0.32690504  0.3710416
  0.37066382 -0.24479263 -0.23817019 -1.         -0.73131692 -0.76803148
 -0.35190848 -0.11656986 -0.3688519   0.19657342]
y_pred: [-0.45156589  0.24582186  0.14825675 -0.25407863  0.26834023 -0.3133328
 -0.19442673 -0.44303301 -0.32915825  0.60075951  0.14125836 -0.2029116
 -0.64317912  0.10829104  0.10416619  0.21257868 -0.47604349 -0.03382181
  0.04039728 -0.06952783  0.50815243 -0.65564191 -0.5662412   0.61007357
  0.19990014  0.1900049  -0.11758503 -0.74386102 -0.34392715 -0.33746639
 -0.26795375 -0.58173209 -0.2107055   0.44912693 -0.3983815  -0.55207843
  0.38272044 -0.71730524  0.22040668 -0.53865027  0.08811523  0.40525663
  0.57125461 -0.28618306 -0.42437631  0.54770809 -0.16616769  0.68787801
 -0.68990529 -0.68158937 -0.31512189 -0.00863821  0.04122721 -0.04859378
  0.53108394 -0.64146686 -0.75313276  0.43498623 -0.13586572  0.12033246
 -0.05941049  0.06796762  0.33264562 -0.66368204 -0.4056724   0.04557411
 -0.57098991  0.36632225 -0.28843626  0.26145929  0.53490746  0.2473806
 -0.67849523 -0.5788182   0.19453603 -0.3572022  -0.51377279 -0.60370737
  0.28413734 -0.43883616 -0.71590483  0.50314575 -0.04981046 -0.04482834
  0.70247424  0.03482475  0.01565992  0.10414098 -0.41691944  0.38931239
  0.26825985 -0.44478706 -0.37887964 -0.77295697 -0.62356615 -0.74079502
 -0.31677592 -0.16809812 -0.5287202   0.13220699]
num_samples: 100
mae: 0.12267242611385881
mse: 0.02495772654004692
rmse: 0.15798014603122418
r-squared: 0.871961003137256
adj r-squared: 0.8665698874798773
best_epoch: 28
